"","cell_type","genes","estimate","se","pval","ci.lb","ci.ub","k","tau2","I2","padj"
"1","Lamp5","ITGB5",0.0620250768526614,0.0862054965457039,0.471831315444951,-0.10693459164631,0.230984745351633,7,0.0294058979326789,64.0270378936546,0.805854730251114
"2","Lamp5","MBP",0.0777289868342388,0.0810258553199485,0.337402141875369,-0.0810787714094133,0.236536745077891,7,0.0285889585854409,71.7524919335672,0.718581654119746
"3","Lamp5","SYNDIG1",0.0955081240332415,0.108045078136971,0.376714824345608,-0.116256337822039,0.307272585888522,7,0.0520802287770367,71.5832499670994,0.747783726276089
"4","Lamp5","INPP4B",-0.0824652544835779,0.0753230136536424,0.273594847104178,-0.230095648451736,0.0651651394845799,7,0.0164985613326847,44.9964428137125,0.663094639165792
"5","Lamp5","KIRREL3",0.0613727796520698,0.0836806303653947,0.463304259292513,-0.102638242067713,0.225383801371852,7,0.0286015738194078,63.1436345189519,0.800197114949866
"6","Lamp5","RELN",-0.137476872910652,0.115122403996322,0.232407563040398,-0.363112638557113,0.0881588927358079,7,0.0420799776975949,47.937486924439,0.623315103476142
"7","Lamp5","RAPGEF1",-0.0218839875586851,0.0619426901139193,0.723867960932676,-0.143289429287492,0.099521454170122,7,0.01687879692332,73.7036593160774,0.916541762286275
"8","Lamp5","SAMD5",-0.186737160151107,0.126667689280953,0.140419988300231,-0.435001269146684,0.0615269488444705,7,0.0636182069766485,63.1176846412594,0.515750196585522
"9","Lamp5","LUC7L",-0.108247509372719,0.0343598386999679,0.00163042619412946,-0.175591555739262,-0.0409034630061765,7,0.000101032893023718,1.1333786593616,0.0709709000283925
"10","Lamp5","CDH9",-0.0642474964372739,0.121861322828136,0.59804213307138,-0.303091300288828,0.174596307414281,7,0.0559037890692113,59.7030443780488,0.866478626103989
"11","Lamp5","RBFOX3",-0.0512137547312473,0.0669514942371767,0.444308352296538,-0.182436272147255,0.08000876268476,7,0.0151257749537557,55.8970855103078,0.789850772988927
"12","Lamp5","PODXL2",0.00496707947520727,0.0298390814541921,0.867793219420843,-0.0535164455067664,0.0634506044571809,7,6.56749820376634e-07,0.00833189240940181,0.967279253523521
"13","Lamp5","DENND2A",-0.0134674134348044,0.0957183826710019,0.888108290498494,-0.201071996128391,0.174137169258782,7,0.0379469788880824,72.6665256215873,0.974214552015364
"14","Lamp5","ATP1B2",-0.00353124731060424,0.0924063995194019,0.969516807070338,-0.184644462309651,0.177581967688443,7,0.0322864569422457,66.4118417716811,0.995855798622175
"15","Lamp5","SLC5A4-AS1",0.0437461757854257,0.224176172431133,0.845281821220336,-0.395631048371636,0.483123399942488,5,0.20135083172879,86.6638672599701,0.959421815061179
"16","Lamp5","TUBB",-0.030576644286125,0.0970216258988827,0.752645584373067,-0.220735536769454,0.159582248197204,7,0.0253712099859406,45.5099458133042,0.926398573849064
"17","Lamp5","CDH4",0.108967456186179,0.0991668911363849,0.271842658707694,-0.0853960788999398,0.303330991272298,7,0.0365985281862968,59.3067141947843,0.661223251865873
"18","Lamp5","SH3RF3",-0.0139524374464967,0.0360229413583292,0.698518667517871,-0.0845561051260204,0.0566512302330269,7,1.83719785311247e-06,0.0182366427386663,0.906391554342484
"19","Lamp5","MYRFL",0.149383024087806,0.0986619925677534,0.130003303077529,-0.0439909279879493,0.342756976163561,7,0.0130699762971156,19.4668310026052,0.496236674594373
"20","Lamp5","ROBO1",-0.0498844441193873,0.0920356352855219,0.587810049355683,-0.230270974573274,0.130502086334499,7,0.0213905731712202,38.1631104266055,0.861261992188755
"21","Lamp5","DNMT3A",-0.0618316457549256,0.0826761617049768,0.454534016424154,-0.22387394507669,0.100210653566839,7,0.0307184649841336,74.0911369764603,0.796305590023421
"22","Lamp5","GALNT18",0.0163765555376645,0.0304631614688536,0.590863205580319,-0.0433301437965169,0.0760832548718459,7,5.50580160618727e-06,0.0741322743870456,0.863156760231449
"23","Lamp5","PIANP",-0.00920704461219784,0.0430642761955763,0.830704793098708,-0.093611474975813,0.0751973857514174,7,0,0,0.9557195814756
"24","Lamp5","SSBP4",-0.0481230494181806,0.0994322276779621,0.628401206059184,-0.243006634569573,0.146760535733212,7,0.0430590399206955,77.6072410267941,0.88191549991279
"25","Lamp5","IRF2BP2",0.0685177753006644,0.114214425783298,0.548569723867444,-0.155338385749523,0.292373936350851,7,0.055011827503682,71.7621414156107,0.844764971297428
"26","Lamp5","CDK5R1",0.0575790355893113,0.0468263271745905,0.218835859359361,-0.0341988792011754,0.149356950379798,7,5.68497398629992e-06,0.0325029333322078,0.608563630437471
"27","Lamp5","BRD1",-0.0516838570787873,0.0773115953614645,0.503805769399577,-0.203211799574591,0.0998440854170169,7,0.0248665219293569,68.8489658585331,0.822278216591144
"28","Lamp5","AGPAT4",-0.0285179043040984,0.029051950126817,0.326288294782708,-0.0854586802333137,0.0284228716251168,6,0.000149388229249114,2.62570639288876,0.709469403146619
"29","Lamp5","PGP",-0.0158873272218882,0.111925369543453,0.887122880182617,-0.235257020483392,0.203482366039615,7,0.0533800169191061,69.1804796193645,0.974011298943957
"30","Lamp5","EPHB2",-0.0729556933082786,0.0715167363575185,0.307671285904908,-0.213125920860861,0.0672145342443039,7,0.0189172096325296,60.4045109920641,0.695800705380247
"31","Lamp5","TAFA5",-0.0614798876363542,0.115963532268911,0.595997047900901,-0.288764234403468,0.16580445913076,5,0.048367770895976,83.8531277894874,0.865749755049829
"32","Lamp5","AJAP1",-0.00344081171826684,0.0312323977322773,0.912276116577378,-0.0646551864243607,0.057773562987827,7,2.44909006302038e-07,0.0031524542681022,0.980543135750783
"33","Lamp5","LINC00354",0.0371706360793724,0.117436337335529,0.751609872455247,-0.193000355574561,0.267341627733306,6,0.0471073318591747,68.1211585067791,0.925975950944022
"34","Lamp5","CEP128",0.0754193751205819,0.0410231547730008,0.0659948446585341,-0.0049845307667121,0.155823281007876,7,2.76299348852484e-06,0.0205406012490355,0.373672580884055
"35","Lamp5","BRI3BP",-0.0277191390098925,0.0318951570932788,0.384808590052911,-0.0902324981939662,0.0347942201741813,7,0,0,0.754115488360726
"36","Lamp5","SRRM3",-0.0306326567553239,0.0303159380651965,0.31228105198684,-0.0900508035206558,0.0287854900100081,7,1.82749478073802e-06,0.0217483364306003,0.698703292929956
"37","Lamp5","ACAP3",-0.0169492465114186,0.0723815531454596,0.814856669849812,-0.158814483821591,0.124915990798754,7,0.0190237403473462,62.2651271281954,0.949422341653732
"38","Lamp5","ZCCHC3",0.0295040841103313,0.167659891919208,0.860312952190745,-0.299103265703194,0.358111433923857,7,0.133153343544762,78.8935207466596,0.964876919745767
"39","Lamp5","WLS",0.0430784219792245,0.0516795815864147,0.404524720391213,-0.0582116966662476,0.144368540624697,7,0.00898800944803857,55.7604154280469,0.766619574934442
"40","Lamp5","GRIN1",-0.021321252025478,0.0299402054636072,0.476385653709749,-0.0800029764238774,0.0373604723729214,7,3.53134961177835e-08,0.000485278166759152,0.808947731010291
"41","Lamp5","PLXNA2",-0.083512148002222,0.0675548786991794,0.216379791693865,-0.215917277232586,0.0488929812281417,7,0.0173296517282706,61.3379092056404,0.607283648398929
"42","Lamp5","ADAM19",0.100044378894161,0.0768846099526925,0.193180549940219,-0.0506466875785266,0.250735445366848,7,0.0207406301746022,57.9213865337632,0.587101955968255
"43","Lamp5","CDO1",-0.0170902636990054,0.0893377236280212,0.848290936683431,-0.19218898447072,0.158008457072709,7,0.0312146224439589,71.8890933640059,0.960210404787944
"44","Lamp5","KIRREL1",-0.0245611397020968,0.093021291420706,0.791750770550668,-0.206879520682085,0.157757241277892,5,0.02997882217892,79.6716247747203,0.940727175936594
"45","Lamp5","EPS15",0.0125953444880944,0.0293696643448924,0.668028326847039,-0.0449681398659248,0.0701588288421135,7,7.81192442031337e-07,0.0111585819316677,0.897383922366512
"46","Lamp5","ENO2",-0.00161752109016239,0.0614715187510239,0.979007413297191,-0.122099483917148,0.118864441736823,7,0.00674975906636547,28.2026326069735,0.997093441046833
"47","Lamp5","PCDH15",-0.0095806249051168,0.0475353769012044,0.840270680406272,-0.102748251623015,0.083587001812781,7,7.81314683351022e-08,0.000460942138913876,0.958356578693386
"48","Lamp5","PACRG",0.0312134309353821,0.044677284155175,0.484775736220509,-0.0563524369358229,0.118779298806587,7,1.05909222631879e-06,0.0069586182349225,0.813213789797325
"49","Lamp5","KLHL22",-0.0177122990320289,0.0499949962599677,0.723127979173969,-0.11570069110878,0.0802760930447226,7,0.00543733972450844,33.7701109330244,0.916259482315301
"50","Lamp5","APH1B",-0.0932341120763144,0.066798989357675,0.162792395349382,-0.224157725421032,0.0376895012684029,7,0.0155300274358699,57.6901880382799,0.548792906711381
"51","Lamp5","NCDN",0.0436955149267927,0.0821416712260529,0.594758493338559,-0.117299202306201,0.204690232159786,7,0.0186042762206958,46.3327704410514,0.865188763147527
"52","Lamp5","TIAL1",-0.0332743331506418,0.0309687123336981,0.282621040379863,-0.0939718939722714,0.0274232276709877,7,0.0011645089390109,17.6781488566044,0.67224361889791
"53","Lamp5","GALNTL6",-0.0605113517216189,0.0899769096804177,0.501252143275101,-0.236862854135451,0.115840150692213,7,0.0212041728227798,39.5486964442496,0.821950780659244
"54","Lamp5","CDH12",0.129430356306888,0.0696264717634052,0.0630378365449789,-0.0070350207199813,0.265895733333757,7,0.00474794700170787,13.8566729308813,0.368689721554834
"55","Lamp5","ARRDC3",0.0748670097887266,0.131624128806044,0.56949597237433,-0.183111542167581,0.332845561745035,7,0.0773325632853396,75.2007092450112,0.854305011385355
"56","Lamp5","SUPT5H",-0.111067663389845,0.0519571043884661,0.0325427230732837,-0.212901716732226,-0.00923361004746331,7,0.0077529672599798,50.8461707996073,0.280792514598413
"57","Lamp5","NUTM2A-AS1",0.0994037467745105,0.0629698580602797,0.11442955199317,-0.0240149071352369,0.222822400684258,7,0.00808444747407666,31.1323476788746,0.470262203534818
"58","Lamp5","ST3GAL1",-0.165415859698218,0.109907094946553,0.132310786286279,-0.380829807438887,0.0499980880424514,7,0.0633339406576909,80.5955305964012,0.50171017030722
"59","Lamp5","HTR1E",0.0617919614414382,0.0976155397963237,0.526724780719426,-0.129530980890793,0.253114903773669,7,0.043773916479058,71.0385802862283,0.83424933613389
"60","Lamp5","PRKRIP1",-0.0601843817679162,0.0591202706982333,0.30867838856528,-0.176057983092712,0.0556892195568796,7,0.012608250964354,58.5942449538649,0.696769507144617
"61","Lamp5","NCAM2",-0.0206336791131081,0.0609391603684546,0.734915046246626,-0.14007223868339,0.0988048804571735,7,0.00371519930012102,14.1631010729692,0.92078041257867
"62","Lamp5","ST8SIA5",-0.0323733329864789,0.0511448694745248,0.526751127782173,-0.13261543515055,0.0678687691775918,7,0.00670889627545538,41.0152120991893,0.83424933613389
"63","Lamp5","ALG6",-0.0627891828908578,0.0781994580943447,0.422011558404044,-0.216057304366323,0.0904789385846069,7,0.0234415831012339,65.2750017400694,0.776339973084618
"64","Lamp5","MIRLET7BHG",0.0359638620397333,0.0984052610129442,0.714762938161778,-0.156906905434901,0.228834629514368,5,0.0261932412197801,56.1739761674773,0.914305209849174
"65","Lamp5","HES4",0.0440167453359859,0.286234495724335,0.877784293204354,-0.516992557416695,0.605026048088667,7,0.495362371618154,94.8968237950184,0.97117424021009
"66","Lamp5","TACR1",0.141242658482499,0.0486393092923555,0.00368570824215248,0.0459113640365784,0.236573952928421,7,2.70841296554834e-07,0.00152735163085421,0.102367773426522
"67","Lamp5","TASOR",0.0649623632849856,0.0302061315026116,0.0315050213912713,0.00575943342758616,0.124165293142385,5,1.21957702777128e-07,0.00229904143033,0.276000158757965
"68","Lamp5","KLHL29",-0.00264890051292728,0.0740630869628986,0.971469372870416,-0.147809883544067,0.142512082518212,7,0.017009591571666,49.6321357365954,0.996403919745943
"69","Lamp5","ARHGAP31",0.0339611728146425,0.0434176958999768,0.434099059918303,-0.0511359474410244,0.119058293070309,7,5.05269950731883e-07,0.00342454357390326,0.783666794640294
"70","Lamp5","PPP2R5B",-0.0362077599256047,0.0531351821031308,0.49560119817208,-0.140350803159718,0.0679352833085089,7,0.00453808428244785,24.6634156107198,0.818518813553364
"71","Lamp5","DNAJC15",-0.000392996814974614,0.107045878732192,0.997070738355988,-0.210199063823513,0.209413070193564,6,0.0531119640152166,84.4470836055165,0.999491564254049
"72","Lamp5","MAP9",0.0256357608624831,0.0324321391610206,0.429269035473136,-0.0379300638347084,0.0892015855596745,7,3.29482749873308e-06,0.0388130666038732,0.781850197262143
"73","Lamp5","NPAS3",0.0460428116204536,0.0836744233658364,0.582140043989836,-0.117956044603742,0.21004166784465,7,0.027436055022552,62.3846674925718,0.858635025416188
"74","Lamp5","ANKRD11",0.00309053156887891,0.0306837670475246,0.919771116068617,-0.0570485467542863,0.0632296098920441,7,0.000539116588892536,7.65584544245062,0.982309092211961
"75","Lamp5","CA2",0.0994253598952163,0.0803198334312401,0.215764970962713,-0.0579986208742705,0.256849340664703,7,0.0197880898241127,49.2733909984807,0.606851666919823
"76","Lamp5","ANKRD30B",-0.0124007859753612,0.0723342802069678,0.863880011665104,-0.154173370028647,0.129371798077924,7,0.013293840440795,40.5298365539509,0.966512624578573
"77","Lamp5","CMTM8",0.0199111967585825,0.0554778953269257,0.719667470640552,-0.0888234800202748,0.12864587353744,7,1.16033496079395e-07,0.00048930837994786,0.915252891469092
"78","Lamp5","TUBA1A",-0.025861154476673,0.0602621883435981,0.66781845850141,-0.143972873259695,0.0922505643063486,7,0,0,0.897383922366512
"79","Lamp5","PITPNM2",-0.0806574290346868,0.0344007515290587,0.019045383173893,-0.148081663072753,-0.0132331949966206,7,0.000786114247840801,9.00899220600401,0.221344739918937
"80","Lamp5","CHMP1A",-0.0659281190289534,0.0594880588346325,0.267750394608696,-0.182522571855033,0.0506663337971262,7,0.00557819597552015,23.6173828211278,0.65698816862739
"81","Lamp5","EXOC3",-0.100012786504838,0.0375842121593491,0.00779015822938698,-0.173676488724475,-0.0263490842852019,7,3.91801774927281e-06,0.0343780842470097,0.147804353592256
"82","Lamp5","LINC00299",-0.0520740149338687,0.119327112457986,0.662548587308122,-0.285950857730681,0.181802827862944,5,0.050753709744532,75.2902462559778,0.894564492963365
"83","Lamp5","EEF2",-0.0146498774493309,0.0539925419071388,0.786136080424333,-0.120473315021093,0.0911735601224308,7,0.00187331778240705,8.55325186051394,0.938571838713851
"84","Lamp5","PMM2",-0.0389909212141766,0.0629063506211165,0.535373086699969,-0.162285102830414,0.0843032604020606,7,0.0116601905100313,51.4806471324283,0.838267412387412
"85","Lamp5","FAM135B",0.0322156891711802,0.0677636353708473,0.634492882831857,-0.100598595617185,0.165029973959545,7,0.0148262977844164,53.920333695561,0.883274563016695
"86","Lamp5","PCYOX1",0.0556212834692667,0.0544644255556659,0.307140453934563,-0.0511270290585013,0.162369595997035,7,0.00658291746247093,36.1052331654417,0.6957260731822
"87","Lamp5","TPM3",-0.096117972980485,0.0313636458628821,0.00217939365856069,-0.157589589295603,-0.0346463566653674,7,9.24660105847108e-07,0.0120418675826871,0.0816161615188604
"88","Lamp5","CS",-0.0631647900324875,0.0379689179885474,0.0961939821264444,-0.137582501821995,0.0112529217570203,6,2.39735288574754e-06,0.0241685511605252,0.441076021281022
"89","Lamp5","APPL1",0.0281275345861827,0.0278622508753817,0.31272471129231,-0.0264814736577849,0.0827365428301504,7,7.70714192856657e-08,0.00123999584974491,0.698925605264866
"90","Lamp5","ADCY1",-0.0357921282208056,0.0312016854492847,0.251331356137277,-0.0969463079583511,0.02536205151674,7,0.000104368292825389,1.37559323912606,0.64193208701728
"91","Lamp5","TENM4",0.00932094489423571,0.0329611677963804,0.777341163690207,-0.0552817568750513,0.0739236466635227,7,3.7224584755161e-07,0.0044396987848368,0.935065277503179
"92","Lamp5","IGIP",0.113154279357272,0.158069141687909,0.474082082923662,-0.196655545418189,0.422964104132733,7,0.133942355705592,88.1419390964315,0.80682334277559
"93","Lamp5","ARHGAP42",-0.0894678400526609,0.0547149005235063,0.102014655602093,-0.196707074496425,0.0177713943911033,7,1.87328896181492e-06,0.00798748840401972,0.452855703914414
"94","Lamp5","STK3",-0.0490968145156852,0.0774753892551333,0.526271061490576,-0.200945787143968,0.102752158112597,7,0.0186884218628215,52.527637507364,0.834153829671438
"95","Lamp5","RIMS3",-0.00836933978769597,0.0345589618577218,0.808644045511933,-0.0761036603719242,0.0593649807965323,7,0,0,0.947362141179829
"96","Lamp5","LSM8",-0.0252633735335533,0.0589406876275139,0.668197120896609,-0.140784998507506,0.0902582514403995,7,0.0080211201807296,39.010551605729,0.897383922366512
"97","Lamp5","TUBB4A",-0.000453123000247708,0.133333430741988,0.997288458355027,-0.26178184518971,0.260875599189215,7,0.0660138293317395,65.2882307578763,0.999491564254049
"98","Lamp5","PFKFB3",-0.0717199990967023,0.049669688699343,0.148756143642723,-0.169070800070731,0.0256308018773261,7,4.48695796052171e-06,0.0223478647935185,0.527805703828836
"99","Lamp5","INTS2",0.00155567899943606,0.05391139301734,0.976979262712625,-0.104108709670934,0.107220067669807,7,0.00773764580508928,44.6124916486497,0.997093441046833
"100","Lamp5","NEMP1",-0.0113737228833193,0.130983867981451,0.930804252379136,-0.268097386682712,0.245349940916073,7,0.0810447971481592,79.5551022978085,0.984877831080086
"101","Lamp5","VPS26A",-0.0441136468254549,0.0486098472331215,0.364140160963591,-0.139387196696367,0.0511599030454573,7,0.00674383953241336,47.6749795980376,0.737658430833555
"102","Lamp5","SLC30A7",0.118614053443488,0.0869628332653056,0.172579332250027,-0.0518299677500731,0.289058074637048,7,0.0353756721705602,77.2679992358078,0.563117247989338
"103","Lamp5","COLQ",-0.0314765257080151,0.0416778262290336,0.450108385823124,-0.11316356407084,0.0502105126548096,7,0.00213881983012404,17.7902113814596,0.793461996765734
"104","Lamp5","CDC25B",-0.179686824517545,0.12015412777649,0.134791973347238,-0.41518458755329,0.0558109385182002,7,0.0753486048136825,85.0263384707316,0.505639024234511
"105","Lamp5","LMAN1",-0.0596969780365873,0.0598991105229145,0.318946347474594,-0.177097077367484,0.0577031212943092,7,0.01022586732853,52.3959424348552,0.703741581079091
"106","Lamp5","TMEM33",-0.0108372214923071,0.0444938146243448,0.807566248968927,-0.0980434956908245,0.0763690527062103,7,0.00176915278947026,12.3798044571308,0.947362141179829
"107","Lamp5","NCKIPSD",-0.0122162166408073,0.0989849877059184,0.901778604521969,-0.206223227554547,0.181790794272933,7,0.0425061096368293,75.1289967269859,0.977956078464346
"108","Lamp5","FEM1B",0.0782394091049143,0.0450797478265294,0.0826385158850614,-0.010115273067231,0.16659409127706,7,5.51907294426088e-07,0.0033317060824245,0.413692241193909
"109","Lamp5","MIR137HG",0.127783482158418,0.100384990628077,0.20304141178692,-0.068967484061003,0.324534448377839,7,0.0358384585202493,54.8505171427968,0.593161131697475
"110","Lamp5","GSK3A",-0.105244864243052,0.208584664637905,0.61386324276264,-0.514063294660711,0.303573566174608,5,0.129063625032585,66.4617134374116,0.874749591071407
"111","Lamp5","AZI2",0.0178713480163318,0.0664854794435996,0.7880830013715,-0.112437797188002,0.148180493220665,7,0.0167054958652838,66.684788665265,0.938643357904296
"112","Lamp5","MED24",-0.0523032164000424,0.0433350010221765,0.227451072162456,-0.137238257673515,0.0326318248734299,7,0.00183917318840987,13.7754945944833,0.618698466449602
"113","Lamp5","GAS2",-0.148557646982036,0.0577043895443043,0.0100396673098385,-0.261656172238742,-0.0354591217253297,7,0.00310720204931694,13.1735286907748,0.16565412875215
"114","Lamp5","STAT4",0.068587030853809,0.0874366809836049,0.432794045148205,-0.102785714801775,0.239959776509393,7,0.0168726016676368,33.0489928571417,0.783260288427267
"115","Lamp5","CPD",0.0910824662811527,0.0279752011383638,0.0011306189187175,0.0362520795896958,0.14591285297261,7,5.64181895865702e-06,0.0901903902684275,0.0590439809997491
"116","Lamp5","CERS4",-0.046463207329758,0.0766655779838402,0.544481258912709,-0.196724979032032,0.103798564372516,7,0.0203814250650282,61.3246911108777,0.843376602544951
"117","Lamp5","TGOLN2",-0.011038359512911,0.058677644802106,0.850783639003831,-0.126044430022673,0.103967710996851,7,0.00859112794756762,40.9282146773013,0.960721774113098
"118","Lamp5","LINC00571",0.0749878475643009,0.177667198483107,0.672974527958135,-0.273233462696719,0.423209157825321,6,0.154321720525307,88.1194665980613,0.899329799961039
"119","Lamp5","ASAH1",0.0258811546933342,0.0339391183781288,0.445716345170428,-0.0406382949948397,0.0924006043815082,7,1.53148075673045e-06,0.0160841940071723,0.790240777561324
"120","Lamp5","CACNA1A",-0.0482612253263316,0.0327704076159615,0.140829921316579,-0.112490044012313,0.01596759335965,7,2.01989888598597e-07,0.00229012506873397,0.516304423367555
"121","Lamp5","IQSEC3",-0.00838956581727705,0.0353687737699411,0.812499603564299,-0.0777110885837065,0.0609319569491524,7,3.10710692689182e-06,0.030492508779766,0.948815753829332
"122","Lamp5","WBP2",0.0645479305470125,0.0763812218594529,0.398068457686187,-0.0851565133926786,0.214252374486704,7,0.0145433040549056,41.4351988709803,0.762061134173792
"123","Lamp5","CLCN3",-0.0227593521517372,0.0251713816002532,0.36590223110371,-0.0720943535293476,0.0265756492258732,7,7.66406156392661e-07,0.0142389589193806,0.738111055599518
"124","Lamp5","LRP4",-0.120796615158942,0.146881003211175,0.410842779126886,-0.408678091465956,0.167084861148073,6,0.0470518631113593,37.3500600078977,0.770661236238393
"125","Lamp5","RFTN1",0.0207866316029488,0.104659494594104,0.842566265509675,-0.18434220844166,0.225915471647558,7,0.0315725732329446,49.1424468366525,0.958821007634427
"126","Lamp5","FAIM2",0.0326832734437165,0.0558276990515079,0.558257856034364,-0.0767370060369799,0.142103552924413,7,0.00675650932901097,35.3028861858096,0.850476296218435
"127","Lamp5","SOX1-OT",0.0250212749213587,0.0613190224172253,0.683236394517208,-0.0951618005836071,0.145204350426324,5,0.010483439704521,63.1799996050341,0.902529462625427
"128","Lamp5","PRDX6",0.0247412724695791,0.0942614592674071,0.792955290133015,-0.160007792824728,0.209490337763886,6,0.0302325268254381,63.9305837650984,0.941235961756896
"129","Lamp5","MIR9-3HG",-0.119204692512665,0.0386659374551543,0.0020496777106267,-0.194988537353246,-0.0434208476720841,7,7.37426760590467e-07,0.00623974376521078,0.0788381061240252
"130","Lamp5","ERO1A",0.0021795357564558,0.0373628438849766,0.953482337781433,-0.0710502926180909,0.0754093641310025,7,0.00338883992366317,40.2901956519871,0.991280124969847
"131","Lamp5","TXNDC11",0.0327057270313182,0.054114619351953,0.545591847772185,-0.0733569779356039,0.13876843199824,7,0.00923498192431183,52.1054016240108,0.843410767063583
"132","Lamp5","CTNNB1",0.0589780513256781,0.0269382410637993,0.0285692183126746,0.00618006903377365,0.111776033617583,7,5.7017614354505e-07,0.00964229560688043,0.264237650271675
"133","Lamp5","ZNF821",-0.0585151824179784,0.0363723717495992,0.107664225903001,-0.129803721079495,0.0127733562435382,7,0.000640566285333665,6.3210135332539,0.462318304335364
"134","Lamp5","ZNF280D",0.0569004917923901,0.028909888941744,0.049044837817449,0.000238150669519037,0.113562832915261,7,6.98159478396333e-06,0.105520274229693,0.331180224365095
"135","Lamp5","JAKMIP3",0.0312155625435897,0.0546411241824391,0.567807610146597,-0.0758790729287716,0.138310198015951,7,0.00807656717493286,44.4025418918423,0.853511583813389
"136","Lamp5","PTPRJ",-0.0204155465751558,0.0483269679745157,0.672699322841074,-0.115134663287227,0.0743035701369155,7,0.00675728971133335,45.8206663948381,0.899263492271004
"137","Lamp5","MYO18A",-0.0651784043299627,0.0561554953657371,0.245773188577895,-0.175241152780813,0.0448843441208879,7,0.00808997849034624,43.5842688728387,0.637156727407784
"138","Lamp5","PCDH7",0.0331333394882971,0.130259683392033,0.799214565616552,-0.222170948597678,0.288437627574272,7,0.0778214827451425,73.9433810213155,0.943887713826619
"139","Lamp5","RTL8C",-0.032682251741981,0.120697444021431,0.786561531329727,-0.269244895050025,0.203880391566062,5,0.0375514025383797,61.6110572141164,0.938643357904296
"140","Lamp5","GNG7",-0.0424599835609314,0.0559692811686622,0.448073838222537,-0.152157758892105,0.0672377917702424,7,0.0094803592743113,49.9816545808095,0.791570730454328
"141","Lamp5","ZNF770",0.0623152788735958,0.070704724941036,0.378130940165817,-0.0762634355476456,0.200893993294837,7,0.0141177810053612,48.1657094055165,0.74856280639679
"142","Lamp5","ORC4",0.0373352386057533,0.0275706778045971,0.175683838615675,-0.0167022969206148,0.0913727741321214,7,7.56834043318829e-06,0.124410776353393,0.567171043895676
"143","Lamp5","HABP4",-0.024346598925534,0.0647447371539317,0.70688729717981,-0.151243951935752,0.102550754084684,7,0.0116308214462557,46.5190777612428,0.910874233816963
"144","Lamp5","DLST",-0.00221555317644795,0.0523865522530128,0.966265601446105,-0.104891308866579,0.100460202513683,6,0.00473251154289025,29.970486357782,0.994629554420852
"145","Lamp5","MMD2",-0.0284375346104368,0.0726720544100177,0.69556573847333,-0.170872143936607,0.113997074715733,7,0.0133430046733762,41.5267924242863,0.906391554342484
"146","Lamp5","SECISBP2",-0.0329365035863791,0.0337597992432205,0.329256212805078,-0.0991044942283938,0.0332314870556355,7,1.430595793608e-06,0.0159810366495051,0.711524222792903
"147","Lamp5","ARL2BP",-0.00434366197469726,0.055168779942415,0.937244154398313,-0.112472483732846,0.103785159783452,7,0.00366537779027454,17.4110708455998,0.986229902547244
"148","Lamp5","KDSR",0.0294790093452506,0.0399906823231141,0.461032992725139,-0.0489012877252357,0.107859306415737,7,0.0021424966671431,19.6669342170468,0.799485491699775
"149","Lamp5","AP5M1",0.157729759154981,0.0459784835649228,0.000602442381653733,0.0676135873039658,0.247845931005997,7,0.0028225603701015,19.7104939284319,0.0466825592266343
"150","Lamp5","SMARCA5",-0.0173879623676273,0.0273587748006784,0.525067550333574,-0.071010175638099,0.0362342509028444,7,9.58853382703958e-07,0.0155932104282679,0.833638877814301
"151","Lamp5","ATP6AP1",-0.0829075043741122,0.0695420877358506,0.233186061370447,-0.219207491746104,0.0533924829978796,7,0.00759570052328427,23.6676945457719,0.623486995608806
"152","Lamp5","HDLBP",-0.0500568268031958,0.0256868361396871,0.0513271254091191,-0.100402100513764,0.00028844690737273,7,0,0,0.338940415664084
"153","Lamp5","EIF1AX",0.0438252811924927,0.0885808868119261,0.620777499578811,-0.129790066677501,0.217440629062487,7,0.0239991785289041,51.4158196943903,0.8777964007189
"154","Lamp5","PTPRN2",-0.029118395706108,0.0296415467675183,0.32592708034373,-0.0872147598165035,0.0289779684042875,7,2.75728793623099e-07,0.00397813039544067,0.709070757473289
"155","Lamp5","NR2F2-AS1",-0.0523841076356823,0.0994232787555885,0.598277129268073,-0.247250153221522,0.142481937950157,7,0.0200072522861075,30.0641625599526,0.866478626103989
"156","Lamp5","GPD2",0.0273082583580978,0.0339437877318282,0.42110008666206,-0.0392203430951579,0.0938368598113536,6,3.94136042891043e-07,0.00510836697361091,0.775714099875474
"157","Lamp5","ANKRD10",-0.0235931993134112,0.0258884542777492,0.362115943564261,-0.0743336373132116,0.0271472386863892,7,4.10685993425559e-06,0.0765279067405232,0.736737762688838
"158","Lamp5","KIF1A",-0.0734976297501613,0.0290257570177689,0.0113364824805867,-0.130387068128999,-0.0166081913713237,7,7.24440263839496e-07,0.0104501697033259,0.172924737226194
"159","Lamp5","MYO1B",0.0434484707035339,0.0672675672844753,0.518340759451027,-0.0883935385016625,0.17529047990873,7,0.00946644826440821,32.1817006454466,0.829106552615597
"160","Lamp5","HEATR5A",-0.0501379984464758,0.0820237096522651,0.541025969024299,-0.210901515243286,0.110625518350334,7,0.026260857510694,67.4956114654457,0.840494877053987
"161","Lamp5","KAZN",-0.0188589593084834,0.0308316632217187,0.540752768918686,-0.0792879088065202,0.0415699901895534,7,6.18340005433807e-06,0.0822315675769479,0.840494877053987
"162","Lamp5","CCAR2",-0.0750156356208971,0.044771625473675,0.0938327683090137,-0.162766409078616,0.012735137836822,7,1.665357826344e-06,0.00989116970262775,0.436545209599595
"163","Lamp5","FARSA",-0.137580604378711,0.062983018156695,0.0289322859621226,-0.261025051603466,-0.0141361571539565,7,0.00449603698462101,16.1867540809815,0.265227822244642
"164","Lamp5","SMARCA1",-0.00191308264158829,0.0309163597276839,0.950658953574969,-0.0625080342409333,0.0586818689577567,7,0.000209151960248668,2.78383298135353,0.990120895882608
"165","Lamp5","SCP2",-0.0175165774188953,0.0349160392438026,0.61589467330097,-0.0859507568195356,0.050917601981745,6,0.00183612229907174,25.8762834766654,0.876009086347086
"166","Lamp5","MTURN",0.00672003098878193,0.0511380265639742,0.895451242639287,-0.09350865931706,0.106948721294624,7,0.00542386300190612,33.2002484711142,0.976413248304476
"167","Lamp5","R3HDM2",-0.0624493070753463,0.0498631066893852,0.210418651844301,-0.160179200343819,0.0352805861931269,7,0.00938805846847884,62.2241361364355,0.60080774843497
"168","Lamp5","KLHL12",-0.0337150798497475,0.0396366871447437,0.394989994533455,-0.111401559119927,0.0439713994204318,7,1.43312053841669e-06,0.0108531923738506,0.759801406566767
"169","Lamp5","PHF21B",-0.0234238870782669,0.0498134443274615,0.638189108768653,-0.121056443905983,0.0742086697494487,7,2.64330113887099e-06,0.0132297246477493,0.885086808739919
"170","Lamp5","JAM2",-0.0558357714876147,0.059650839850085,0.349250872626486,-0.172749269241348,0.0610777262661186,7,0.00828534820224685,36.5490081674385,0.728535005361965
"171","Lamp5","ING4",0.00637832282458759,0.0444204960143289,0.885824525633106,-0.0806842495389021,0.0934408951880773,7,0.00215698072258655,15.5982391439901,0.974011298943957
"172","Lamp5","XIAP",0.0180502752491094,0.0313179079983978,0.564374339658102,-0.0433316964988892,0.079432246997108,7,1.29945948884598e-06,0.0162649221921592,0.852935819308762
"173","Lamp5","BRINP2",-0.0822593328313661,0.0571906025151057,0.150338591486264,-0.194350854015119,0.0298321883523869,7,0.0113991285384459,56.4957170606594,0.529888515974262
"174","Lamp5","SIKE1",-0.0201913081728334,0.054957168062636,0.713320065974391,-0.127905378267915,0.087522761922248,7,0.00252082886926976,11.5619135233518,0.913829102194723
"175","Lamp5","RIC8A",-0.0929027874728981,0.0545881230610523,0.0887766545990648,-0.199893542656201,0.0140879677104048,7,8.67090038245275e-05,0.363052900991757,0.42603531795755
"176","Lamp5","ADGRB1",-0.0819354490708458,0.0547588074243841,0.134576229939809,-0.189260739459003,0.0253898413173115,7,8.59723015522146e-09,3.75584873471266e-05,0.505146620794153
"177","Lamp5","APLP1",-0.0288026871229469,0.0648132376973354,0.656756934557861,-0.155834298731158,0.0982289244852644,7,0.00926730659111486,37.255783651422,0.892600776711128
"178","Lamp5","NADK2",0.0629537741979246,0.0560828726705634,0.261644227610482,-0.0469666363859254,0.172874184781775,6,0.00820085508478605,49.2287202504918,0.652691555693316
"179","Lamp5","TASP1",-0.0670191365606289,0.0387534215971505,0.083742287141898,-0.142974447168741,0.00893617404748287,7,0.00141518463201609,13.2646668961836,0.416067308653909
"180","Lamp5","TRERF1",0.0691137630615242,0.032542995755428,0.0336895736359134,0.00533066343184546,0.132896862691203,7,0,0,0.285483708622154
"181","Lamp5","PNPLA6",-0.0801141941562221,0.0586952082388961,0.172278567535855,-0.195154688369537,0.0349263000570928,7,0.0094438242581913,45.4828158738144,0.56276410520658
"182","Lamp5","CSNK1E",0.0286308700388718,0.0627810307860796,0.648358823515591,-0.0944176892141446,0.151679429291888,7,0.0101337429924621,45.2762568867969,0.888623464010692
"183","Lamp5","SET",0.0267208768351148,0.0557096857855345,0.631479783951707,-0.0824681008945758,0.135909854564805,7,0.000362594915005598,1.49061567387184,0.882993296421211
"184","Lamp5","GNAI1",0.0499416293780798,0.0501576443909841,0.319399197000928,-0.0483655471776165,0.148248805933776,7,0.00767354133688377,52.3107636927294,0.704062213401684
"185","Lamp5","GALNT9",0.115164947579225,0.0767716487676212,0.13358918491516,-0.0353047190390709,0.265634614197522,7,0.0159253922364145,43.545472504956,0.503337448771391
"186","Lamp5","EPM2AIP1",0.0999666489074995,0.0431205407573262,0.0204326454978952,0.0154519420292486,0.18448135578575,7,0.00280201248050752,22.6751454169026,0.228556883214449
"187","Lamp5","SLC12A2",-0.0761721146135546,0.0314613218849275,0.0154721206172696,-0.137835172414034,-0.0145090568130748,7,0.000293944468479164,3.85881073449304,0.200033611310191
"188","Lamp5","UFM1",0.101479293560054,0.0434932034284388,0.0196365034257196,0.01623418126804,0.186724405852068,7,1.31279607582588e-06,0.00874999128471629,0.224415510465475
"189","Lamp5","APLP2",-0.0217062925839788,0.0356040728597504,0.542088666154762,-0.0914889930920296,0.048076407924072,7,0,0,0.841177326720559
"190","Lamp5","IVD",-0.105780284623532,0.0944486201132906,0.262723552496455,-0.290896178435087,0.0793356091880224,6,0.0362092813012547,75.5215702965363,0.653489535690467
"191","Lamp5","MDGA1",-0.0168890146667653,0.104019619730858,0.871019421891521,-0.2207637230248,0.186985693691269,7,0.040562795053939,62.1558268203087,0.968577940382375
"192","Lamp5","SERINC5",-0.0186620677884671,0.0305195368500374,0.540882258337329,-0.0784792608393834,0.0411551252624492,7,1.89672986132905e-06,0.0247817633106268,0.840494877053987
"193","Lamp5","ZNF595",-0.0329988540174019,0.0483537027009994,0.494956153336326,-0.127770369830518,0.061772661795714,7,0.00343713607591341,21.8461476262964,0.818019118653114
"194","Lamp5","TMEM178A",0.0102890785519378,0.0697525371245573,0.882730824641207,-0.126423382042488,0.147001539146363,7,0.0191919461221755,64.9617701047792,0.972956491417898
"195","Lamp5","SLC24A3",-0.0410232405455391,0.0389798087379966,0.292605599782601,-0.117422261796272,0.0353757807051939,7,3.44504331244294e-06,0.028921817724336,0.682733495098315
"196","Lamp5","KBTBD6",-0.00253255294071292,0.051943593904283,0.961113884267064,-0.104340126220682,0.099275020339256,7,2.58227226524206e-07,0.00119940597501498,0.99402737661308
"197","Lamp5","LANCL1",-0.00215586337757877,0.0322028298228799,0.946624377689308,-0.0652722500306956,0.0609605232755381,7,0.00159180294083644,23.2923250273443,0.988865030560056
"198","Lamp5","ROBO2",-0.0161835200535296,0.066364647875385,0.807341151443587,-0.146255839735967,0.113888799628908,7,0.00946674226224081,32.6152014130371,0.947310913472709
"199","Lamp5","SSBP1",0.0209197456200247,0.0301849729155207,0.488277131627928,-0.0382417141687129,0.0800812054087622,6,5.52022449415445e-06,0.0846100787944576,0.814652322725058
"200","Lamp5","TMEM132D",0.00912921507732142,0.0359751965673392,0.799677773310442,-0.0613808745314123,0.0796393046860552,7,0,0,0.943987715596255
"201","Lamp5","OSBP2",-0.0996626938807843,0.0568627089514263,0.0796552557082897,-0.211111555488963,0.0117861677273946,7,0.00973717600754673,49.4291439630437,0.407092821801469
"202","Lamp5","GABBR1",-0.0711720008129504,0.0336714344249033,0.0345391475368328,-0.137166799593563,-0.00517720203233767,7,0.00100291044469839,12.168766097341,0.287703178241735
"203","Lamp5","UBA52",-0.0733990847521554,0.0892443753425176,0.410820524833066,-0.248314846246264,0.101516676741953,6,0.0185787482118565,42.5941506555738,0.770661236238393
"204","Lamp5","ACTB",0.0629767783820259,0.0816150285601477,0.440332338436216,-0.0969857381930715,0.222939294957123,7,0.0103300231270725,23.5348377651896,0.788146021283863
"205","Lamp5","CUEDC1",-0.0481618258261079,0.093487784518671,0.606436294528142,-0.231394516477144,0.135070864824929,7,0.0364956418746377,71.5666911573215,0.870946516904293
"206","Lamp5","ANXA7",0.00541553318624955,0.0253537348934461,0.830859755700559,-0.0442768740784812,0.0551079404509803,7,0,0,0.9557195814756
"207","Lamp5","MTX3",0.0172579812201026,0.0388204701197593,0.656638634313384,-0.058828742077539,0.0933447045177442,6,4.59341610821648e-07,0.00436769488611024,0.892600776711128
"208","Lamp5","PARP16",0.0140874618236021,0.0424470835481935,0.73997767171954,-0.0691072931796198,0.0972822168268239,7,0.000688178167678101,5.00090386750049,0.922699531904995
"209","Lamp5","GATAD2B",-0.0187078509034883,0.0361870275129627,0.605172407806444,-0.0896331215364551,0.0522174197294786,7,0.00227063021637081,26.8152205593445,0.869444596943449
"210","Lamp5","CTSF",-0.0657659256604931,0.0707130390742299,0.352350588227331,-0.204360935483357,0.0728290841623711,7,0.0111367817501297,36.5400760363017,0.730623184965952
"211","Lamp5","TUBB4B",0.00466050821019075,0.0679549128846662,0.945322061525066,-0.128528673616312,0.137849690036693,6,0.00183867626838274,6.15197734751302,0.988482060518107
"212","Lamp5","KCND3",-0.0692366037426091,0.0337217869438814,0.0400559708577405,-0.13533009164695,-0.00314311583826864,7,4.18272086546842e-06,0.0469607553398152,0.305843499326131
"213","Lamp5","PTCHD4",-0.0470459599164618,0.0434681624142227,0.279115488124431,-0.132241992722476,0.0381500728895522,7,3.19903653284424e-07,0.00230160094193796,0.668926277050114
"214","Lamp5","PGM2L1",-0.0142160492014205,0.0423427420092236,0.737068773787544,-0.0972062985461699,0.0687742001433288,7,1.69143964870949e-06,0.012033067387093,0.921463278270996
"215","Lamp5","KCNK12",-0.0726417309192131,0.0329315212372146,0.0273950681306381,-0.13718632650027,-0.00809713533815648,7,0.00012731065981935,1.49302662689945,0.25857744260008
"216","Lamp5","SCN3B",0.116925204718161,0.0339239267755349,0.000567502730377407,0.0504355300239387,0.183414879412383,7,8.22801399214184e-07,0.00899093831745144,0.0462348784888574
"217","Lamp5","PARD3B",0.00203622557914942,0.100932908480901,0.983904528481402,-0.195788639898295,0.199861091056594,7,0.032691018482716,52.7707473283729,0.997296915565468
"218","Lamp5","DDX55",-0.0437448045778142,0.0394926748518371,0.268004869609239,-0.121149024940566,0.0336594157849372,7,4.62323754764363e-06,0.0363081261750336,0.6573154708074
"219","Lamp5","ACTR1A",-0.0577118035817591,0.079552632291421,0.468173337321156,-0.213632097748302,0.0982084905847842,7,0.0236361069132184,66.9038927732301,0.803943800564904
"220","Lamp5","GPI",0.00111434227060259,0.0570443693667597,0.984414588888717,-0.110690567209046,0.112919251750251,7,0.00906212377018907,46.886903250123,0.997296915565468
"221","Lamp5","TIMP2",-0.000614867437165561,0.0630086209616088,0.992213994825798,-0.124109495237454,0.122879760363123,7,0.00359359083753455,12.5728439406449,0.998654866216999
"222","Lamp5","SERINC3",0.00955901971135453,0.034745548121837,0.783227926673111,-0.0585410032305494,0.0776590426532584,7,0.000728729199806772,7.9929232870252,0.937537413514181
"223","Lamp5","COCH",-0.0744337665398552,0.0596207153214617,0.211864561649031,-0.191288221302435,0.0424206882227251,7,6.30991168781181e-07,0.0021676879392022,0.60179542163244
"224","Lamp5","SCAF1",-0.0123193265635893,0.0507302391553189,0.808129419315252,-0.111748768235118,0.0871101151079395,7,0.00115056087499555,5.83281207481799,0.947362141179829
"225","Lamp5","FURIN",-0.0708899375923674,0.0528365828954382,0.179698847168342,-0.174447737133591,0.0326678619488565,7,2.78758455516415e-06,0.011789528945392,0.572625125587479
"226","Lamp5","MIR100HG",0.0445099178224028,0.0419453463723676,0.288625924717517,-0.0377014503864955,0.126721286031301,5,0.00250369434892926,29.627847890471,0.678662491879038
"227","Lamp5","LDLRAD4",-0.0259735206513844,0.0624382270180962,0.677419165443314,-0.148350196865389,0.0964031555626198,7,0.00756646366952157,29.3469590308365,0.901304540085309
"228","Lamp5","SKAP2",0.146986743502804,0.0847693511916642,0.082925014666576,-0.0191581318256853,0.313131618831293,7,0.0260282764409601,57.6129399924054,0.414637796019106
"229","Lamp5","ARL3",0.024994857928587,0.033973365232024,0.461901587554903,-0.0415917143598053,0.0915814302169793,7,0.001146878034784,13.8540466357528,0.799772804204038
"230","Lamp5","BDH1",-0.103402384663125,0.040687753548264,0.0110420952875298,-0.183148916229564,-0.023655853096686,6,4.28435914591919e-07,0.00384711475661409,0.170610358583422
"231","Lamp5","AKAP8L",-0.0674042725746177,0.0442379911688185,0.127590192225695,-0.154109142013903,0.0193005968646676,7,0.00365432837127394,29.0767618857352,0.491259210826492
"232","Lamp5","SVIL",0.020369671864643,0.0434773232924166,0.639418094046491,-0.0648443159326979,0.105583659661984,7,2.28737608743712e-06,0.0156120367004042,0.885607602797997
"233","Lamp5","SLC44A5",0.118418395828541,0.0538433257655211,0.0278555822362519,0.0128874165202623,0.22394937513682,7,6.9365340535363e-07,0.00310023977883669,0.260865237246152
"234","Lamp5","POU2F2",0.0150033949626421,0.0490320580351073,0.759611086911916,-0.081097672874046,0.11110446279933,7,2.29741212484078e-06,0.012079457080941,0.926555528105898
"235","Lamp5","PRRT1",0.0901283120232478,0.0788620735237211,0.253096708404014,-0.0644385118293953,0.244695135875891,7,0.00876689846369406,20.6986094580935,0.643401653585538
"236","Lamp5","SPAG1",-0.0182131968008713,0.0468308901965517,0.697339639471519,-0.110000054950063,0.0735736613483199,7,0.00155806895037417,9.58354724889085,0.906391554342484
"237","Lamp5","PRKCZ",-0.0722324631946475,0.0296128216470207,0.0147186241709802,-0.130272527103416,-0.0141923992858789,7,2.16082567810644e-06,0.0301295975490244,0.193890854540042
"238","Lamp5","PDP1",0.113624920344687,0.0934856433308312,0.224203498314336,-0.0696035736552991,0.296853414344673,6,0.0323770615800454,72.2523588159148,0.615080495135071
"239","Lamp5","NEDD4",-0.0441208299085134,0.206664402428204,0.830944612194064,-0.449175615554284,0.360933955737258,6,0.187755834649733,83.5441278647303,0.9557195814756
"240","Lamp5","PHF10",0.0741458769398611,0.049864311718908,0.137027282795194,-0.0235863781430772,0.171878132022799,7,0.00324944549531673,19.1312603928178,0.509718008138526
"241","Lamp5","ARHGEF28",-0.00579737623713586,0.119155479884088,0.961195131963681,-0.239337825370535,0.227743072896263,7,0.0427459218873257,47.1752316883111,0.99402737661308
"242","Lamp5","SRRM4",-0.0520892037173304,0.0326257207459179,0.110361886334309,-0.116034441348991,0.01185603391433,7,0.000883640172624039,11.5620827290297,0.464070955932488
"243","Lamp5","C1QTNF4",-0.163710055867722,0.0853526706320698,0.0551056133455055,-0.330998216290888,0.00357810455544438,6,0.00877322205699417,20.3359212277945,0.34837800237059
"244","Lamp5","SLC25A36",-0.0252607274163174,0.044641647903443,0.571491931827307,-0.112756749517584,0.0622352946849488,6,0.00505490356781649,48.3606643270847,0.855299936384124
"245","Lamp5","PPP1R15B",-0.0233511153594171,0.095690994563089,0.807210483346252,-0.21090201834789,0.164199787629055,7,0.032565658623017,61.7456949359919,0.947310913472709
"246","Lamp5","RAD54L2",-0.0861468565376998,0.0767102682293174,0.261430710540038,-0.236496219511569,0.0642025064361695,7,0.0254809403428664,73.5532625858385,0.652567286025529
"247","Lamp5","EPN1",-0.0169728024023979,0.137308947208615,0.901623823869115,-0.286093393686395,0.2521477888816,7,0.083749981436376,69.0695574272022,0.977956078464346
"248","Lamp5","MPP1",-0.0507261908085015,0.0697234266733592,0.466898655199311,-0.187381595967005,0.0859292143500019,7,0.0134931306078851,45.8903184897464,0.802824014022797
"249","Lamp5","FAM171A1",-0.0192640022435768,0.0334182747596652,0.564310293148862,-0.0847626171979845,0.046234612710831,7,6.40328920070676e-08,0.000711127893328543,0.852935819308762
"250","Lamp5","NFRKB",-0.116704242080629,0.0919630595473913,0.204428965906957,-0.296948526701628,0.0635400425403705,7,0.0304805997019391,61.4484905870176,0.593908097926263
"251","Lamp5","LMBR1",-0.0374571298352608,0.0260269615952189,0.15010336949744,-0.0884690371888969,0.0135547775183754,7,0,0,0.52961192323787
"252","Lamp5","C6orf62",0.0520520085551575,0.0385549435184372,0.176992399235701,-0.0235142921669554,0.12761830927727,7,1.85990930720205e-07,0.0015182482797729,0.569386022035856
"253","Lamp5","RNF141",-0.0359315860271004,0.108058413897547,0.739496624599366,-0.247722185492815,0.175859013438615,7,0.0443576465690921,65.0101552091404,0.922461680774363
"254","Lamp5","JADE3",0.0579677644570248,0.105589400728916,0.583010756854364,-0.148983658120817,0.264919187034867,7,0.0501317190815504,79.6570523236343,0.859160039007816
"255","Lamp5","FKBP8",0.0300999036893053,0.0499743168959748,0.546969498485829,-0.0678479575787968,0.128047764957407,6,7.64168484871222e-06,0.0430163947843228,0.84426555554882
"256","Lamp5","AP2M1",-0.00693463160283244,0.0483483551148273,0.88595014985254,-0.101695666339647,0.087826403133982,7,0,0,0.974011298943957
"257","Lamp5","ZMYM3",0.153645208281964,0.0543797377322659,0.00472197353300457,0.0470628808379886,0.260227535725939,7,0.00429608332744476,21.891663013094,0.118072529571483
"258","Lamp5","COL4A2",0.0253812903014089,0.0391048203193294,0.516300989675902,-0.0512627491463869,0.102025329749205,7,0.000919733157495388,8.11862861027342,0.827968523146225
"259","Lamp5","LRIF1",0.090821203600405,0.0641139232267281,0.156611680951767,-0.0348397768315482,0.216482184032358,7,0.0090662284689119,34.9147234409403,0.539901727443697
"260","Lamp5","SUSD1",-0.077888907569705,0.0368551105634114,0.0345681310556789,-0.150123596920233,-0.00565421821917703,7,0.00144423285712596,15.1200659675289,0.287703178241735
"261","Lamp5","GABRG3",-0.0953550710621396,0.0531629635535581,0.0728710889978261,-0.199552564938529,0.00884242281424978,7,0.00976871715829426,54.4225593525811,0.389808779700079
"262","Lamp5","SPTBN4",-0.0291760776912682,0.0391717196799477,0.456377495146745,-0.105951237476464,0.0475990820939281,7,0.00277129998480531,28.0948627813229,0.797343822419273
"263","Lamp5","HRH2",-0.0670501073977919,0.0564536944120076,0.234951242998496,-0.177697315239557,0.0435971004439731,7,0.00738991537034359,36.9269781200289,0.625081420051728
"264","Lamp5","TRAF6",0.146431951148833,0.0442534998209924,0.000936516014683579,0.0596966853098385,0.233167216987828,7,4.62796326205099e-06,0.0300397542525881,0.0549009559784359
"265","Lamp5","SLC9A7",0.0184017472886735,0.0407824287227582,0.651832767042135,-0.0615303442100044,0.0983338387873513,7,1.60535472688728e-06,0.0123777721197318,0.889914575420899
"266","Lamp5","MANBAL",-0.0399562671092784,0.0512216933162947,0.435352422148667,-0.140348941236372,0.0604364070178152,7,3.93644963369305e-06,0.0182414589960954,0.784211419863822
"267","Lamp5","SATL1",0.0999731415633718,0.138589811667485,0.470688072330814,-0.171657897929088,0.371604181055832,7,0.078814001452593,67.5320757352499,0.805136073271473
"268","Lamp5","AAGAB",-0.0450044448463722,0.0596144223650925,0.450293712279235,-0.161846565641113,0.0718376759483682,7,0.0125442650000456,59.662670925582,0.79367170304309
"269","Lamp5","AGL",-0.0505635468157056,0.0502058932145515,0.313875315382409,-0.14896528932789,0.0478381956964792,7,0.00640380633464536,41.3441239904071,0.698925605264866
"270","Lamp5","MOB1A",0.101905985536337,0.0383934879275714,0.00794844829354095,0.0266561319574238,0.17715583911525,7,1.96854628293328e-08,0.000164353062478888,0.148756640285534
"271","Lamp5","EEF1A2",-0.0236276582831901,0.0555201579561539,0.670421930776085,-0.132445168293227,0.0851898517268465,7,4.72920555641289e-06,0.0188952141054002,0.89832782858837
"272","Lamp5","B3GALT1",-0.0143976020673639,0.0464719398307988,0.756703312864468,-0.105480930427442,0.0766857262927142,7,1.69808164603104e-06,0.00984398056160142,0.926555528105898
"273","Lamp5","LHFPL4",-0.0429693149162239,0.0294787863652228,0.144941138155916,-0.100746674500011,0.0148080446675632,7,2.08327750263116e-06,0.0299159014561323,0.521308592844089
"274","Lamp5","OSBPL3",0.11290071664462,0.0417690275517072,0.00687215219451305,0.0310349269740129,0.194766506315228,7,6.60410957920335e-06,0.0502139447899636,0.14048558648578
"275","Lamp5","SLITRK4",0.0497020379656464,0.0497931021977598,0.318196374639918,-0.0478906490204851,0.147294724951778,7,0.00444062567604434,27.6983565983014,0.702735077436523
"276","Lamp5","BRINP1",0.115596224519138,0.0642815885621647,0.0721328213503874,-0.0103933739317271,0.241585822970002,7,0.0135178280930254,51.8151856704566,0.389094275408615
"277","Lamp5","C4orf50",-0.0668880231555587,0.0530022526044758,0.206954350929881,-0.170770529359825,0.0369944830487082,7,0.00413057662342104,21.8030655229871,0.595994637532837
"278","Lamp5","UBQLN2",0.141699707784658,0.121371471945407,0.243013448886239,-0.0961840059789529,0.379583421548269,7,0.0511534883273467,60.7239448759207,0.635490783996521
"279","Lamp5","MRPL41",-0.0838759282001321,0.0649202888198158,0.196362932210923,-0.211117356152909,0.0433654997526452,6,9.3999466792358e-07,0.00333583369230899,0.588784924001566
"280","Lamp5","UBASH3B",-0.0938888272393304,0.0407596139819454,0.0212520281881697,-0.173776202667699,-0.0140014518109621,7,1.47821996872246e-06,0.0117758307480676,0.231048186456655
"281","Lamp5","TMEM179",-0.09951441273551,0.0635545882196056,0.117393093553753,-0.224079116698211,0.0250502912271906,7,0,0,0.474592883347162
"282","Lamp5","B4GAT1",-0.102652878822327,0.0783898473805407,0.190359105793875,-0.256294156441779,0.0509883987971238,7,0.0138105295386936,36.2459840113488,0.584618527526694
"283","Lamp5","ZNF736",0.0820674400492747,0.0635406428848165,0.196504725136142,-0.042469931559487,0.206604811658036,7,0.0147187256203786,60.7896531716492,0.588784924001566
"284","Lamp5","ALG12",0.0526287165728416,0.0987681436000321,0.594136639264743,-0.140953287703102,0.246210720848785,7,0.0295970823356972,50.2458506709417,0.865015123362275
"285","Lamp5","CBLN4",-0.372994991031668,0.131882964672447,0.00468065711374627,-0.631480851964033,-0.114509130099304,7,0.0683676554163332,63.9942074418238,0.118072529571483
"286","Lamp5","SRSF10",-0.0135607692120796,0.031970468654086,0.671445133399902,-0.0762217363429549,0.0491001979187957,7,1.52824244926762e-06,0.0187297259208729,0.898591731149468
"287","Lamp5","RIT2",0.107406075236074,0.183598906427905,0.558545098294138,-0.252441168963559,0.467253319435708,6,0.13301105061182,72.7984384356933,0.850476296218435
"288","Lamp5","RACK1",-0.0411409757639127,0.0474428270902035,0.385849108996664,-0.134127208185473,0.0518452566576474,7,3.2156606604886e-06,0.016648997267423,0.754806673271657
"289","Lamp5","CNTNAP5",0.108592738931097,0.0422865780778276,0.0102281528924712,0.0257125688691141,0.19147290899308,7,0.000352718764579713,2.68741062787293,0.166193587555793
"290","Lamp5","MAF1",-0.0506327019938317,0.148002410595039,0.732270159658569,-0.340712096385217,0.239446692397554,6,0.0918080391867282,76.3562219830549,0.919666801398003
"291","Lamp5","SGTB",0.0521046289250513,0.0440211990830439,0.236561205305308,-0.0341753358339824,0.138384593684085,7,0.00350358513156306,28.3676129072248,0.626447177645301
"292","Lamp5","CPSF6",0.0670326434533675,0.0537963038660927,0.212747683873882,-0.0384061746255471,0.172471461532282,7,0.0102401890939321,60.8687060998468,0.602909076634875
"293","Lamp5","PLD5",-0.0437121773142736,0.0657614833224316,0.506237341570379,-0.172602316196171,0.0851779615676238,7,0,0,0.822824639047686
"294","Lamp5","UBQLN4",-0.101925655112713,0.101073366261979,0.313246935661079,-0.300025812782417,0.0961745025569912,7,0.0328275923978486,57.3319766202738,0.698925605264866
"295","Lamp5","ZNF207",0.0315599749502355,0.0405639090458312,0.436550792840872,-0.0479438258517523,0.111063775752223,7,0.00465872178364764,48.0886661827633,0.785305495123945
"296","Lamp5","WASL",0.0998495314156589,0.0333368061461861,0.0027428842231878,0.0345105920095407,0.165188470821777,7,4.55138596157926e-06,0.0499993010070307,0.0884155051889566
"297","Lamp5","SSH1",0.0237289826959671,0.0303650335590313,0.434533473780193,-0.0357853894690844,0.0832433548610186,7,0,0,0.783680562952395
"298","Lamp5","MAPK8IP2",-0.0550729384849475,0.0607765706221284,0.364854295240036,-0.174192828008174,0.0640469510382793,7,0.00965095687960923,43.3986052879024,0.73765853898863
"299","Lamp5","TGFB2",0.0112388214906208,0.0770690524307511,0.884057215295814,-0.139813745596281,0.162291388577522,7,0.0145796198505485,39.6306332607481,0.973192565272888
"300","Lamp5","ZMAT3",0.0412478209531861,0.039119309834177,0.29169490112783,-0.0354246174218644,0.117920259328237,7,3.93714532364749e-07,0.00312003418008281,0.681644123010079
"301","Lamp5","MN1",-0.091253385497654,0.0578997865057384,0.115012581327807,-0.204734881761459,0.0222281107661516,7,0.00908009826184637,44.7271068355016,0.471362392083358
"302","Lamp5","PFDN5",-0.218623645903902,0.106442454674058,0.0399840178403304,-0.427247023491093,-0.0100002683167106,5,0,0,0.305843499326131
"303","Lamp5","CDC42",-0.0524894115812495,0.0301845358941676,0.0820434830874346,-0.111650014823874,0.00667119166137538,7,1.11897939507645e-06,0.0147245496301309,0.412681031691782
"304","Lamp5","MICAL3",-0.0465949300001522,0.0326194999190016,0.15316585660433,-0.110527975035103,0.0173381150347982,7,7.178807956135e-06,0.0843591378388454,0.534237775584196
"305","Lamp5","WSB2",-0.0484703308057143,0.0455557252046004,0.287338254063314,-0.137757911496335,0.0408172498849061,7,0.00232185737846006,16.0034568352318,0.677499641234852
"306","Lamp5","AKAP13",0.0196741200080745,0.0621970423533061,0.751760223071788,-0.102229842949318,0.141578082965467,7,4.15560494234763e-06,0.0135539996817082,0.925975950944022
"307","Lamp5","FAR1",0.062124195025908,0.0252726765510649,0.0139652288292669,0.0125906591928909,0.111657730858925,7,1.0455845638038e-07,0.00205332163343947,0.189356874685344
"308","Lamp5","CCNI",0.0451768271014465,0.0350905294251,0.197942201894606,-0.0235993467701926,0.113953000973086,7,0,0,0.590236550297945
"309","Lamp5","TUG1",0.0488234151496024,0.0350685858475865,0.163853815183352,-0.0199097501004182,0.117556580399623,5,1.93609459087734e-06,0.0269295530643614,0.550591979769544
"310","Lamp5","SLC41A2",0.0712050767588134,0.0276421000379094,0.00999608213003923,0.0170275562274578,0.125382597290169,7,2.17731614233077e-06,0.0371076793408628,0.16565412875215
"311","Lamp5","ACTG1",-0.000460740989366318,0.0616749885758792,0.994039484868501,-0.121341497345009,0.120420015366276,7,0,0,0.998808560940909
"312","Lamp5","IKBKB",-0.0471089246601884,0.0497296013347374,0.343485179809634,-0.144577152241809,0.050359302921432,7,0.00468268716915181,29.8288353967154,0.72433889877292
"313","Lamp5","FKBP4",0.0797410157920228,0.0620807670848431,0.198976805365244,-0.0419350518268894,0.201417083410935,7,0,0,0.591146851544706
"314","Lamp5","SIGMAR1",-0.0480606124069294,0.102118886376569,0.637902176267235,-0.248209951846343,0.152088727032484,7,0.0311559971866789,48.7009150716135,0.885086808739919
"315","Lamp5","ERGIC1",-0.0491820919698448,0.0312378979516782,0.115386532235047,-0.110407246907872,0.0120430629681821,7,6.01873977172769e-06,0.0761626463920059,0.47208605508003
"316","Lamp5","NRSN2",-0.0725421638996257,0.0483423920682884,0.133461351443359,-0.167291511279986,0.0222071834807343,7,0.00273100904517997,16.8312371037946,0.503337448771391
"317","Lamp5","ASTN2",0.0524284458718285,0.0403858851752575,0.194222958684485,-0.0267264345554464,0.131583326299103,7,0,0,0.587583280058094
"318","Lamp5","EIF4E",-0.0167637903888426,0.0302728158938383,0.579745009050649,-0.0760974192513773,0.0425698384736921,7,1.67100037851112e-09,2.29771080717594e-05,0.858378677238391
"319","Lamp5","PHACTR4",-0.038751993888041,0.0293793152625028,0.187161408179097,-0.0963343936929944,0.0188304059169123,7,0.000460281988917763,6.99205179697214,0.579691343250854
"320","Lamp5","SRGAP2B",-0.0659698090464612,0.0746678266784057,0.376960510755779,-0.212316060140015,0.0803764420470929,7,0.0228343735586097,70.8895258709967,0.747876199131641
"321","Lamp5","PNMA8A",0.0272452024948549,0.058257360499107,0.640020810164273,-0.0869371259177611,0.141427530907471,5,7.13032794791836e-06,0.03751819690507,0.885646843671299
"322","Lamp5","MRPL33",-0.0155670531730295,0.031944712084487,0.626036986907629,-0.0781775383551254,0.0470434320090664,6,3.33920053797153e-06,0.0488455889929065,0.880590017222811
"323","Lamp5","ST3GAL6",0.0775165928841729,0.115171676456362,0.500913846634521,-0.148215745009397,0.303248930777743,7,0.0578787648378679,67.9272571878603,0.821845066799594
"324","Lamp5","HMGN5",-0.0811963690596622,0.0923900909675762,0.379486499728754,-0.262277619884491,0.0998848817651664,7,0.0289736528000362,56.1359321622039,0.749678608577033
"325","Lamp5","CEP135",0.0784150807491562,0.0766307938291995,0.306173490792429,-0.0717785152627891,0.228608676761101,7,0.0100990444863927,26.1607114545524,0.695447061042101
"326","Lamp5","PICALM",0.0380298284354074,0.0307996394790034,0.21692388030947,-0.0223363556802572,0.098396012551072,7,0.000838187786527265,12.341950463865,0.607283648398929
"327","Lamp5","SF3B3",-0.0148418880964233,0.0297777051259201,0.618186047856899,-0.0732051176854805,0.043521341492634,7,0,0,0.877278271950208
"328","Lamp5","RAB3A",0.035920370918659,0.127362610813754,0.777918738211898,-0.21370575925329,0.285546501090608,7,0.0551043348380375,57.3212866874853,0.935175933883804
"329","Lamp5","SLITRK5",-0.0152667821864007,0.0348407471898244,0.661250321769281,-0.0835533918729215,0.0530198275001202,7,0,0,0.893749163431152
"330","Lamp5","CPSF2",0.0675775471691748,0.0374184241366194,0.0709188689790986,-0.00576121649684354,0.140916310835193,7,1.37229763009352e-06,0.012118220752282,0.386390666476352
"331","Lamp5","GLIS1",0.18953218656477,0.0498569070605238,0.000143809296927636,0.0918144443455825,0.287249928783957,7,0,0,0.0251144329005997
"332","Lamp5","ANOS1",-0.052182618456531,0.0752524831183383,0.488037330783128,-0.199674775115682,0.0953095382026203,7,0.018454867493243,54.3024607618302,0.814652322725058
"333","Lamp5","PLA2G4C",0.00498739435350449,0.0527748079348578,0.924709348413061,-0.0984493284898355,0.108424117196844,7,0.00177279017735384,8.5555242131318,0.982637204342616
"334","Lamp5","PCDH17",-0.158542332048321,0.0769788579571631,0.0394409276117078,-0.309418121215385,-0.00766654288125698,7,0.000355009318469506,0.805512266721563,0.305042729501659
"335","Lamp5","AVIL",0.149997658799241,0.107603596255457,0.163322528142859,-0.0609015144684439,0.360896832066925,7,0.0418611744303277,63.2053909388141,0.549649353486183
"336","Lamp5","NFU1",-0.0270719737002981,0.0338212693715569,0.423454597532325,-0.0933604435799773,0.0392164961793811,6,2.03601275428213e-07,0.00259644339652186,0.777655640646356
"337","Lamp5","PPIE",0.034234709584623,0.0621068398526408,0.581480914496471,-0.0874924597201499,0.155961878889396,7,0.0129806079448131,57.0949040845843,0.858378677238391
"338","Lamp5","MLXIP",0.0169963695995262,0.0360665762557142,0.637462305087032,-0.0536928209073411,0.0876855601063936,7,0.000984210106466471,10.1931630726598,0.884899791820756
"339","Lamp5","ZSWIM7",-0.0546253969764382,0.0409967093194757,0.182717715210287,-0.134977470727268,0.0257266767743919,7,1.71774454666925e-06,0.0124200645941051,0.575486214432401
"340","Lamp5","NTM",8.20462550721811e-05,0.0321218257750934,0.997962028389323,-0.0628755753817813,0.0630396678919256,7,8.15143823193943e-06,0.103909628814136,0.999725500638514
"341","Lamp5","BCOR",0.106380140404088,0.0528929693940526,0.0443007420883803,0.00271182535636594,0.210048455451811,7,0.000637865607272624,2.87938542454188,0.317621447622866
"342","Lamp5","RBM26-AS1",-0.173807251972778,0.151195399066606,0.250327678419508,-0.470144788771486,0.12253028482593,7,0.0968334123531459,70.9973540716962,0.640905310686983
"343","Lamp5","PPIG",0.00316190540154721,0.0237425088496095,0.894055088895493,-0.0433725568463109,0.0496963676494053,7,2.36218433398145e-07,0.00494068046308329,0.975921257738596
"344","Lamp5","PHYHIP",0.122504565167528,0.0521745732427615,0.0188758158165529,0.0202442807029684,0.224764849632088,7,0.000632441686374125,2.9759448428801,0.220660685581776
"345","Lamp5","SLC9A6",0.0734860863890049,0.0358586765012763,0.0404303342674163,0.00320437191323057,0.143767800864779,7,1.90850316239902e-06,0.0183900133028587,0.307625644032772
"346","Lamp5","POU6F2",-0.0189005419322775,0.0485394093804916,0.696991000623955,-0.114036036148887,0.0762349522843317,7,0,0,0.906391554342484
"347","Lamp5","BLCAP",0.0151553898397597,0.0354746591457944,0.669221026032994,-0.0543736644498318,0.0846844441293511,7,0,0,0.897891293405697
"348","Lamp5","PLCH2",-0.0773195047970779,0.0422876190047448,0.0674866255154914,-0.160201715038329,0.00556270544417342,7,3.96091330924463e-06,0.0274611605303686,0.37819707335509
"349","Lamp5","RAB8B",0.0613229991121441,0.0588891254714997,0.29772252758946,-0.0540975658930557,0.176743564117344,7,0.0119387703925259,57.420817737762,0.687746200571181
"350","Lamp5","RPS11",-0.0265982751159068,0.0767526421479554,0.7289328706917,-0.17703068944419,0.123834139212377,7,0.0100935038355103,26.0767684514594,0.91913282699127
"351","Lamp5","PDE12",0.0103695852713271,0.0457065594616103,0.820522480399716,-0.0792136251306676,0.0999527956733217,6,7.05205295716071e-06,0.0484825968130441,0.952018241840247
"352","Lamp5","UHMK1",-0.0369105405020439,0.0350246008990307,0.291953364615075,-0.105557496837033,0.0317364158329454,7,0,0,0.681927790513999
"353","Lamp5","KBTBD11",0.0228334133086938,0.0488155143921968,0.639964018477286,-0.0728432367868087,0.118510063404196,7,0,0,0.885646843671299
"354","Lamp5","CCNH",0.162448652794584,0.0745537939505817,0.0293357181664502,0.0163259017406241,0.308571403848545,7,0.0197996379407575,56.6325761238758,0.265777161782256
"355","Lamp5","DSCAML1",-0.0174235949006616,0.036933520198612,0.637101247542714,-0.0898119643122237,0.0549647745109005,7,0,0,0.884899791820756
"356","Lamp5","CRTAC1",-0.0495522562044449,0.0613356256048465,0.419155620242114,-0.169767873359177,0.0706633609502871,7,0.0134764950247001,61.0141092613683,0.77451824203885
"357","Lamp5","PXDNL",0.0592582987977569,0.0452388312756728,0.190230013360052,-0.029408181205246,0.14792477880076,7,4.14493614722078e-07,0.00261931807995316,0.584372137110933
"358","Lamp5","ZMYM5",-0.038586474578566,0.0320867936955486,0.229144463095902,-0.101475434601208,0.0243024854440761,7,0,0,0.620850352829784
"359","Lamp5","RLIM",0.0747931052171809,0.0599902863052713,0.212487859899548,-0.0427856953633973,0.192371905797759,7,0.00706511710123557,31.4982348501119,0.602605454867305
"360","Lamp5","RETREG2",-0.0519084683663731,0.0547913821495343,0.343443238032257,-0.159297604042631,0.0554806673098849,5,4.94334712367159e-06,0.0268703734575019,0.72433889877292
"361","Lamp5","BSG",0.110961274397893,0.0432837745657064,0.0103599818695356,0.026126635134158,0.195795913661629,7,0,0,0.1674714391366
"362","Lamp5","IGSF9B",0.12685729720875,0.088628772336157,0.152334766153551,-0.0468519045641174,0.300566498981618,7,0.0248955686577796,55.3204901080626,0.532427520323451
"363","Lamp5","PGAM1",-0.0218633104940427,0.079104388280376,0.782251947939145,-0.176905062542652,0.133178441554567,7,0.0140361727414771,36.5507928208002,0.937343620161761
"364","Lamp5","CCNG2",0.0741887081526894,0.0722721487994602,0.304647180354333,-0.0674621005795722,0.215839516884951,7,0.0114335082038939,35.8255531289561,0.694164386896801
"365","Lamp5","CLCN7",-0.0568816617431951,0.0443915080519105,0.200065989739518,-0.143887418744359,0.0301240952579692,7,0.00417991077278463,34.3566568867409,0.591415610548944
"366","Lamp5","NOMO1",-0.0517670160841124,0.0469895001176129,0.270604298597773,-0.143864743966174,0.0403307117979496,7,0,0,0.660151516639454
"367","Lamp5","DLGAP4",-0.0707233299397431,0.0514907765630546,0.16959244629464,-0.171643397539329,0.0301967376598431,7,0.00715345571856377,43.8731720221062,0.558720679128817
"368","Lamp5","ZNF483",0.0510226464031612,0.0354576123457981,0.150157376905266,-0.018472996772386,0.120518289578708,7,0.00177854310538652,20.8551382268836,0.52961192323787
"369","Lamp5","RPL18",-0.031134395897086,0.0819005222180442,0.703834866300078,-0.191656469759475,0.129387677965303,7,0.00937951546945587,20.7153966016332,0.909441194001807
"370","Lamp5","CALY",-0.0120326290804028,0.0540135512220662,0.82371408157704,-0.117897244152762,0.0938319859919563,7,2.56086288680937e-07,0.00105899702081179,0.952809502647661
"371","Lamp5","DOT1L",-0.0300056232711093,0.0636410254189769,0.637296286655399,-0.154739741031502,0.0947284944892835,7,0.00769240352129724,30.5176271807496,0.884899791820756
"372","Lamp5","CABP1",-0.0316828406928652,0.0357206581139806,0.375099746474915,-0.101694044100336,0.0383283627146054,7,3.15692580879055e-06,0.0294568091142957,0.746392324142015
"373","Lamp5","SNED1",0.0733990450637917,0.110752440500672,0.507503028809562,-0.143671749517441,0.290469839645024,7,0.0475717626200699,63.1103073663582,0.823392853280906
"374","Lamp5","PIP4K2C",-0.107597555556675,0.0993008937776873,0.278564048143449,-0.30222373099358,0.0870286198802292,7,0.0375843111376433,64.4812078373954,0.668106652398611
"375","Lamp5","GLO1",0.0435028527298136,0.0540518671181924,0.420914706556292,-0.0624368601189884,0.149442565578616,7,0.00613031201954548,32.9882515114452,0.775714099875474
"376","Lamp5","NRSN1",0.0372614877345993,0.0377547720326691,0.323674741076576,-0.0367365056939521,0.111259481163151,7,0,0,0.707640979704331
"377","Lamp5","ANKZF1",-0.0589978118574264,0.0600807128135487,0.326111722730628,-0.176753845137476,0.0587582214226232,7,0.00611957260371076,26.042697126201,0.709268864799304
"378","Lamp5","RAB18",0.0220335706988541,0.029966831205875,0.46217794571315,-0.036700339195452,0.0807674805931602,7,1.65648432574137e-06,0.0226675335896958,0.799986854445396
"379","Lamp5","PRKACB",0.10439052320452,0.0511001408493197,0.0410661256163318,0.00423608753492945,0.204544958874111,7,0.00764191834855514,52.0646215068798,0.308910339384172
"380","Lamp5","RAB11FIP2",0.0620410513969334,0.0307841832778629,0.0438674873079924,0.00170516087884192,0.122376941915025,7,2.02570945840965e-06,0.0260918344406764,0.316151632395449
"381","Lamp5","ABCG4",-0.0744193931335632,0.125105189154382,0.551940688838656,-0.319621058155222,0.170782271888096,7,0.0667418662917309,70.1029105057875,0.846563896090996
"382","Lamp5","SREK1IP1",-0.0253363793349286,0.0371359581246329,0.495074551923247,-0.0981215197905967,0.0474487611207395,7,3.9957705204399e-06,0.0358828970991408,0.818019118653114
"383","Lamp5","TRPC5",0.12627645255491,0.0440863621262621,0.00417935410604998,0.0398687705780452,0.212684134531774,7,0,0,0.110041348720566
"384","Lamp5","NORAD",0.0239586879193672,0.0457494118670745,0.600491459108388,-0.0657085116539882,0.113625887492723,7,2.95846725612314e-06,0.0175236569089303,0.867414734693878
"385","Lamp5","SPOCK3",-0.0145872976967895,0.0690262862201273,0.832630084284563,-0.149876332674792,0.120701737281213,7,0,0,0.956432924595053
"386","Lamp5","DIO2",0.0117952032425975,0.135384713662486,0.930573268950599,-0.253553959593143,0.277144366078338,7,0.0714365710098945,65.4726146346978,0.984877831080086
"387","Lamp5","SLCO3A1",0.0452952212210409,0.0326892677276964,0.165859995217666,-0.0187745662062315,0.109365008648313,7,0.000998474473051591,13.1489354696488,0.552666392534988
"388","Lamp5","TRAPPC12",-0.0327099202648277,0.0280684054890702,0.243871524879575,-0.0877229841268717,0.0223031435972163,7,2.11813537606258e-07,0.0033243898301824,0.636259619574418
"389","Lamp5","RBMX",-0.0112515685546016,0.0314253821062847,0.720312790158385,-0.072844185683329,0.0503410485741258,7,0,0,0.915387356767999
"390","Lamp5","FANCL",0.13761775849802,0.0445766489490006,0.00202040504772672,0.0502491320064941,0.224986384989547,7,3.23283051985686e-06,0.0209749258342423,0.0781942523163877
"391","Lamp5","CAMKV",-0.073721375761459,0.056156092405403,0.189252404858526,-0.183785294388552,0.0363425428656341,7,0.00587165921490672,28.6898902103295,0.582866214190861
"392","Lamp5","LRRN2",-0.0564191089755979,0.0383047749499215,0.14077796017633,-0.131495088313356,0.0186568703621603,7,1.38244384955129e-06,0.0119061216338476,0.516304423367555
"393","Lamp5","TMEM130",-0.0489977170454294,0.0308345360425874,0.11204839063913,-0.109432297168903,0.0114368630780442,7,0,0,0.466731697545577
"394","Lamp5","ZBTB34",0.0214740549444377,0.0620781639140974,0.729403122361121,-0.100196910553567,0.143145020442443,7,0.00699352085311572,28.2635691456133,0.919267777459863
"395","Lamp5","PELI3",0.120932309710171,0.274794595711719,0.659877311232284,-0.417655201031044,0.659519820451386,7,0.44433806565033,93.4148137222648,0.893367631172136
"396","Lamp5","NUDT21",0.0948899972855146,0.0787753560992668,0.228371468904835,-0.0595068635383661,0.249286858109395,7,0.0145813003612558,36.1531579180586,0.620139508772235
"397","Lamp5","MFSD13A",-0.0665816978473543,0.186022646057709,0.72040128270054,-0.431179384429306,0.298015988734597,5,0.0960013979505344,60.8790339921005,0.915387356767999
"398","Lamp5","ELOVL7",-0.0145265786477516,0.0681303225875847,0.831157300853574,-0.148059557174513,0.11900639987901,7,0.00820448441579402,26.8922816974094,0.955750977010374
"399","Lamp5","NRBP1",0.0582927718743531,0.0352440159006832,0.0981323002255252,-0.0107842299615429,0.127369773710249,7,0,0,0.444220848429946
"400","Lamp5","RAB33B",-0.0578665405783086,0.0913400955076347,0.526388669384706,-0.236889838117721,0.121156756961104,7,0.0283162762072271,59.42346111231,0.834183690929086
"401","Lamp5","RTTN",0.0657904547170935,0.0613394998095143,0.283467403103523,-0.0544327557392561,0.186013665173443,7,0.0113170863029296,48.8568798880123,0.673049340026877
"402","Lamp5","SMAD5",0.163619575990422,0.043796777074416,0.000187058632977743,0.0777794702856369,0.249459681695207,7,0.00279903953419237,21.8689640207823,0.0283168885035548
"403","Lamp5","EBAG9",2.01448441181884e-06,0.0744609338084102,0.99997841383491,-0.145938734035293,0.145942763004117,7,0.0184070479931905,57.9505492656537,0.99997841383491
"404","Lamp5","MIB2",-0.151426428585932,0.0508540192176202,0.00290449617000392,-0.251098474721575,-0.0517543824502886,7,0.00157359100159885,8.18629493183169,0.0900947102885028
"405","Lamp5","HID1",-0.0635468721154995,0.0406087097530996,0.11761616355965,-0.143138480690215,0.0160447364592162,7,0,0,0.474626223227585
"406","Lamp5","FBXO7",0.0226180203889429,0.0347431350803964,0.515042037904883,-0.0454772730786441,0.0907133138565299,7,1.62919555066304e-06,0.0166280044229809,0.826822012668583
"407","Lamp5","SUZ12",-0.00654183154754943,0.0293318172653364,0.823513316266813,-0.0640311369887188,0.05094747389362,7,2.88041081048056e-06,0.0412542299358461,0.952809502647661
"408","Lamp5","TPGS1",0.0638319044570297,0.246765366302588,0.795886406395296,-0.419819326127876,0.547483135041935,6,0.286442765800139,89.8715460593749,0.943123814316423
"409","Lamp5","TENT2",0.0267292658287249,0.0426144264382846,0.530505110606487,-0.0567934752121444,0.110252006869594,5,0.00357088258176951,44.2697167425268,0.8358827065654
"410","Lamp5","KLHL9",0.0517426518477341,0.0529204686952028,0.328201130706292,-0.0519795608398427,0.155464864535311,7,7.58137089115713e-08,0.000332431580965302,0.710834120387789
"411","Lamp5","VAMP1",-0.00554934011374209,0.0543513778783199,0.918676360058245,-0.112076083265376,0.100977403037892,7,0.00115108122658073,5.04253892544663,0.98216078937391
"412","Lamp5","TMPO",-0.00110382812058306,0.0366215112680924,0.975954185275556,-0.072880671265472,0.0706730150243059,7,3.66835940124852e-07,0.00337188645614717,0.997093441046833
"413","Lamp5","DPP8",-0.050885022103289,0.0306866649185972,0.09727451194673,-0.111029780149388,0.00925973594281029,7,0.00138079249899525,22.0716166040678,0.443201392668085
"414","Lamp5","ATG4C",0.101951996637456,0.0400149770502153,0.0108390327677267,0.0235240827768377,0.180379910498075,7,5.19873833803349e-06,0.0410965790820592,0.169443127933652
"415","Lamp5","SUN1",-0.0450835647472046,0.026446749708514,0.0882518678976609,-0.0969182416840372,0.00675111218962804,7,6.59824498971698e-07,0.0112813450896531,0.42455383172005
"416","Lamp5","COL19A1",-0.0156768134148219,0.115248298903225,0.891800395601307,-0.241559328544651,0.210205701715007,7,0.0410648786838584,54.3830605691514,0.975669282864882
"417","Lamp5","RPE",-0.0277350025898018,0.0749795765030595,0.711456432594366,-0.174692272111864,0.11922226693226,7,0.0257190358603641,76.5940448780111,0.913202476912742
"418","Lamp5","RCHY1",0.0502225905851005,0.0324091081313793,0.121226907266641,-0.013298094123467,0.113743275293668,7,8.91319228304549e-08,0.00102069015851906,0.481325559097531
"419","Lamp5","SLC8A3",-0.0223453507321445,0.0450903902934234,0.620199294120625,-0.110720891756109,0.0660301902918197,7,0.00380734971454247,28.1322820688297,0.87748384928008
"420","Lamp5","KCNJ2",0.0014540003176535,0.068817715502168,0.983143321627875,-0.133426243564919,0.136334244200226,7,0,0,0.997296915565468
"421","Lamp5","HCFC2",-0.0343317363792365,0.0278326993547429,0.21738791396211,-0.0888828247070637,0.0202193519485907,7,2.47250472678494e-06,0.0387478713314478,0.607397120257931
"422","Lamp5","MED28",0.0366182159744763,0.0526791660546204,0.486981599962767,-0.0666310522281846,0.139867484177137,7,0.0070510965358754,41.9423441146414,0.814177681246292
"423","Lamp5","DSCAM",0.0336090267743612,0.0459451010319619,0.464471341070069,-0.0564417165143381,0.123659770063061,7,0,0,0.800596104093666
"424","Lamp5","RPL28",-0.0306481316748129,0.0565598781748538,0.587907693399197,-0.141503455867499,0.0802071925178735,7,0,0,0.861277671761366
"425","Lamp5","NMBR",-0.31217445711168,0.096225122424734,0.00117777082595176,-0.500772231472116,-0.123576682751244,7,1.75924721481316e-06,0.00246913804214606,0.0600046589124119
"426","Lamp5","MAPT",0.00787810137082858,0.0281499453514754,0.779583345069852,-0.0472947776848339,0.0630509804264911,7,3.03257790484424e-07,0.00468077443945954,0.936235913204495
"427","Lamp5","TGS1",0.026830960851747,0.0507174061106561,0.596785575924089,-0.0725733285144306,0.126235250217925,7,0.00737836958384598,47.6727455761085,0.865992238665974
"428","Lamp5","SYCE1",-0.0509678682493553,0.108613325500596,0.63888394031098,-0.263846074471649,0.161910337972938,7,0.0214363070399731,27.3473670088308,0.885331754597799
"429","Lamp5","CAMKK1",0.0910958795484701,0.0904269849608421,0.313743999590958,-0.0861377542053255,0.268329513302266,7,0.0246170789148827,49.0975572064777,0.698925605264866
"430","Lamp5","IFT52",-0.097272285342084,0.060241866072732,0.106376597572385,-0.215344173206124,0.0207996025219561,7,0.0110247949901277,51.5714159898772,0.460256834944386
"431","Lamp5","SLC4A7",0.0196265469912187,0.0463176805518378,0.67175712439889,-0.0711544387378147,0.110407532720252,7,0.0054987774397089,41.7777515891379,0.898606649964914
"432","Lamp5","PPP1R26",-0.186030446555683,0.156181939760783,0.233608956297508,-0.492141423522422,0.120080530411056,7,0.101555499023277,73.0484711818566,0.623739564269235
"433","Lamp5","HNRNPA0",0.0460892724099597,0.0614686455519222,0.453374365441222,-0.0743870590502659,0.166565603870185,7,0.00770813028409314,32.3521299637926,0.795233798226983
"434","Lamp5","AMH",0.189790417276436,0.160596103056834,0.23729015211323,-0.124972160772442,0.504552995325314,7,0.0836660938051648,51.3666867076548,0.627127719143009
"435","Lamp5","OS9",-0.0789418954907575,0.0377507935897074,0.0365162257774733,-0.152932091314389,-0.00495169966712558,7,0,0,0.29202777480579
"436","Lamp5","RABGEF1",-0.257551708425692,0.163715637119706,0.115680619890331,-0.578428460886345,0.0633250440349601,6,0.122902156356025,83.8119286096077,0.47265993920282
"437","Lamp5","FRMD4B",0.0214816888286988,0.0546079855590825,0.69403884631622,-0.0855479961353862,0.128511373792784,7,3.49820564900896e-06,0.0150688141156676,0.905942502810902
"438","Lamp5","CCDC57",-0.0631469209800912,0.0314131426857815,0.0444092792614251,-0.124715549285441,-0.00157829267474158,7,6.02331779905423e-07,0.00754627644364382,0.317637901128817
"439","Lamp5","ALDH6A1",0.0971555484505434,0.048343260590175,0.0444627360717548,0.0024044987985658,0.191906598102521,6,0.000741552587426558,4.80206908641564,0.317661461028
"440","Lamp5","ID2",0.0421018068627144,0.0617215822973849,0.495160195047994,-0.0788702715089849,0.163073885234414,7,0.00411581516841908,15.3717153297591,0.818019118653114
"441","Lamp5","TRIM71",0.0780982017064737,0.0457576979646275,0.0878634470011448,-0.0115852383196578,0.167781641732605,7,0,0,0.423859887078298
"442","Lamp5","IFIT5",0.116055757116549,0.169893358039791,0.494537689137524,-0.21692910585401,0.449040620087108,7,0.130747752692288,76.3149650415696,0.81779405901804
"443","Lamp5","ELOB",-0.0133578648221702,0.0795041427947341,0.866571713341138,-0.169183121321579,0.142467391677238,5,2.44764733820438e-06,0.0066387510499623,0.967080288977519
"444","Lamp5","CCP110",0.090223792879497,0.0340759375585923,0.00810348440769003,0.0234361825252204,0.157011403233774,7,6.32857737346773e-06,0.067992801231669,0.150328399543524
"445","Lamp5","THUMPD1",0.0146582809065218,0.0331894855558523,0.658739343010329,-0.0503919154483609,0.0797084772614046,7,0.000161719318450142,1.84411190513079,0.892964921996311
"446","Lamp5","KIF3C",-0.0112997338100191,0.0253113809366794,0.655287407747556,-0.0609091288448845,0.0383096612248463,7,0,0,0.891939689193379
"447","Lamp5","NTNG1",0.101074239764341,0.0581220758788039,0.0820349148127176,-0.0128429356648189,0.214991415193501,7,0.00217017886270278,8.8822635717997,0.412681031691782
"448","Lamp5","AP2A2",-0.0155788042415421,0.026483209357268,0.556363073349637,-0.0674849407768215,0.0363273322937373,7,6.56793050884506e-07,0.0114264710750188,0.849257985192773
"449","Lamp5","THUMPD3",0.0137030102138905,0.0890152718432997,0.877657051049594,-0.160763716673019,0.1881697371008,7,0.0307714351745818,67.5931602120086,0.971123304358077
"450","Lamp5","HDAC3",-0.0349941522410202,0.0333444901934751,0.293960336445327,-0.10034815210308,0.0303598476210399,7,0,0,0.684076992323344
"451","Lamp5","PCSK1N",0.216641355895329,0.110587221483433,0.0501117394395422,-0.00010561536255338,0.433388327153211,7,0.0305292057015352,40.475168017277,0.334379106357185
"452","Lamp5","MACROD1",-0.0243613014552459,0.0673258108715038,0.717470155375008,-0.156317465993349,0.107594863082857,6,0.0104447085071144,42.5713726817301,0.914638693969696
"453","Lamp5","SHLD1",-0.0555773097386524,0.116446733271844,0.63316511768562,-0.283808713068808,0.172654093591503,5,0.0448413365968286,74.2044503745705,0.882993296421211
"454","Lamp5","ZNF714",-0.108777392265947,0.0469822781506984,0.0205973070517351,-0.200860965352959,-0.0166938191789352,7,0,0,0.22867109709499
"455","Lamp5","NUP133",-0.0558490740622124,0.0278214744838314,0.0447061474048924,-0.110378162047322,-0.00131998607710282,7,0,0,0.318617888447621
"456","Lamp5","SLU7",0.0839498961661833,0.0397145883843943,0.0345297728842267,0.00611073327193772,0.161789059060429,7,0,0,0.287703178241735
"457","Lamp5","SFSWAP",-0.0053176771452835,0.0555586173969909,0.923748584439715,-0.114210566274226,0.103575211983659,7,0.0111485995401918,61.6651910584785,0.982375103729229
"458","Lamp5","PYGO1",0.0863492694942997,0.03865835383387,0.0255060474886575,0.0105802882783085,0.162118250710291,7,1.40144755770695e-06,0.0114912850094893,0.250751745090418
"459","Lamp5","VIPAS39",-0.0247842902429815,0.0420087653939138,0.555204715068489,-0.107119957450045,0.0575513769640821,7,6.15548912864967e-05,0.433476778276427,0.848957062716284
"460","Lamp5","FAN1",0.0271862541361133,0.0320717140022987,0.39662135570556,-0.0356731502308611,0.0900456585030878,7,0,0,0.761103143915725
"461","Lamp5","ZFAT",-0.00811821770856551,0.0818222983358231,0.92096544628924,-0.16848697557907,0.152250540161939,7,0.0278794978064394,67.9218770981395,0.982375103729229
"462","Lamp5","RANBP17",0.0467273167536743,0.0290182830149601,0.107338578390795,-0.0101474728488378,0.103602106356186,7,3.59476753223034e-06,0.0540834444089592,0.46144116101557
"463","Lamp5","SASH1",-0.172009658854718,0.0837322363886425,0.0399483679473014,-0.336121826521451,-0.00789749118798458,7,0.0169516005261922,38.8545452398597,0.305843499326131
"464","Lamp5","RSL24D1",-0.0246965545523348,0.0562164747699728,0.660435704704448,-0.134878820439286,0.0854857113346166,7,2.17084136554195e-08,8.69355838148078e-05,0.893414587639381
"465","Lamp5","NEXN",0.141686642154956,0.0648882020642692,0.0289953213853968,0.0145081030874309,0.268865181222481,7,0,0,0.265227822244642
"466","Lamp5","PDIA5",-0.016572052480492,0.0404761357519983,0.682225791238413,-0.0959038207877627,0.0627597158267786,7,1.13389684422941e-07,0.000856724703643378,0.902529462625427
"467","Lamp5","CEP112",0.0386432082608765,0.0548449006367563,0.481064972626949,-0.0688508217228437,0.146137238244597,7,0.00424494123776294,20.6696995155149,0.811342049869339
"468","Lamp5","PDE10A",-0.069594808706313,0.0836724214978212,0.405548235575005,-0.233589741341298,0.0944001239286714,7,0.0242213484353101,53.6110850306223,0.767085444302802
"469","Lamp5","CNOT3",0.00594461762069514,0.0503409883232677,0.90599870290208,-0.092721906439061,0.104611141680451,7,0,0,0.979410581352243
"470","Lamp5","CAMK4",0.103410123941032,0.0622971870800714,0.0969248079038791,-0.0186901190740615,0.225510366956126,7,0.00807435417239414,32.0395126494008,0.442582580268228
"471","Lamp5","ZNHIT1",-0.0531655930248004,0.0637815010897865,0.404529990556265,-0.178175038040684,0.0718438519910833,6,9.84178856881161e-08,0.000354814593615558,0.766619574934442
"472","Lamp5","CRTC3",-0.0124610362984608,0.0644351627016869,0.84665451649238,-0.138751634531746,0.113829561934824,7,0.0191371555138839,78.5564106037349,0.959421815061179
"473","Lamp5","AFG3L2",-0.0912280587525364,0.0612248234814581,0.136211044387097,-0.211226507736016,0.0287703902309437,6,0.0130888309802508,65.9350264374598,0.508887185200031
"474","Lamp5","TBC1D15",0.031714954746404,0.0255809241406621,0.215053355518265,-0.0184227352605448,0.0818526447533529,7,9.76515163948436e-07,0.0182765012692931,0.605960143389495
"475","Lamp5","ANK1",-0.0320667786796775,0.0351008568953525,0.360947495851625,-0.100863194021063,0.0367296366617079,7,1.18515833598273e-06,0.0120584684230505,0.735582667233352
"476","Lamp5","MSH4",0.181713131401895,0.0801369681698156,0.0233577526881973,0.0246475599588233,0.338778702844966,7,0.00762080423536627,16.9961794121576,0.240752953311019
"477","Lamp5","CRY1",0.0888120624522892,0.119163086974823,0.456091325890409,-0.144743296304977,0.322367421209555,6,0.0586954396272401,74.2396939485717,0.797076745042146
"478","Lamp5","ZRANB2",0.0378836486234526,0.0279013846155446,0.174536840482258,-0.0168020603418147,0.0925693575887199,7,1.09870958334681e-06,0.0173429661536544,0.565544848484534
"479","Lamp5","C14orf28",-0.116862683783911,0.190643221227037,0.53988192663395,-0.490516531285606,0.256791163717783,5,0.0927560594924167,54.385916035868,0.839590111913578
"480","Lamp5","FLACC1",-0.0303352703093671,0.0535656450327119,0.571176594164632,-0.135322005382139,0.074651464763405,5,2.24264441686795e-06,0.0137346575920604,0.855299936384124
"481","Lamp5","TUBG2",-0.0656013462086143,0.0469183860456553,0.162052640298711,-0.157559693070845,0.0263570006536166,7,0.00348977365127775,24.1292677700698,0.547299498823011
"482","Lamp5","NDEL1",-0.0422621586867667,0.0352229254129715,0.23019835549511,-0.111297823926331,0.026773506552798,7,0,0,0.621816209052182
"483","Lamp5","SEC22B",0.0533903047212356,0.0495683475936591,0.281433452526389,-0.0437618713354988,0.15054248077797,7,0.0031224097374583,18.5667761174325,0.670717947142903
"484","Lamp5","DUSP28",0.0444433146641261,0.0761054859403556,0.559240548662552,-0.10472069680489,0.193607326133142,7,1.32426279392211e-08,2.88185333161848e-05,0.850674250152825
"485","Lamp5","TMEM132E",0.0331998302592186,0.0636402432282132,0.601893281544191,-0.0915327544354482,0.157932414953885,7,0.00125238585216041,4.08860141354445,0.8680338189747
"486","Lamp5","KSR1",0.045585887585041,0.0373623632819966,0.222426277251487,-0.0276429988249741,0.118814773995056,7,0.000302113699352654,2.77385787392723,0.612921420695025
"487","Lamp5","RBSN",-0.0235693783860325,0.0459894483465194,0.608304374481059,-0.113707040814076,0.0665682840420107,7,0.00443378884155565,33.1704152981465,0.871849474403043
"488","Lamp5","RBM45",0.0576779684922682,0.0373781128387222,0.122807796115772,-0.0155817864817014,0.130937723466238,7,0.000687339815799567,6.35862993280768,0.484268398597447
"489","Lamp5","USP11",-0.00192483579594953,0.0714252988096629,0.978500462506246,-0.1419158490479,0.138066177456001,7,0.0205120221442594,67.8855902633616,0.997093441046833
"490","Lamp5","MLH1",-0.000726573193053047,0.0302522636814611,0.980838927919034,-0.0600199204595259,0.0585667740734198,7,4.73722514401627e-06,0.062082842178747,0.997097308652136
"491","Lamp5","HSPA9",0.0535986042921384,0.0444109086547563,0.227478648463827,-0.0334451771918821,0.140642385776159,6,0.00322654244558749,28.2652966026298,0.618698466449602
"492","Lamp5","HPSE2",0.0350074305958274,0.0876490635528241,0.689595177118912,-0.13678157724637,0.206796438438025,7,0.00940044030555373,17.5735110257095,0.904261921399679
"493","Lamp5","VAMP7",0.0849597820436059,0.0378985395673676,0.0249762871590218,0.0106800094248991,0.159239554662313,7,8.16859266675458e-06,0.0719823682911228,0.250179263646175
"494","Lamp5","MTMR9",0.00984830045630477,0.048404237463978,0.838775922065702,-0.0850222616722166,0.104718862584826,7,0.00648066022866579,46.5744713791939,0.958356578693386
"495","Lamp5","MPI",0.000307338795057225,0.0804930187226351,0.996953521093236,-0.157456078908216,0.15807075649833,7,0.0128432455756329,31.1262759506961,0.999491564254049
"496","Lamp5","UNC5B",-0.0384611414645076,0.040061919027947,0.337033868738324,-0.116981059910844,0.0400587769818285,7,2.8190498020223e-06,0.0219871789039316,0.718336844812265
"497","Lamp5","NFASC",0.00319498510675667,0.0259196999904306,0.901897460448655,-0.0476066933645706,0.0539966635780839,7,0,0,0.977956078464346
"498","Lamp5","INSIG2",0.0269975749548428,0.0359646422186643,0.452851332532376,-0.043491828510608,0.0974869784202936,7,0.00085066359993154,8.81295186216913,0.7951327390625
"499","Lamp5","BASP1-AS1",0.147013586231013,0.0808404742190428,0.0689779552887819,-0.01143083173145,0.305458004193475,5,0.00873108167436749,27.4079117589955,0.381859308516838
"500","Lamp5","GK",0.114753274594654,0.034608100772577,0.000913837138347508,0.0469226435070704,0.182583905682238,7,1.26231154419709e-06,0.0126752996150433,0.054585113815654
"501","Lamp5","CFL2",-0.041644154096558,0.0866575759889255,0.630829337258237,-0.211489882022395,0.128201573829279,7,0.0182077816067107,40.3284998382967,0.882993296421211
"502","Lamp5","NR1D1",0.214142945198887,0.159390741728234,0.179107113945318,-0.0982571680575767,0.52654305845535,7,0.100180686679276,67.159194353275,0.571641840318136
"503","Lamp5","CPE",0.0663835188944704,0.0519549890735302,0.201350952479402,-0.0354463885068208,0.168213426295761,7,5.18459819990272e-08,0.000242664748798319,0.592262531366811
"504","Lamp5","SYTL3",0.152798533198477,0.222454646824533,0.492161508880678,-0.283204562771185,0.588801629168138,6,0.206245569065966,75.2204017536079,0.816204797966937
"505","Lamp5","FLOT2",-0.0591799372354287,0.0535117934142796,0.268759734454382,-0.164061125075564,0.0457012506047069,7,0.00581114482499537,31.8094061261386,0.658491633751272
"506","Lamp5","COL24A1",0.0112465355626316,0.137013999087507,0.934580621719144,-0.257295968026687,0.27978903915195,5,0.056113553707679,63.9417973855199,0.985334537171757
"507","Lamp5","CSNK1G2",-0.0578288374384442,0.0631543254293193,0.359837376997205,-0.181609040747832,0.0659513658709438,7,0.00870648559787971,36.6351644050213,0.73483363923243
"508","Lamp5","HNRNPA3",0.0282907781479226,0.0289770533344336,0.32890759695123,-0.0285032027656634,0.0850847590615087,7,1.49847315058349e-08,0.000207986762243285,0.711413628493354
"509","Lamp5","ERCC2",-0.0987334357487729,0.054465745619282,0.069868532177878,-0.205484335553686,0.00801746405614004,7,7.20863000670541e-08,0.000309004004534913,0.384164494857583
"510","Lamp5","LMBRD1",0.0140681865269968,0.0254235144547159,0.58002148587612,-0.0357609861646799,0.0638973592186735,7,0,0,0.858378677238391
"511","Lamp5","ABHD10",0.000233310265216638,0.0503239481944886,0.996300886589696,-0.0983998157558405,0.0988664362862738,6,0.00206255801066889,13.1033397506149,0.999418218011508
"512","Lamp5","CTBP1-AS",-0.130908955810659,0.114871938873139,0.254449740563539,-0.356053818836299,0.0942359072149805,5,0.0171311454833466,26.8932214743437,0.645653394313467
"513","Lamp5","PHC3",0.0372769848183656,0.0413610565626119,0.367451137340494,-0.0437891964068778,0.118343166043609,7,0.00556531492302633,54.9779141921701,0.739583900750189
"514","Lamp5","ZBTB6",-0.00632112043538495,0.0542527531718095,0.907246430667425,-0.112654562714273,0.100012321843503,6,5.16406492330381e-06,0.025629388504612,0.979706322215609
"515","Lamp5","ALDH7A1",-0.0276981106561821,0.0480462671140997,0.56428517861022,-0.121867063791409,0.0664708424790445,6,0.00158171672299403,10.8424193348825,0.852935819308762
"516","Lamp5","SALL2",-0.102695769867588,0.106764232711857,0.336103346850261,-0.311949820819881,0.106558281084704,7,0.0375177057413125,56.1667791969812,0.717302587286027
"517","Lamp5","MEF2C-AS1",0.131901278454602,0.0397726485371347,0.000911912295014574,0.0539483197520483,0.209854237157156,7,2.23732833876783e-06,0.018160577744559,0.054585113815654
"518","Lamp5","FAM182A",0.0787263117706153,0.0901859420269495,0.382699435718698,-0.0980348865140229,0.255487510055253,5,0.00179206448525778,4.03832838798617,0.752499597461346
"519","Lamp5","ETAA1",-0.0985559320919941,0.103213248756031,0.339640025882753,-0.300850182381189,0.1037383181972,7,0.0373611423733156,61.285873267456,0.720542354333042
"520","Lamp5","DCPS",-0.0188876018476334,0.054098189037113,0.726987536764478,-0.124918103989214,0.0871429002939476,7,1.51990667731653e-06,0.00652636233083442,0.918061663375543
"521","Lamp5","GATAD2A",-0.01716630397621,0.0559821143813127,0.759118105167397,-0.126889231941985,0.0925566239895646,7,0.00884225335556603,47.3308435954544,0.926555528105898
"522","Lamp5","BCAT1",0.0915272856161737,0.0327015368526528,0.00512820939390426,0.0274334511458648,0.155621120086483,7,0.00105907879870256,13.975477735694,0.121924962508352
"523","Lamp5","BAG6",-0.0414048682758549,0.0504400602292401,0.411718784466441,-0.140265569703197,0.0574558331514869,7,3.29058940606245e-06,0.015497785538404,0.770780360587691
"524","Lamp5","PPHLN1",0.0428611346505095,0.0265746006114946,0.106774728382675,-0.00922412545155604,0.094946394752575,7,6.67486820804367e-06,0.118383263234365,0.461002188251675
"525","Lamp5","ZNF283",-0.0189776037594459,0.0366166581394362,0.604264407636153,-0.0907449349469562,0.0527897274280644,7,0,0,0.868766296095306
"526","Lamp5","SRC",-0.0961292490604695,0.0430546384145251,0.0255669598676413,-0.180514789720333,-0.0117437084006057,7,0.00221684836467194,17.2756858194377,0.251030601853138
"527","Lamp5","SGPP1",-0.0828634760167471,0.033954068845728,0.0146686550430641,-0.149412228082967,-0.0163147239505267,7,0,0,0.193836956530391
"528","Lamp5","STX6",0.043767092938097,0.0499818816843913,0.381215349166171,-0.054195595042852,0.141729780919046,7,0.00591550048130954,38.8103188878192,0.751558582373596
"529","Lamp5","NINJ1",-0.181272848347171,0.195997587213876,0.355032047305561,-0.565421060343116,0.202875363648774,5,0.126530816231308,67.4498131628715,0.732165589537369
"530","Lamp5","RO60",0.0772058235359035,0.0395543269460702,0.0509508805682991,-0.000319232711116169,0.154730879782923,5,0.00208009071373292,27.5477689363594,0.337671119783235
"531","Lamp5","MAPK1IP1L",-0.0248751465887232,0.0395454596244462,0.529331632394792,-0.102382823204721,0.0526325300272743,7,0.00128736593419589,11.3218167728159,0.83539935843094
"532","Lamp5","WDR25",0.0462035222643678,0.039969566776825,0.247694429510134,-0.0321353890958779,0.124542433624614,7,0,0,0.638685199046063
"533","Lamp5","CASTOR2",0.0527727025313461,0.0360410633955639,0.143128870578394,-0.017866483688484,0.123411888751176,5,2.50974154833537e-06,0.0331643924078735,0.519863907097606
"534","Lamp5","CBFB",0.0315669278318698,0.0544066401745447,0.561777334427145,-0.0750681274300678,0.138201983093807,7,0.00619292749746432,31.9420290097942,0.852575525687085
"535","Lamp5","KCNQ1",-0.124188560782086,0.206400562054758,0.547382421814179,-0.528726228798235,0.280349107234064,7,0.205594793742624,79.1577360152401,0.844555074503389
"536","Lamp5","CLCA4-AS1",0.201293202667489,0.158954135536794,0.205384126667439,-0.110251178178326,0.512837583513303,5,0.0681256368496321,61.4051964032279,0.59457486584747
"537","Lamp5","PDZD2",-0.0171864613473846,0.0327643495348356,0.599897712418687,-0.0814034064125441,0.0470304837177749,7,5.63136874464378e-06,0.0642049464147452,0.867373974312254
"538","Lamp5","MUL1",-0.211529759104285,0.062916857229654,0.000773654931216763,-0.334844533294856,-0.088214984913715,6,5.69821894546913e-07,0.00200649007757205,0.0525689734228481
"539","Lamp5","PLEKHA3",-0.00250087890821166,0.0609047735026524,0.96724637572707,-0.12187204145998,0.116870283643556,7,0.0108902017169171,51.8039086919323,0.995358653770326
"540","Lamp5","HNRNPK",0.0345445013460021,0.0372878953778492,0.354224281018822,-0.0385384306538799,0.107627433345884,7,1.0985258515898e-06,0.00928190321385117,0.731238895037161
"541","Lamp5","APOOL",0.0424180636181989,0.0380773946204788,0.265280921593389,-0.0322122584630587,0.117048385699457,6,9.35496556577737e-07,0.00951967028407803,0.654477926053113
"542","Lamp5","CDC34",-0.00315787042824521,0.0826440091748343,0.969519834599164,-0.165137151948918,0.158821411092428,7,0.0184664324486189,44.4928011463593,0.995855798622175
"543","Lamp5","EIF2S3",-0.0544917148810776,0.0388470910584213,0.160699403994606,-0.130630614259731,0.021647184497576,7,0.000956819761537809,8.45516547677416,0.544784249348815
"544","Lamp5","TSTD3",0.0542860257806783,0.0458938231110916,0.236864134208466,-0.0356642146299133,0.14423626619127,5,1.01843120592176e-06,0.00873368979010747,0.626694287831646
"545","Lamp5","FBXO44",-0.0321619315176728,0.0377706553050513,0.394488450818112,-0.10619105558805,0.0418671925527044,7,0,0,0.75908083400383
"546","Lamp5","EFR3A",0.0444213922867336,0.0338884471433154,0.189921196484566,-0.0219987436061538,0.110841528179621,7,0.000723336734882368,8.43262752406773,0.583573378406714
"547","Lamp5","ARPP21",-0.0541591661041047,0.0803670864059411,0.500376580591473,-0.211675761002168,0.103357428793958,7,0.010352810512936,23.8345162626472,0.821845066799594
"548","Lamp5","ZDHHC14",0.061840417145713,0.0358395472546476,0.0844410294224169,-0.00840380469561773,0.132084638987044,7,0,0,0.417641711780443
"549","Lamp5","IFIT2",0.0713716007075837,0.142776985005298,0.617158384873474,-0.208466147724016,0.351209349139183,7,0.0652168588575345,51.9647815074536,0.876659594334466
"550","Lamp5","CCNB1IP1",-0.00638895300035518,0.0650598016703971,0.921772500262057,-0.133903821115652,0.121125915114942,7,0.00879877183442504,32.6986430164593,0.982375103729229
"551","Lamp5","HDGF",0.00966020787316641,0.073420627739189,0.895321658953019,-0.134241578217966,0.153561993964299,7,0.0170653254532605,56.1805443161643,0.976413248304476
"552","Lamp5","RAD21",0.0561909305522141,0.0553704023974042,0.310192165300965,-0.0523330639561883,0.164714925060617,7,0.00719430391483377,39.3988681306594,0.697159952045525
"553","Lamp5","RHBDD2",0.0610159727355557,0.048151331065276,0.205094134956198,-0.0333589019600499,0.155390847431161,7,3.92026279432529e-07,0.00207498391954824,0.594454861837413
"554","Lamp5","NDNF",-0.079126695556504,0.0841424070932995,0.347017444007719,-0.244042783031878,0.0857893919188706,7,1.81320999536937e-06,0.00336350074873912,0.727134052964415
"555","Lamp5","RRN3",1.3123089191064e-05,0.0376838789865221,0.999722143517983,-0.073845922522158,0.0738721687005401,7,2.18902181884339e-07,0.00189743949603715,0.999975696265529
"556","Lamp5","ZNF777",0.0322725692330219,0.0839109017886547,0.700529940305435,-0.132189776183019,0.196734914649063,7,0.0207401546792374,49.3576398249286,0.907620717806415
"557","Lamp5","TAF6",-0.0746101244677002,0.0643538464690336,0.246304098796194,-0.200741345813626,0.0515210968782258,6,0.00255052945739012,9.66184855556399,0.637841212105606
"558","Lamp5","CACNA2D1",0.0286667854835026,0.037024611859222,0.438775304304873,-0.043900120302147,0.101233691269152,7,1.7851601965818e-06,0.0168759246835824,0.787175797207018
"559","Lamp5","PCBP2",-0.0137067081803776,0.0353665803236882,0.698340915075721,-0.0830239318711495,0.0556105155103943,7,3.06832780240673e-06,0.0291537991880712,0.906391554342484
"560","Lamp5","MTMR12",0.0239254729110401,0.0263353495593699,0.363617967179927,-0.0276908637455976,0.0755418095676778,7,5.90091682634597e-06,0.104357796014429,0.737658430833555
"561","Lamp5","PLA2R1",0.0331317359777774,0.0787751873432267,0.674057464587434,-0.121264794090342,0.187528266045897,7,0.0122609600565897,30.333923663334,0.89967111819209
"562","Lamp5","EXOC8",0.0066177128665226,0.0738482642379414,0.928595309133463,-0.13812222536064,0.151357651093685,7,0.00579154998759192,15.115023157099,0.98423037329851
"563","Lamp5","HS1BP3",-0.0524799991696475,0.0773012405310435,0.497199693053041,-0.203987646570761,0.0990276482314656,7,0.0170860870159706,48.6637884154334,0.819521816840724
"564","Lamp5","RBX1",-0.065473850268659,0.0340554399535896,0.0545345061739137,-0.132221286055361,0.00127358551804305,7,0,0,0.34837800237059
"565","Lamp5","FAM162A",0.0518666287047816,0.0382987010100526,0.175651528565446,-0.0231974459295893,0.126930703339153,6,1.05489225922839e-06,0.0109509284394941,0.567171043895676
"566","Lamp5","C2orf88",0.169270110067773,0.130864053650558,0.195844901596865,-0.0872187219582387,0.425758942093785,5,0.0323436450384596,39.3383552236018,0.588272573234939
"567","Lamp5","CFAP43",0.164714973791005,0.0499698919271233,0.000979727909544375,0.0667757853024842,0.262654162279525,7,1.68292374525736e-06,0.00859066849447774,0.0563296445684672
"568","Lamp5","LINC01090",0.122650222326559,0.249285981752446,0.622715035074011,-0.365941323758944,0.611241768412062,5,0.237919796520053,81.0464706256356,0.878707858932165
"569","Lamp5","GPR27",0.00199783395150344,0.0563161535628982,0.971700720353279,-0.108379798779604,0.112375466682611,7,5.01339707399074e-06,0.0198315583475079,0.996403919745943
"570","Lamp5","IPO7",0.059809914428141,0.0292585882902475,0.0409354529277648,0.00246413514077058,0.117155693715511,7,1.88601117864103e-06,0.0265203873906621,0.308910339384172
"571","Lamp5","BANF1",-0.00989767501749846,0.0785207080207402,0.899690936856013,-0.163795434778735,0.144000084743738,7,0,0,0.977956078464346
"572","Lamp5","B4GALT6",-0.14463039456092,0.0554983433098664,0.00915982122509633,-0.253405148649898,-0.0358556404719426,7,5.88725593276723e-06,0.02429867707061,0.158155776115759
"573","Lamp5","GUCY1A1",0.0552441897412156,0.041014112464064,0.17799452283993,-0.0251419935462251,0.135630373028656,5,1.05175209846974e-06,0.0109052573028616,0.570425938569921
"574","Lamp5","AMY2B",0.0218770642561754,0.0547474820374481,0.689451554281289,-0.0854260287814764,0.129180157293827,7,0.00666412617618591,35.730147270346,0.904172731401462
"575","Lamp5","CRTAP",-0.109938913720592,0.0374660398092985,0.00334234424465066,-0.183371002390161,-0.0365068250510229,7,5.28777633968405e-06,0.0471839421477924,0.0974904751750664
"576","Lamp5","SPACA6",-0.0929573492040846,0.0889850499711643,0.296189350816877,-0.267364842310064,0.0814501439018944,7,0.0277470129429454,61.2647221170597,0.686522026862578
"577","Lamp5","CDH26",0.0494175099990242,0.0553603498751981,0.372043727668056,-0.0590867819279005,0.157921801925949,7,2.33983924888311e-06,0.00931104532129,0.744093661240599
"578","Lamp5","PRR3",0.0320266263228234,0.0913656208472063,0.725939047818779,-0.147046699962843,0.21109995260849,7,0.037042074629862,76.6126468864619,0.917618044281986
"579","Lamp5","SF3B2",-0.0223819212506892,0.052670546814021,0.67087904287242,-0.125614296052201,0.0808504535508227,7,0.00521458989130521,29.6440810910268,0.8984778953508
"580","Lamp5","RAB11FIP3",-0.0686218381384494,0.0335917964319525,0.0410707182266856,-0.134460549321077,-0.00278312695582132,7,1.36636300300536e-08,0.000146938849431157,0.308910339384172
"581","Lamp5","SIK2",0.0272661361457131,0.0637859772982934,0.669042232539257,-0.0977520820776315,0.152284354369058,7,0.014519049147902,61.1540266408547,0.897891293405697
"582","Lamp5","POMZP3",-0.00844253578232309,0.0784456676398487,0.914294977165501,-0.162193219099626,0.14530814753498,7,0.00685951630686633,15.855764873712,0.980734315041589
"583","Lamp5","EEPD1",0.027411557724189,0.0325544619274769,0.399775904244069,-0.036394015189746,0.0912171306381241,7,2.51290362028145e-06,0.0306255524521614,0.762743492813461
"584","Lamp5","PSMD13",-0.0387220663721006,0.0452774365533432,0.392430624231408,-0.127464211328951,0.0500200785847494,7,0.00223231922712106,15.5932385061601,0.758376919328513
"585","Lamp5","LINC00106",-0.0689827899571085,0.144719162460961,0.633599555907813,-0.352627136253393,0.214661556339176,7,0.0857644158912562,69.2225735672129,0.883049292562264
"586","Lamp5","EFCAB14",0.0466603915345637,0.0322083417420054,0.147419933140797,-0.016466798281525,0.109787581350652,7,7.55541352666636e-07,0.00890329705672771,0.525326275456135
"587","Lamp5","KANK2",0.00741229160912177,0.056387538542635,0.895417237907168,-0.103105253111307,0.117929836329551,7,3.90570378027547e-06,0.0149180279066813,0.976413248304476
"588","Lamp5","FBXO45",-0.00620841755014821,0.0506914255086641,0.90252307507187,-0.105561785872125,0.0931449507718285,7,0,0,0.978158538211376
"589","Lamp5","SLC35F5",0.0425659744805299,0.0293660482042731,0.147199068387261,-0.0149904223681125,0.100122371329172,7,5.76102980990491e-06,0.0828188404561032,0.525165172685936
"590","Lamp5","MTCH1",0.0784417457336781,0.0553948901528093,0.156761861825744,-0.0301302438933807,0.187013735360737,6,0.00476001303730702,26.6474353145174,0.540108068445426
"591","Lamp5","DYNLRB1",0.00466693790222269,0.118613531310868,0.968614734617329,-0.227811311546193,0.237145187350638,6,0.0440320559062512,55.3684905751288,0.995673337741847
"592","Lamp5","ANKS6",-0.016718529143826,0.0428376022426457,0.696331759003823,-0.100678686723464,0.0672416284358117,7,0.00212750207268083,16.6547251546422,0.906391554342484
"593","Lamp5","SRGAP2C",0.0424736123600786,0.0341546189645101,0.213658371441079,-0.0244682107160499,0.109415435436207,7,1.45424668196724e-06,0.0156367018193006,0.603974434597836
"594","Lamp5","BRI3",-0.0300218501544653,0.0368843581099307,0.415676284342697,-0.102313863642807,0.0422701633338767,7,0,0,0.772296636968801
"595","Lamp5","ADRA1A",-0.00541342155255164,0.0371025779807992,0.88399702458533,-0.078133138128507,0.0673062950234037,7,0.000482487893812277,4.57016957995279,0.973192565272888
"596","Lamp5","SPANXA2-OT1",0.0596638741167447,0.0499173540047499,0.231988142130605,-0.0381723419361012,0.157500090169591,7,1.41987485349135e-07,0.000724706191380036,0.623287714816918
"597","Lamp5","RRM2B",0.0425387513553595,0.0493090224249148,0.388304019403745,-0.0541051567103513,0.13918265942107,7,0.00220329626768817,12.5885244457529,0.755949089892665
"598","Lamp5","MITF",0.0510560117475507,0.0924293168041448,0.580688728934969,-0.130102120304216,0.232214143799317,7,0.0175387884216037,31.4952995402597,0.858378677238391
"599","Lamp5","INPP5B",-0.0198434391900393,0.0729630088682095,0.785648357101762,-0.162848308775407,0.123161430395328,7,0.0216834693373781,69.7329745683581,0.938430753353973
"600","Lamp5","LMO4",-0.0256780418572091,0.0391210989512498,0.511584014059885,-0.102353986837286,0.0509979031228682,7,0.00042605013089984,3.48192179331841,0.825264688974383
"601","Lamp5","FAM199X",0.0389488667767151,0.042781878387027,0.362608582494908,-0.0449020740528303,0.12279980760626,7,0.000237816093093758,1.62050739147794,0.737060720214394
"602","Lamp5","PDE8B",0.0211506238540642,0.0371981346591362,0.569631922467332,-0.0517563803699138,0.0940576280780423,7,3.61520294590534e-06,0.0328599270046538,0.854305011385355
"603","Lamp5","KCTD15",-0.00117278555574341,0.0595360403785761,0.984283688206195,-0.117861280479875,0.115515709368388,7,0.0060090786735957,25.5025169663601,0.997296915565468
"604","Lamp5","GTF2IRD1",-0.107862502054645,0.0528972368919831,0.0414405267740919,-0.211539181244616,-0.00418582286467514,7,0.00512920233837683,28.9237513976388,0.310518333139953
"605","Lamp5","RGS10",0.0166423160732514,0.324696183969687,0.959122293433191,-0.619750510424927,0.65303514257143,5,0.379992189639104,80.5817431413621,0.993516111491341
"606","Lamp5","SNUPN",-0.0644184331064818,0.05006939511929,0.198239668502863,-0.162552644267996,0.0337157780550321,7,5.68157209842812e-06,0.0281852706180562,0.590236550297945
"607","Lamp5","DENND4B",-0.108368868582274,0.0438509332806372,0.0134622339543056,-0.194315118500792,-0.0224226186637561,7,0.00132431950308839,9.36275572680498,0.185906300068753
"608","Lamp5","AK3",0.0536490414012603,0.0627668844603532,0.392697971921247,-0.0693717915628186,0.176669874365339,6,0.0123893909736419,58.2203418014041,0.75856485966826
"609","Lamp5","TTBK2",0.039319314116774,0.0246853380345866,0.111200449932661,-0.0090630593772125,0.0877016876107605,7,2.55696333278526e-06,0.053025207680544,0.464976377514909
"610","Lamp5","DLD",0.0266787070007689,0.0302139609399757,0.37724021475207,-0.0325395682718835,0.0858969822734213,6,7.79585480209602e-06,0.123438104508727,0.747951570345198
"611","Lamp5","ZNF677",-0.138770020287795,0.0744733543178325,0.0624128594347911,-0.284735112558637,0.00719507198304736,7,0.0120556531509992,35.3073370133988,0.367678264177257
"612","Lamp5","NPNT",-0.0686269903237883,0.0866032648931201,0.428110227372514,-0.238366270457886,0.101112289810309,7,1.31865572773252e-06,0.00227006348511585,0.780640574307744
"613","Lamp5","TNRC18",-0.0471745273759988,0.0334458737815469,0.15839983895283,-0.112727235419303,0.0183781806673055,7,2.35335195369757e-06,0.0259150720148697,0.54226889156763
"614","Lamp5","LINC00504",0.0226164604149784,0.0640771495248202,0.724120888621123,-0.102972444885657,0.148205365715614,7,2.4142666504716e-06,0.00782901516214876,0.916734426397757
"615","Lamp5","SEMA5B",-0.0261815260581318,0.0583596473676908,0.653703070787991,-0.140564333049264,0.088201280933,7,0.00444835723875942,18.9692845883452,0.891077090670597
"616","Lamp5","VPS52",-0.0979579215755033,0.0468453690816458,0.0365199228408794,-0.189773157818015,-0.00614268533299131,7,0.0012883415683989,7.64144521235228,0.29202777480579
"617","Lamp5","GSKIP",0.0351373563472532,0.05081925952317,0.489302826755688,-0.0644665620391542,0.134741274733661,7,3.71504471035629e-06,0.0179755072614259,0.814982243060066
"618","Lamp5","USP9X",0.00429764442527815,0.0240523205461176,0.858189764526388,-0.0428440375897251,0.0514393264402814,7,3.73588850183752e-07,0.007940812574881,0.964198712848146
"619","Lamp5","SULF1",0.0929986738984517,0.152120974273458,0.540970001019351,-0.20515295697067,0.391150304767573,7,0.0786400557692156,57.1101604305248,0.840494877053987
"620","Lamp5","TMEM266",-0.0575514782001645,0.0904913399078753,0.524783725501473,-0.234911245332372,0.119808288932043,7,0.0343159050132389,70.9049255395087,0.833562036561577
"621","Lamp5","HECTD2",0.0356348028644088,0.0367403659422208,0.332091971960877,-0.0363749911611661,0.107644596889984,7,0.00251726459582542,28.5095314656952,0.714188799686632
"622","Lamp5","EBLN3P",0.00306491108992388,0.0433163905122526,0.943591646599097,-0.0818336542543636,0.0879634764342114,7,0.000592393919829278,4.05331260543206,0.988056145057436
"623","Lamp5","MED29",0.0494117315800455,0.0851467428660717,0.561703801554906,-0.117472817838348,0.216296280998439,7,0.0225900774365804,53.3183517722183,0.852572123720665
"624","Lamp5","FAM228B",0.0310240127847079,0.0404409807817936,0.442996535564992,-0.048238853047084,0.1102868786165,7,0.00101357639999428,8.31927602893452,0.789496392228061
"625","Lamp5","KBTBD7",0.00229981330304387,0.0693822806548078,0.973557376004813,-0.133686957945629,0.138286584551717,7,0.00514031745917287,15.2069138435915,0.996727391459769
"626","Lamp5","NCOA7",0.0410144436126339,0.0270320482326466,0.129202937894473,-0.0119673973517031,0.0939962845769708,7,9.09496796671399e-07,0.0152902976430489,0.494602411741357
"627","Lamp5","ATG10",0.0689081485731736,0.0576147740458051,0.231690606719855,-0.0440147335340173,0.181831030680365,7,0.00737080502235879,34.7934672859434,0.622799666901193
"628","Lamp5","ZNF800",0.0703575682636757,0.0397417210606311,0.076665450433319,-0.0075347736987981,0.14824991022615,7,2.56760185350249e-06,0.0206939600928499,0.401432018296151
"629","Lamp5","KCNIP1",0.000769614210946266,0.0449585268525334,0.986342228038136,-0.0873474792179961,0.0888867076398886,7,0.00458719576045058,35.4085753384272,0.997350697988338
"630","Lamp5","KCNIP3",-0.114512648712145,0.0479082892507281,0.0168370412089471,-0.2084111702045,-0.020614127219791,7,5.74845352700107e-06,0.0312837102966772,0.207795847077191
"631","Lamp5","STT3B",0.00864760662622356,0.0301521833552314,0.774266467595356,-0.0504495868052781,0.0677448000577252,7,1.84492387383323e-07,0.00251897833182079,0.934099023412278
"632","Lamp5","RMND5A",0.05358335428622,0.0330244536347658,0.104688700151695,-0.0111433854470338,0.118310094019474,7,4.73064195141367e-06,0.0548475020179154,0.456091863429553
"633","Lamp5","MAGED1",0.0862434630383885,0.0271292139975869,0.00147789884512539,0.0330711806742383,0.139415745402539,7,2.30737156747174e-06,0.0401350039435916,0.068240124667392
"634","Lamp5","ANO5",0.0284731775134144,0.0298145232223975,0.339572475574861,-0.0299622142187177,0.0869085692455465,7,0.00032344047398902,4.76451663215423,0.720537124804784
"635","Lamp5","CYP4X1",-0.0635907092802125,0.0379729711704422,0.0940066809993673,-0.138016365160257,0.010834946599832,7,0,0,0.43681170653242
"636","Lamp5","NUDT3",0.0928293352016615,0.06822712146771,0.173642385168421,-0.0408933656438897,0.226552036047213,7,0.0100943132269825,34.4227454555531,0.56444394787419
"637","Lamp5","ERBB4",0.0248386048404415,0.043187920968801,0.56520438442943,-0.0598081648255706,0.109485374506454,7,0,0,0.852935819308762
"638","Lamp5","LCMT1",-0.0139347481933204,0.0431361663249816,0.746664228816652,-0.0984800806214138,0.070610584234773,7,0.0045435869375774,40.1600718259502,0.923981530672427
"639","Lamp5","NR2E1",-0.056030196740349,0.0808949962196998,0.48854258932669,-0.214581475860464,0.102521082379766,7,0,0,0.814652322725058
"640","Lamp5","PPM1K",0.0760564951142858,0.0294232347959659,0.00974036390436708,0.0183880146055268,0.133724975623045,6,1.41048388147393e-06,0.023970105579072,0.163395679822554
"641","Lamp5","MAP4K2",-0.0266959181124279,0.046875854671941,0.569015150200119,-0.118570905013966,0.0651790687891101,7,0,0,0.854022613107834
"642","Lamp5","RNF220",-0.0499377696272507,0.0396476855717863,0.207836046056129,-0.12764580541832,0.0277702661638188,7,0,0,0.597044609985398
"643","Lamp5","RPLP2",-0.0740318918792671,0.0568140501390452,0.192555625981194,-0.185385383967649,0.0373216002091144,7,3.40431014493635e-06,0.0128310937408818,0.586394889510848
"644","Lamp5","PHF1",-0.0796790471454242,0.0452393579410632,0.0781915065994035,-0.168346559393624,0.00898846510277575,7,0.00112044561339475,7.25171541785688,0.404281682534324
"645","Lamp5","TXLNG",0.00983307674986037,0.0259849787524241,0.705123155347204,-0.0410965457439295,0.0607626992436502,7,0,0,0.910144531473291
"646","Lamp5","PTOV1-AS1",0.337942064741537,0.289544888811188,0.24315015054441,-0.229555489236046,0.90543961871912,5,0.334885323962129,85.5442557703513,0.635490783996521
"647","Lamp5","GRB10",0.0248691446435354,0.0351256016263497,0.478941391137529,-0.0439757694794115,0.0937140587664824,7,0.000775203933225463,8.52453691225449,0.810032727270423
"648","Lamp5","BIRC2",0.0209410612521993,0.0391618637074564,0.592835904767373,-0.0558147811818816,0.0976969036862801,7,0.00100392772497782,8.73225898358506,0.864179008424308
"649","Lamp5","SULT4A1",-0.0461503908230194,0.0349432550898633,0.186593454576869,-0.114637912301747,0.0223371306557086,7,0,0,0.579579406254291
"650","Lamp5","SHANK3",-0.107316243052672,0.0379618837121542,0.00469940672889691,-0.181720167913792,-0.032912318191552,7,8.19064529593071e-08,0.000680261655443731,0.118072529571483
"651","Lamp5","ANP32E",0.058244870569815,0.0576420918023944,0.312276262816996,-0.0547315533564296,0.17122129449606,7,0.00234165028248399,9.45372868153535,0.698703292929956
"652","Lamp5","SP140L",-0.173302677588493,0.185090494195053,0.349111940814538,-0.536073380091517,0.18946802491453,6,0.113630664049181,61.4248688136239,0.728372243580087
"653","Lamp5","PURB",0.0232777594179115,0.044751900463241,0.602958122067973,-0.0644343537297621,0.110989872565585,7,0,0,0.868633169033008
"654","Lamp5","SPARCL1",-0.026454988660385,0.0540039890696834,0.624225178355185,-0.132300862258459,0.0793908849376892,7,7.78454879459542e-06,0.0323807798897343,0.879489739390865
"655","Lamp5","MBTPS2",-0.00615000100027407,0.0355497474704085,0.862653756158564,-0.0758262257017687,0.0635262237012205,7,0,0,0.96595801115822
"656","Lamp5","LNX2",0.0763217523782397,0.122607795415397,0.533621723444169,-0.163985110859794,0.316628615616273,7,0.0682202380250597,72.5703539240631,0.837368086953001
"657","Lamp5","TPRN",-0.146290235823016,0.0506345399113576,0.00386297987700744,-0.245532110423033,-0.0470483612229991,7,0,0,0.104595366150675
"658","Lamp5","MCF2L",-0.0190780229173778,0.0435168341288737,0.661092302004401,-0.104369450531174,0.0662134046964181,7,0.00359199769018644,29.2863758222275,0.893745995077982
"659","Lamp5","RPL3",-0.0147184383806016,0.0730477766819746,0.840314999931336,-0.157889449827997,0.128452573066793,7,0,0,0.958356578693386
"660","Lamp5","TENT5A",-0.164747620563825,0.130063953360342,0.205274651335891,-0.419668284836993,0.0901730437093422,5,2.99680087916229e-06,0.00299896400494266,0.59457486584747
"661","Lamp5","TNPO2",0.00431107774838616,0.031123021654251,0.889831577140443,-0.056688923784006,0.0653110792807783,7,1.32769834187048e-06,0.0163428689949021,0.975210395071715
"662","Lamp5","DNAH14",-0.00486877040007823,0.063401477269671,0.938788460950711,-0.129133382415268,0.119395841615112,7,0,0,0.986648852449703
"663","Lamp5","PIGK",0.0916244860470282,0.0548221562962054,0.0946616577829294,-0.0158249658483601,0.199073937942417,7,0.00674875296687091,35.5341836989162,0.43793375838532
"664","Lamp5","ACTR5",-0.107730628750607,0.0469972334400535,0.0218897237020098,-0.199843513666134,-0.0156177438350811,7,1.36224641353601e-06,0.00753465306657869,0.234779556728551
"665","Lamp5","DYNLL2",-0.0295635560161373,0.0527137222270837,0.574911891892878,-0.13288055307227,0.0737534410399953,7,3.92778811775747e-06,0.0171920780006425,0.856530623538921
"666","Lamp5","FLVCR1",0.0117500030289267,0.0705500364642407,0.867725315480523,-0.126525527548973,0.150025533606826,7,0.01887873497621,65.2793044325686,0.967279253523521
"667","Lamp5","ABLIM2",-0.137350083258792,0.0388489967995309,0.000407025853463242,-0.213492717821385,-0.0612074486962001,7,1.12652124895257e-06,0.00881008331549337,0.0412510354370077
"668","Lamp5","RRP8",-0.038396108619026,0.104561525090209,0.713461874280028,-0.243332931964418,0.166540714726366,7,0.0409414540438796,62.4502679384372,0.913866203141079
"669","Lamp5","MRPS27",0.0612275833616639,0.033218859875101,0.0653060504001862,-0.00388018560101668,0.126335352324345,6,2.36198774642418e-06,0.0317225422323762,0.372968030914912
"670","Lamp5","DENR",0.00957876686113058,0.0323690453664688,0.767288370341828,-0.0538633962710913,0.0730209299933525,7,0,0,0.931060416687648
"671","Lamp5","HPCA",0.0342855605872454,0.130254302490408,0.792380879818672,-0.221008181125339,0.28957930229983,6,0.058888532475604,64.4125679148268,0.940925361704199
"672","Lamp5","SLC7A6OS",-0.0479165326652355,0.0519568899953695,0.356405305569419,-0.149750165804869,0.0539171004743982,7,1.17976968462784e-06,0.00559006529002733,0.732597292764641
"673","Lamp5","SECISBP2L",0.0487333010011054,0.0257793933095529,0.0587048157818814,-0.00179338142891117,0.099259983431122,7,0.000199887622256025,3.81422903983889,0.357824103942671
"674","Lamp5","FRMPD3",-0.105385402113465,0.034439346842116,0.00221315516980956,-0.172885281575095,-0.0378855226518342,7,2.85385447217677e-06,0.0295927940134191,0.0816886502338042
"675","Lamp5","PGRMC2",0.0299867644605442,0.0403465802849089,0.457342809510202,-0.0490910797972309,0.109064608718319,7,0.000512613798825926,4.01128696783897,0.797981129111834
"676","Lamp5","MAN1A1",-0.260295123739834,0.369856222561616,0.481573644756458,-0.985199999418632,0.464609751938963,6,0.734174807906892,94.1215524184853,0.811608774868689
"677","Lamp5","CAND2",-0.0975653080190566,0.0459898208942598,0.0338835812281717,-0.187703700627254,-0.00742691541085971,7,0.00379322768482355,27.4194019586034,0.286370139864103
"678","Lamp5","PLPPR3",0.149009768980259,0.222981443970794,0.503967100059231,-0.288025830423234,0.586045368383752,7,0.268545791239822,91.4221330323114,0.822278216591144
"679","Lamp5","MCM4",-0.0283933589775807,0.0581407197076577,0.625297827977849,-0.142347075639828,0.0855603576846666,7,6.21491687444885e-06,0.0233760137601582,0.87996431216605
"680","Lamp5","PDCD7",-0.0258708662047368,0.0405286965243343,0.523255942943,-0.105305651732786,0.0535639193233122,7,0,0,0.832240699781265
"681","Lamp5","AHCYL2",0.0468713016446694,0.0347919965780701,0.177920234464252,-0.0213197585985888,0.115062361887928,7,6.72431484267886e-07,0.00688376258585211,0.570425938569921
"682","Lamp5","MAT2B",0.0241480267885802,0.0729554095014798,0.740646698703063,-0.118841948311691,0.167138001888852,7,0.0114510682905644,34.3311607130193,0.922900617372718
"683","Lamp5","TRMT44",-0.00281716012135331,0.0421862174050317,0.946757515044173,-0.0855006268791921,0.0798663066364855,7,3.46309869690054e-06,0.023401003867441,0.988865030560056
"684","Lamp5","ZNF205",-0.012708324097042,0.0651753874835243,0.845403475313978,-0.140449736243192,0.115033088049108,7,1.56251716599704e-06,0.00460268515733116,0.959421815061179
"685","Lamp5","RAPGEF5",-0.0682033985651126,0.0664252210708405,0.304528960895961,-0.198394439529071,0.061987642398846,7,0.0023815351647047,7.35747235233117,0.694164386896801
"686","Lamp5","SOX6",-0.186540841880565,0.0782635340164597,0.0171490579748912,-0.339934549855652,-0.0331471339054786,7,0.00770391372523551,18.2815854409835,0.209271004409922
"687","Lamp5","KCNC4",0.0511104243133981,0.0472058512661578,0.278935498328953,-0.0414113440278256,0.143632192654622,7,0,0,0.668628908501895
"688","Lamp5","KCNG2",0.0562130281701383,0.097255491245677,0.563268602133205,-0.134404231970139,0.246830288310416,7,0.0202617154515599,34.3943355393944,0.852935819308762
"689","Lamp5","CYFIP1",-0.0410712336832734,0.0428471527638331,0.337784369263531,-0.125050109940472,0.0429076425739252,7,0.00133446121593741,9.79380611406327,0.718706834406498
"690","Lamp5","PARD6B",-0.0360537818089746,0.0473614692672758,0.446509482125493,-0.128880555827736,0.0567729922097866,7,0.000351370530160545,1.97952967106978,0.790731067190695
"691","Lamp5","TPMT",-0.0198671822119067,0.0552374558872505,0.719094925039058,-0.128130606348538,0.0883962419247242,7,0.00285416314444284,13.1916352383444,0.915104576999517
"692","Lamp5","HSD17B7",0.0747626810335781,0.0588060067549963,0.203606191622889,-0.0404949742808338,0.19002033634799,7,0.000163191450113803,0.605224022986433,0.593161131697475
"693","Lamp5","ABCB9",-0.0628774830116447,0.0426448943978267,0.140362246927899,-0.146459940155899,0.0207049741326095,7,0.00169693872844734,12.8820348253422,0.51569650107857
"694","Lamp5","LMBRD2",0.0538550266728362,0.036910709406905,0.144547945621315,-0.0184886344085213,0.126198687754194,7,0.00170482234434604,18.1986226069395,0.521123798862538
"695","Lamp5","KCNH2",-0.0411526239478152,0.0430706083423333,0.339340658651646,-0.125569465091019,0.0432642171953884,7,0,0,0.720458591837894
"696","Lamp5","TMEM230",-0.0155379700968656,0.030871247373635,0.614742634710272,-0.0760445031070168,0.0449685629132857,7,6.07098582995862e-07,0.00786420755532302,0.875203234345255
"697","Lamp5","INTS10",-0.0567620498607398,0.0383968544667067,0.139327637724741,-0.132018501735111,0.0184944020136312,7,0.0026642880419857,27.7657692647678,0.513314608610651
"698","Lamp5","F11-AS1",0.117222088543875,0.266109953362611,0.659573232452394,-0.404343835974475,0.638788013062224,5,0.259180475956426,80.1833020701482,0.893151109907319
"699","Lamp5","TMCO3",-0.0914832397594688,0.144174355953298,0.52573370208757,-0.37405978492219,0.191093305403253,5,0.0771153036417029,81.0738872403943,0.833902205504373
"700","Lamp5","ZNF624",-0.167888342864143,0.0788409633731167,0.0332165721108513,-0.322413791581894,-0.0133628941463932,7,0.0130282414889137,33.2633783999754,0.283240512106319
"701","Lamp5","ASXL3",0.0592513563714317,0.0529486258820199,0.263125281842294,-0.0445260433882126,0.163028756131076,7,6.87261029156894e-07,0.00322396847171199,0.653860744816006
"702","Lamp5","JOSD1",-0.0466172542926213,0.0419028531577075,0.265919844378654,-0.128745337331199,0.0355108287459559,7,0,0,0.654523434645953
"703","Lamp5","ZNF528",-0.0339794078528053,0.0359488760501685,0.344549251118523,-0.10443791019583,0.0364790944902196,7,1.65287141625175e-06,0.0147622008929511,0.72433889877292
"704","Lamp5","NAA38",-0.00249316608259416,0.0450745909058484,0.955889896698904,-0.0908377408759336,0.0858514087107453,7,0,0,0.992625038162505
"705","Lamp5","PPP2R5D",-0.0663174728755593,0.0417936629486504,0.112561805784146,-0.14823154703692,0.0155966012858016,7,0,0,0.467912875043646
"706","Lamp5","GDF10",-0.214455737581705,0.163512936824931,0.189671299911733,-0.534935204764942,0.106023729601533,5,0.0695593153901297,53.9956984784006,0.583105160834039
"707","Lamp5","GK5",-0.0427706606517598,0.0317875319251341,0.178458375170513,-0.10507307838244,0.0195317570789202,7,0,0,0.570942672194801
"708","Lamp5","NPC2",-0.116450676630012,0.0890479987437197,0.190965143309845,-0.290981547063071,0.0580801938030466,6,3.34847187211658e-06,0.00643931619313279,0.585277331840707
"709","Lamp5","MEAK7",0.101870393181762,0.0627236942823904,0.104351605892056,-0.0210657885890237,0.224806574952548,5,0.00793167680510825,45.211664797451,0.455249120737383
"710","Lamp5","COPS2",0.0886444937219735,0.0336278713485848,0.0083879256917581,0.022735077002001,0.154553910441946,7,3.6131685393637e-07,0.00384776756253958,0.151986671738993
"711","Lamp5","IPO5",-0.0405502663868616,0.0323816671625423,0.210475140703363,-0.104017167784808,0.0229166350110846,7,0,0,0.60080774843497
"712","Lamp5","GTF2A1",0.0730992642820115,0.0463007485940669,0.114383710710645,-0.0176485354196033,0.163847063983626,7,0.00396352331619023,28.7219435590009,0.470235406115025
"713","Lamp5","RGS16",-0.16222558798129,0.171210522637375,0.343373294010876,-0.497792046124826,0.173340870162245,5,0.0851989501294977,62.5347298303491,0.72433889877292
"714","Lamp5","GCA",0.0591303042464564,0.0461355948341061,0.199960742367217,-0.0312938000337236,0.149554408526637,7,4.61679452496773e-07,0.00262167695281298,0.591415610548944
"715","Lamp5","YBEY",-0.014717774015287,0.0537609709980797,0.784266626285276,-0.120087340945425,0.0906517929148514,6,3.27475401736445e-06,0.0169695186841965,0.938006965913192
"716","Lamp5","PPP2R3A",0.0614040392430954,0.0425930313221407,0.149402489774049,-0.0220767681406869,0.144884846626878,7,0,0,0.528566717061862
"717","Lamp5","SAP30",-0.0589746917574676,0.0844917122045184,0.485181067832086,-0.224575404670447,0.106626021155512,7,0.0163603442581257,37.7405786955597,0.813213789797325
"718","Lamp5","ECE1",0.026824246361102,0.0797597578641915,0.736634820173156,-0.129502006468349,0.183150499190553,7,0.0262859786606249,71.8898972827594,0.921463278270996
"719","Lamp5","XYLT1",-0.145932176907056,0.16903860311153,0.387968801965959,-0.477241751002616,0.185377397188503,7,0.121266243223115,73.0409339757384,0.755827226879962
"720","Lamp5","NUP58",0.0602303394468392,0.0474734204863647,0.204541988242662,-0.0328158549293615,0.15327653382304,7,0.00748220285511015,58.6506240555589,0.593908097926263
"721","Lamp5","BAP1",-0.097211209134169,0.0558228322045341,0.0816093176571081,-0.206621949770078,0.0121995315017405,7,0,0,0.411842858702911
"722","Lamp5","DIS3",-0.0180268622734135,0.0325222987281594,0.579378766326295,-0.0817693964750587,0.0457156719282317,7,1.47044153015836e-06,0.0167705635264646,0.858378677238391
"723","Lamp5","ZNF573",-0.0209369802024252,0.0341696577159048,0.540050898950866,-0.0879082786896597,0.0460343182848092,7,2.03135429463317e-07,0.00216281988077535,0.839743687498818
"724","Lamp5","ZNF688",0.0370545031657446,0.0746872603920708,0.619803519330124,-0.109329837306679,0.183438843638168,7,0.0020829004104661,4.9571772894014,0.877471007323414
"725","Lamp5","AP3D1",-0.113450958283974,0.0289620942076245,8.95751788459106e-05,-0.170215619847774,-0.0566862967201737,7,0,0,0.0200714101427355
"726","Lamp5","FAM200B",-0.167192776092184,0.0677143613806962,0.013545757262493,-0.299910485634479,-0.03447506654989,5,0,0,0.186245672263756
"727","Lamp5","FAM43B",0.00495058120283528,0.220631537422421,0.982098384815094,-0.427479285998811,0.437380448404482,6,0.205343284785486,78.8710895996223,0.997296915565468
"728","Lamp5","CRBN",0.137258282207961,0.0295157422332298,3.31385777293612e-06,0.079408490453863,0.19510807396206,7,1.67525105211253e-06,0.0239353320486461,0.00660507085109052
"729","Lamp5","SNRPN",-0.0136578689338552,0.0330656452222023,0.679567672976627,-0.0784653426949507,0.0511496048272403,7,3.45198443619809e-06,0.0371815314748635,0.901733822525915
"730","Lamp5","DSEL",0.157091325598088,0.124152859507001,0.205761750238505,-0.086243807613296,0.400426458809472,7,0.0557292092993129,58.8650170422931,0.59469941911079
"731","Lamp5","ATP2B2",-0.0880421968990267,0.0281839418397732,0.00178505945684841,-0.143281707847354,-0.0328026859506997,7,7.12173636438954e-07,0.011097138173439,0.0741267531863229
"732","Lamp5","CLSTN1",0.00819616637068107,0.0304146560120943,0.787559701711428,-0.0514154640151984,0.0678077967565606,7,0.000913415451094778,13.8020570242351,0.938643357904296
"733","Lamp5","STMN3",-0.0208149859183687,0.063605682681343,0.743478494105483,-0.145479833185884,0.103849861349147,7,0.00872574911128679,34.9578786765575,0.923731562184063
"734","Lamp5","DPP6",-0.0548802473891054,0.0351267240712064,0.118205491833824,-0.123727361463546,0.0139668666853353,7,0,0,0.475075320016034
"735","Lamp5","COX19",0.0701222872792004,0.10210285727623,0.492220838108333,-0.129995635700844,0.270240210259245,6,0.0385367171916117,72.6996960653341,0.816204797966937
"736","Lamp5","SYN3",0.0900254699846401,0.0445858926087782,0.0434719461308903,0.00263872625286411,0.177412213716416,7,0.00236413986199685,17.0968325751438,0.314317414618692
"737","Lamp5","NDUFS5",-0.0387352140248868,0.0801486694218742,0.628888390476996,-0.195823719500567,0.118353291450793,6,0.00806623965321056,21.0705790375676,0.88191549991279
"738","Lamp5","ETNK1",0.00420504358519247,0.0299606495344676,0.888381709369948,-0.0545167504557908,0.0629268376261757,7,4.67787135512566e-06,0.0645242286989114,0.97442509972991
"739","Lamp5","SLC20A1",-0.00456682241298674,0.0396124375429532,0.908217175426423,-0.0822057733370174,0.0730721285110439,7,4.26959384164284e-06,0.0333759706183186,0.979767074450202
"740","Lamp5","NR2F2",-0.00709230751386722,0.0847363844195941,0.93329615689626,-0.173172569156413,0.158987954128678,7,0,0,0.985315638798959
"741","Lamp5","HM13",-0.0519496880365374,0.0402167061881337,0.196445821995687,-0.130772983742108,0.0268736076690337,7,0.00339638066938638,33.4647861792581,0.588784924001566
"742","Lamp5","DBN1",-0.133313172200326,0.0772060504240624,0.0842180997406042,-0.284634250420072,0.0180079060194195,7,0.0194488914385303,56.4979701396341,0.417064747830187
"743","Lamp5","SH2B3",-0.00458406291150697,0.0686989262513594,0.946799159147004,-0.139231484140745,0.130063358317731,7,0.00893063432687567,29.8657238615799,0.988865030560056
"744","Lamp5","ZNF571",-0.032331375532438,0.041857476740458,0.439868210891038,-0.114370522427459,0.0497077713625827,7,0.000606052991391526,4.45968330179335,0.787836443619278
"745","Lamp5","LINC00342",-0.0368067523544948,0.0958192762995564,0.700884466004034,-0.224609082926318,0.150995578217328,5,0.00941473111774294,19.6986174302084,0.907620717806415
"746","Lamp5","CTBP1",0.00117384508384672,0.0439479439326099,0.978691118776172,-0.0849625422186542,0.0873102323863477,7,0.00167749497068467,11.8750300973731,0.997093441046833
"747","Lamp5","CKMT1B",-0.175459400007552,0.062381737028505,0.00491316536876211,-0.29772535787647,-0.0531934421386332,6,0.00211630727914287,8.83266285371609,0.118940373775356
"748","Lamp5","CLVS2",0.0377532568128045,0.0670070081456332,0.573147211727605,-0.0935780658644185,0.169084579490028,7,0.0173463817570648,64.7343326121655,0.856052469288915
"749","Lamp5","SLAIN1",0.0560998824945241,0.0344315015629186,0.103245611699355,-0.011384620502431,0.123584385491479,7,0.00091430092284059,10.6927005028159,0.454450306327806
"750","Lamp5","CREG1",0.00899094544714648,0.0669969877070842,0.893245019615534,-0.122320737531411,0.140302628425704,7,0.0144238697350182,54.8373961270415,0.975921257738596
"751","Lamp5","PRR7",-0.0220139393953444,0.0689165664872997,0.749401338688846,-0.157087927648612,0.113060048857923,7,0,0,0.92551168941846
"752","Lamp5","PABPC1L",-0.0157877513947467,0.121714282381846,0.896794623590285,-0.254343361267302,0.222767858477809,6,0.0438880895258056,56.0417472774507,0.976532292201911
"753","Lamp5","AKTIP",-0.00671570070190102,0.0393597764829534,0.864519860927988,-0.0838594450480362,0.0704280436442342,7,0.000353375244318757,2.7818122455445,0.966784460149412
"754","Lamp5","MAPK9",-0.00543127158776801,0.0263164876135779,0.836491869983971,-0.0570106395099751,0.0461480963344391,7,0,0,0.958076357328741
"755","Lamp5","FAM131B",-0.0801388635963767,0.0561831337734647,0.153756808062479,-0.190255782330963,0.0299780551382101,7,2.32222347234357e-06,0.00914008300944114,0.534683823093687
"756","Lamp5","ERAP2",0.0024872750675394,0.0909987049336307,0.978194071066488,-0.175866909242164,0.180841459377243,5,9.60633063279822e-07,0.00207998929315848,0.997093441046833
"757","Lamp5","NT5DC1",-0.0352998705152081,0.0461249898078064,0.444087557155935,-0.125703189325786,0.0551034482953696,7,0.00292402796437696,20.2156903376314,0.789771699774591
"758","Lamp5","ATP8B2",-0.0574460129753454,0.05327495375478,0.280902992612628,-0.161863003612751,0.0469709776620604,7,0.00592665161256499,33.7604360816966,0.670330017986544
"759","Lamp5","CIR1",-0.0207368494428042,0.0663710418070299,0.75470751596948,-0.150821701000985,0.109348002115377,5,0.00526019905048215,23.4196346471354,0.926555528105898
"760","Lamp5","RHBDL3",0.071272158476118,0.149768303773525,0.634157882613786,-0.222268322945646,0.364812639897882,7,0.0944077750552837,67.3277071853152,0.883183197645076
"761","Lamp5","EEF1A1",0.0951889743360106,0.0583380909462353,0.102747355843804,-0.0191515828454328,0.209529531517454,7,0.00225151486505541,8.80085708099938,0.453750232103418
"762","Lamp5","ACADSB",0.0302199988743637,0.0680831441348885,0.657137279605798,-0.103220511584267,0.163660509332995,6,0.0174659423384979,72.8973729592397,0.892722976646316
"763","Lamp5","ZNF175",-0.0523538420540474,0.0857942679853476,0.5417125019692,-0.220507517385306,0.115799833277212,7,0.0268655549217349,65.6610446749259,0.84090599831901
"764","Lamp5","CNRIP1",0.0739536808575449,0.0525896222667707,0.159652585350009,-0.0291200847458913,0.177027446460981,7,0.00896547182672129,56.2718484284722,0.543955916866311
"765","Lamp5","NPM1",-0.084015576883035,0.0706206341269984,0.234174299954994,-0.222429476337332,0.0543983225712621,7,0.0134637218953834,44.2977904003256,0.62444756330072
"766","Lamp5","RSBN1L",-0.00382498758531825,0.0398790081160966,0.92358823016339,-0.081986407232048,0.0743364320614115,7,0.00467653121505881,49.758405291068,0.982375103729229
"767","Lamp5","PKM",-0.0332894185031892,0.0577638041697476,0.564410806476532,-0.146504394285919,0.0799255572795406,7,0.00679734654715423,33.7831471013326,0.852935819308762
"768","Lamp5","DNAH5",0.119540176500447,0.216971417772967,0.581668664988799,-0.305715988009162,0.544796341010057,5,0.152354246818316,74.5207975913649,0.858469155201907
"769","Lamp5","DBT",-0.03605569022365,0.0444412259959956,0.417186646098426,-0.123158892604607,0.0510475121573067,6,0.00377306644045959,34.2501532637928,0.773600796141458
"770","Lamp5","CHURC1-FNTB",0.0570043994611901,0.0881673697387107,0.517924794312791,-0.115800469838309,0.22980926876069,5,0.0135757903581629,38.5835980414144,0.828832144411436
"771","Lamp5","COL5A2",-0.104944258733166,0.0809229130302599,0.194685444132545,-0.263550253796542,0.0536617363302107,7,0,0,0.587583280058094
"772","Lamp5","NISCH",-0.0674958889186163,0.0282521302236499,0.0168917799791266,-0.122869046643506,-0.0121227311937271,7,0,0,0.207796316006413
"773","Lamp5","ANKRD46",0.113340504554237,0.0378828795738505,0.00277277818108582,0.0390914249588223,0.187589584149652,7,1.01761277642433e-06,0.00888324239964397,0.0888998773930437
"774","Lamp5","SLC35A4",-0.118716165856746,0.147668028383587,0.42143189690022,-0.408140183156615,0.170707851443123,5,0.0595107326923882,58.003949328976,0.77584729911172
"775","Lamp5","RBM15B",-0.145954290184401,0.12927442504326,0.258886529136987,-0.399327507391313,0.107418927022511,6,0.0507209439910209,58.3945985992075,0.650288595242435
"776","Lamp5","CNOT7",0.0125964265413221,0.034659047692067,0.71627747044049,-0.0553340586735853,0.0805269117562296,7,3.78072828140078e-07,0.00374183078916563,0.914462798800233
"777","Lamp5","SLC7A14",-0.0234609151481909,0.0409346095747885,0.566555644534024,-0.103691275635985,0.056769445339603,7,0,0,0.853478978335213
"778","Lamp5","CDK19",0.00897171032579469,0.0463138525408611,0.846398667616787,-0.081801772639592,0.0997451932911814,7,0.00543887743957098,40.9362899308319,0.959421815061179
"779","Lamp5","LYPD6B",-0.044524317123627,0.0475495078469603,0.349078556994408,-0.137719639986274,0.0486710057390199,7,0.000153893698587391,0.881351211655577,0.728372243580087
"780","Lamp5","RNMT",-0.0284280943348172,0.0340931949506307,0.404374050091221,-0.0952495285559562,0.0383933398863218,7,0.0015713074696296,19.9899311417373,0.766619574934442
"781","Lamp5","KCNN2",0.0019587765946796,0.0332152568048037,0.95297425489004,-0.0631419304799846,0.0670594836693438,7,8.11628754798654e-07,0.0096448179243651,0.991132091050801
"782","Lamp5","SUGT1",0.0749278089473651,0.0408131627922017,0.0663763499380984,-0.00506452022052045,0.154920138115251,7,6.06805580285543e-06,0.046956320074002,0.37523549649706
"783","Lamp5","TRAK2",0.0515705549197292,0.0279053758172158,0.0645949796626671,-0.00312297665706877,0.106264086496527,7,5.33083032686892e-06,0.0866723337609801,0.371880205906429
"784","Lamp5","GPS1",0.0146990883434256,0.0600766115709074,0.806710105264791,-0.103048906648755,0.132447083335606,7,0.00415360983655278,16.5558132280531,0.946849165655279
"785","Lamp5","YTHDF1",0.0448469310947172,0.0441236215355512,0.309442374442187,-0.0416337779824391,0.131327640171873,7,0.00165745977604566,11.7537166285482,0.696879927838551
"786","Lamp5","ZCCHC2",0.0476854285669904,0.0743429548060366,0.521246605223402,-0.0980240853571304,0.193394942491111,7,0.0191445579454503,57.7765360779853,0.831046097981303
"787","Lamp5","CLIP3",0.0952221357166193,0.0887583316978581,0.283349750315686,-0.0787409977390424,0.269185269172281,7,0.0226139734320093,47.7533978254237,0.673049340026877
"788","Lamp5","DAZAP2",0.0385781691172568,0.0577798372868085,0.504340891902286,-0.0746682309974722,0.151824569231986,7,0.00601189058586883,28.0278011380632,0.822278216591144
"789","Lamp5","JDP2",0.118160503655022,0.0453845905423531,0.00922670531147225,0.0292083407389127,0.207112666571131,7,0,0,0.158523979902803
"790","Lamp5","NTPCR",-0.0521243857475779,0.0459733370388594,0.256880128295278,-0.142230470592864,0.0379816990977079,7,2.65780464877193e-06,0.0157460698956065,0.647561014815183
"791","Lamp5","INIP",0.0728322124118678,0.0369326795030028,0.0486066132312014,0.000445490733421608,0.145218934090314,7,2.20607784857577e-06,0.0202181666850113,0.328968017901493
"792","Lamp5","PDE3B",0.0460829547062103,0.0854086323692103,0.589501533823268,-0.121314888706264,0.213480798118684,7,0.0345637892261265,78.2706181065213,0.862182550697374
"793","Lamp5","NOL4L",0.00268159857417315,0.0424094783776742,0.949582468726228,-0.0804394516491984,0.0858026487975447,7,5.34185103749007e-06,0.0369538099158575,0.989893370249037
"794","Lamp5","MYO9B",0.00097486736026592,0.0400594728067349,0.980584995413647,-0.0775402565805962,0.0794899913011281,7,0,0,0.997093441046833
"795","Lamp5","POLR2G",-0.0189374841228059,0.0740627235990454,0.798186189329198,-0.16409775497388,0.126222786728268,6,0,0,0.94359509133559
"796","Lamp5","KCNAB1",0.0156691914555677,0.0508182678033716,0.75782532752841,-0.083932783195752,0.115271166106887,7,2.83345541437872e-07,0.00139902139235025,0.926555528105898
"797","Lamp5","DLX5",0.029507967449128,0.093152036950796,0.751416526927674,-0.153066670060977,0.212082604959233,7,0.023597993932867,43.5799110228613,0.925975950944022
"798","Lamp5","ATXN7L1",0.0264356321682821,0.0310295427299639,0.394241607037073,-0.0343811540391939,0.0872524183757581,7,0,0,0.75908083400383
"799","Lamp5","KIF16B",0.0461546807888624,0.0323100668336775,0.15315021731697,-0.0171718865432276,0.109481248120952,7,2.35394918659945e-06,0.0277977319310416,0.534237775584196
"800","Lamp5","BICD1",-0.00674581918503538,0.0254151609929594,0.790682077014266,-0.0565586193925231,0.0430669810224523,7,0,0,0.940310954555847
"801","Lamp5","MTHFD1L",-0.0284095907025968,0.0385661863261981,0.461338224277847,-0.103997926923006,0.0471787455178125,6,2.85575392062486e-07,0.0029200739746856,0.799485491699775
"802","Lamp5","RAI1",-0.0073457307928629,0.0421299931608933,0.861583570579501,-0.0899190000571326,0.0752275384714068,7,0.000735241086692601,5.39564744374035,0.965580190491654
"803","Lamp5","SMG6",-0.00380240077807934,0.0267539970209466,0.886981597663988,-0.0562392713816265,0.0486344698254678,7,5.71052438139205e-06,0.0977019526923826,0.974011298943957
"804","Lamp5","ITPR3",0.149045476431389,0.103581337296087,0.150172592332103,-0.053970214139436,0.352061167002215,7,0.0118775843792572,15.6990131128132,0.52961192323787
"805","Lamp5","NOS1AP",0.00521465951868242,0.035317655045343,0.882618820008119,-0.0640066723885993,0.0744359914259641,7,0.00204281676027514,24.4480008056719,0.972956491417898
"806","Lamp5","HMGB2",-0.0531063237336281,0.0645529942836996,0.410691168899654,-0.179627867623899,0.0734152201566431,7,0,0,0.770661236238393
"807","Lamp5","ZBTB41",0.0321309301811251,0.0452563777651774,0.477719181975092,-0.0565699403093619,0.120831800671612,7,0.00199788894021234,13.6766782874714,0.809614045747174
"808","Lamp5","ASCC2",-0.0364368728325939,0.0423038781911554,0.389065774042276,-0.119350950493628,0.0464772048284401,7,0,0,0.756373462509834
"809","Lamp5","PIN4",0.0205342406115641,0.0526348991074664,0.696443406465924,-0.0826282659689695,0.123696747192098,7,0.00497817303921618,27.3736462735361,0.906391554342484
"810","Lamp5","SNTB2",-0.0336644481729884,0.0566095213385474,0.552058597535823,-0.144617071178593,0.0772881748326163,7,0.0100059491246865,52.0535315927325,0.846607978663859
"811","Lamp5","CABP7",0.231735173436737,0.240706918135939,0.335684284201266,-0.240041716939333,0.703512063812808,7,0.299869186902509,81.7030044775707,0.717302587286027
"812","Lamp5","ADCY6",-0.105710838186899,0.0439337969830608,0.0161221132587245,-0.191819497977792,-0.0196021783960049,7,2.57669605927447e-06,0.0171867357287129,0.204241898793523
"813","Lamp5","CD164",-0.0306131852060632,0.0828611611036381,0.711791172886637,-0.193018076686365,0.131791706274239,7,0.0225468849756649,57.1824531183672,0.913257230990891
"814","Lamp5","RNF20",-0.055059710351162,0.0347236041220814,0.112817240383463,-0.123116723843868,0.012997303141544,7,0,0,0.468309218452526
"815","Lamp5","EIF4A2",0.0100603168393486,0.0692017805978609,0.884413570111125,-0.125572680798502,0.145693314477199,7,0.00883879479231108,28.436750298914,0.973196713743002
"816","Lamp5","ADAMTS2",-0.0190966369934145,0.0471877595655052,0.685701926132135,-0.11158294625294,0.0733896722661112,7,0,0,0.903181005962289
"817","Lamp5","MCRIP1",-0.0779564877788619,0.0515466442960005,0.130445240756138,-0.17898605412292,0.0230730785651962,7,0,0,0.497605943924293
"818","Lamp5","RASGEF1B",-0.0235672437699318,0.101060878256491,0.81560728169859,-0.221642925398641,0.174508437858778,7,0.0226730563459219,33.9814137982302,0.949515906610951
"819","Lamp5","BICD2",-0.0550481011060777,0.0416614135438749,0.186394350752197,-0.136702971197102,0.0266067689849464,7,0.00120721263575708,9.37725912216282,0.579579406254291
"820","Lamp5","PGD",-0.0616654697610288,0.0487749572697944,0.206127582974212,-0.157262629357306,0.0339316898352484,7,0.00187503336306186,10.687707768983,0.595073257068699
"821","Lamp5","RFX1",0.00580807157413806,0.0421305839155231,0.890352015411622,-0.0767663555479297,0.0883824986962058,7,0,0,0.975244527597324
"822","Lamp5","PIP4K2B",0.0089134368225567,0.0297613088313127,0.764560498968888,-0.0494176566195899,0.0672445302647033,7,8.57746523444595e-07,0.0116949438625428,0.929772117873595
"823","Lamp5","GDE1",0.0283062655169255,0.0486471472753738,0.560654942468939,-0.0670403910934229,0.123652922127274,7,3.71415801711866e-07,0.00193578113075139,0.851628662134642
"824","Lamp5","MARK4",-0.0646606973407063,0.0299847448788381,0.0310482988250744,-0.123429717388851,-0.00589167729256188,7,2.95200015191027e-07,0.0039702006837476,0.274229398559132
"825","Lamp5","RPL15",0.00998446256334129,0.0913826482448977,0.912996320442178,-0.169122236808551,0.189091161935233,7,0.0191679858648845,36.6613883094792,0.980734315041589
"826","Lamp5","FAM184A",-0.00309913649563451,0.0472376820524406,0.947690481832701,-0.0956832920315722,0.0894850190403031,7,0.00486058567674653,34.2450479462728,0.989300844294455
"827","Lamp5","TEX29",0.0247735389523708,0.131811316796766,0.850918214018409,-0.23357189472409,0.283118972628831,6,0.0405259372543056,42.1778617086933,0.960721774113098
"828","Lamp5","POLE3",0.104056954359743,0.0999624744431181,0.297894034293582,-0.0918658953542744,0.29997980407376,6,0.0156234637369634,27.0275904519847,0.687746200571181
"829","Lamp5","SHANK1",-0.0785193074528917,0.0396555797367413,0.0476999597220745,-0.156242815522961,-0.000795799382822301,7,0.000686360003528561,5.61665869769442,0.326856584927945
"830","Lamp5","SHISA8",-0.0562681280818114,0.0798619040272511,0.481079226994187,-0.212794583712018,0.100258327548395,7,1.28887997952528e-06,0.00260910748122822,0.811342049869339
"831","Lamp5","MAP3K10",-0.123505564645311,0.0719198088431075,0.0859302710020708,-0.264465799752807,0.0174546704621845,7,0.0194210037346957,63.887664070606,0.420005390513245
"832","Lamp5","RAD23A",0.0164480058755981,0.0540619512447196,0.760942265037404,-0.0895114714980126,0.122407483249209,7,0.0022541554131665,10.6469544211588,0.927177276484799
"833","Lamp5","SPRYD3",0.0283463290247136,0.068481960024624,0.678929743154633,-0.105875846214261,0.162568504263688,7,0.00578505511987587,17.9394970749044,0.901589974244206
"834","Lamp5","TRIM52",0.000299900866967751,0.0407994255480336,0.994135110642026,-0.0796655037971014,0.0802653055310369,7,0,0,0.998808560940909
"835","Lamp5","LRRC39",-0.109863190245403,0.0592768794146603,0.063826444067792,-0.226043739014061,0.00631735852325484,7,0.00519215582869134,21.8255096455866,0.369929187650575
"836","Lamp5","ARHGEF9",0.0277979183817052,0.0260199852564114,0.285371896609572,-0.0232003155991243,0.0787961523625346,7,0.000589581275672089,12.1074822085178,0.675126115045276
"837","Lamp5","OTUB1",0.0258051974092406,0.0431274934499249,0.549608559904643,-0.0587231364960993,0.11033353131458,7,1.29984128175918e-06,0.00830948500745576,0.844828890475531
"838","Lamp5","C11orf58",0.0176991883278058,0.0286133347811098,0.536203404871022,-0.0383819173207566,0.0737802939763683,7,0,0,0.83888061329834
"839","Lamp5","TRAF7",-0.0940068599351857,0.0496304818228645,0.0582070202383846,-0.19128081684337,0.00326709697299853,7,0,0,0.356734602159948
"840","Lamp5","RPS16",0.0407488046580417,0.063923035906017,0.523820915270447,-0.0845380435002123,0.166035652816296,7,0,0,0.832565709384197
"841","Lamp5","TMEM35A",0.0365323927499968,0.0472587077533162,0.439504702746182,-0.0560929724024066,0.1291577579024,7,0,0,0.787588206165247
"842","Lamp5","PARP2",-0.0827881796116742,0.0836993818718719,0.322607665503757,-0.246835953608808,0.0812595943854594,7,0.02095409518779,48.423787526506,0.706734763099365
"843","Lamp5","LSM14B",0.013574584400495,0.0523876971462217,0.795544357643615,-0.0891034152390913,0.116252584040081,7,1.16443636498096e-06,0.00520987400545437,0.942891471313001
"844","Lamp5","SRP72",0.0145508686440344,0.0312697107759822,0.641692082990802,-0.0467366382838747,0.0758383755719435,7,2.78265399084665e-06,0.0330071130598716,0.886449765563937
"845","Lamp5","FAM169A",0.0679556506248395,0.0410722235361044,0.0980177743195042,-0.0125444282709035,0.148455729520583,7,0.00444427707329485,44.0082262929463,0.444220848429946
"846","Lamp5","EXOSC8",-0.00222890540481674,0.0664075852079278,0.973224815332881,-0.13238538071263,0.127927569902997,7,0.00668894868024717,22.6881034912699,0.996727391459769
"847","Lamp5","KIF5A",-0.0562391043621116,0.0502278503595939,0.262850279174409,-0.154683882087783,0.0422056733635597,7,0.00655830256826861,44.174129147474,0.65365491550151
"848","Lamp5","PRAF2",-0.092577833798183,0.0901414754422715,0.304407203638938,-0.269251879178337,0.0840962115819707,6,0.0135496576218772,29.5194953513326,0.694164386896801
"849","Lamp5","SEPHS2",-0.00829979151788394,0.0726798118778719,0.90908190222868,-0.150749605201659,0.134150022165891,6,1.94646433945259e-06,0.00547205728143232,0.979827084623903
"850","Lamp5","DLAT",-0.0394188157063625,0.0504051307092507,0.434191214530135,-0.138211056532528,0.0593734251198026,6,0.00444049452466538,31.0685554890435,0.783666794640294
"851","Lamp5","HCFC1R1",-0.0172065793600873,0.107238143717745,0.872524995404534,-0.227389478815798,0.192976320095623,7,0.035095661393743,52.1080945323649,0.968577940382375
"852","Lamp5","PRMT3",0.0717496945950523,0.0358015833789501,0.0450601231908986,0.00157988058280221,0.141919508607302,7,6.53302699490506e-06,0.0651253649453657,0.319585352125648
"853","Lamp5","CSNK2A2",-0.0182111428170517,0.0388572312385812,0.639306927309435,-0.0943699165836155,0.0579476309495121,7,0.00150712462004097,14.0474983247445,0.885607602797997
"854","Lamp5","UPF1",0.0318985773665961,0.0401352787691568,0.426743509001228,-0.0467651235304263,0.110562278263619,7,0,0,0.779613832884063
"855","Lamp5","SNRPA",0.127400354081395,0.0611939803003072,0.0373506993303128,0.00746235662213902,0.24733835154065,7,4.35772621383476e-06,0.0147592193208729,0.297123388708532
"856","Lamp5","PSME3",-0.0506532696170163,0.0741915488789907,0.49477343613086,-0.196066033377081,0.0947594941430485,7,0.0125669245122851,37.2266915248259,0.817942427797754
"857","Lamp5","NTRK3-AS1",0.242311548117786,0.342875796224844,0.479750712627293,-0.429712663653404,0.914335759888975,5,0.46992288502571,90.0170352964444,0.810567307823387
"858","Lamp5","HEG1",-0.0807410232217984,0.0384764144140807,0.035864973365555,-0.156153409727634,-0.00532863671596244,7,0.0004296359256744,3.74600943220701,0.291210063377622
"859","Lamp5","NOC2L",-0.0827478212120189,0.0852187348522137,0.331545767823855,-0.249773472330426,0.0842778299063883,7,0.023167801966501,57.4914002278061,0.713820774310415
"860","Lamp5","PPP4R2",0.0582923673934674,0.0320605525001084,0.0690341855517521,-0.00454516083120064,0.121129895618135,7,0,0,0.381859308516838
"861","Lamp5","TMEM150C",-0.0182133892998325,0.0539734898240426,0.735777207096856,-0.123999485474895,0.0875727068752301,7,0,0,0.92128150137905
"862","Lamp5","FGF12",0.0219975181284541,0.0327201962322075,0.501397978045295,-0.0421328880537558,0.086127924310664,7,7.90412264255443e-07,0.00947485930599196,0.821953006643139
"863","Lamp5","ENPP4",-0.0256655749062749,0.0403509471529009,0.5247380996606,-0.10475197806804,0.0534208282554899,7,0,0,0.833562036561577
"864","Lamp5","PRSS55",-0.0575498712518508,0.216231693030027,0.790124379155008,-0.481356201906823,0.366256459403122,6,0.130674516594081,53.348593692234,0.940021632542255
"865","Lamp5","SLC39A14",0.0107839526116788,0.0580973182116675,0.85274373485938,-0.103084698681552,0.12465260390491,7,0.00977557637715409,48.7894531735866,0.961255756921795
"866","Lamp5","TUBA4A",-0.0443135972059772,0.0659507127902607,0.501634682571967,-0.173574619029633,0.0849474246176788,6,0,0,0.821953006643139
"867","Lamp5","RPP14",-0.0452857010340828,0.10024504546989,0.65144908104394,-0.241762379783647,0.151190977715481,7,0.0337510007901882,55.7629234773202,0.889914575420899
"868","Lamp5","ZNF226",-0.0669823490521345,0.0357623898426215,0.0610707293111397,-0.137075345144754,0.00311064704048468,7,0,0,0.364443538838283
"869","Lamp5","SNAPC4",-0.0686635529345998,0.0442918370666444,0.121080805270168,-0.155473958394339,0.0181468525251394,7,5.41650136829833e-07,0.00336121392827688,0.48107975136205
"870","Lamp5","NPRL2",-0.0447739263547495,0.0630242401113656,0.477441307612846,-0.168299167126031,0.0787513144165317,7,0,0,0.809614045747174
"871","Lamp5","DDX41",0.0201262310735539,0.0779023509804155,0.796135229130675,-0.132559571159059,0.172812033306167,6,6.66737485590133e-06,0.0170787034158583,0.943187190133141
"872","Lamp5","GPR85",0.104885170727031,0.0637490022853949,0.0999113960413524,-0.0200605778027041,0.229830919256767,7,0.00425633568314252,14.8023159670113,0.44791325196165
"873","Lamp5","DENND1B",0.0149420418818346,0.0480624360107959,0.755885652296374,-0.0792586017085864,0.109142685472256,7,0.00501246712546753,34.729088575781,0.926555528105898
"874","Lamp5","NPIPB15",-0.165737453435284,0.136419324712932,0.22439971571823,-0.433114416667904,0.101639509797337,6,8.10544165054738e-07,0.00062141981869084,0.615080495135071
"875","Lamp5","MAP3K14",0.00930530759736336,0.0489310017403963,0.849174333313066,-0.0865976935412801,0.105208308736007,7,1.11276567945174e-06,0.00569938411635825,0.960210404787944
"876","Lamp5","RGS7",-0.0437948130278621,0.0311067583018709,0.159164415035303,-0.104762938975321,0.0171733129195971,7,1.87574199302949e-06,0.0255958590257476,0.543481812227939
"877","Lamp5","ARHGDIA",-0.127131947627298,0.054400406842607,0.0194409076371179,-0.233754785783134,-0.0205091094714618,7,0,0,0.224029341317729
"878","Lamp5","MRPL44",0.055759897702929,0.0593499225555688,0.347468511124416,-0.0605638129912272,0.172083608397085,6,8.20423884748738e-07,0.00346265127031977,0.727134052964415
"879","Lamp5","SF3B1",-0.0638559502848445,0.0262203888223142,0.0148771933280919,-0.115246968037217,-0.012464932532472,7,0,0,0.194231828614248
"880","Lamp5","PRPS1",0.0554104594000896,0.0586021109532148,0.344384832082824,-0.0594475674862315,0.170268486286411,7,6.0917962971716e-07,0.00214835767459721,0.72433889877292
"881","Lamp5","PTPRD-AS1",-0.106392014687993,0.119182001762307,0.372025753050416,-0.339984445747505,0.127200416371518,6,0.0213771789650393,26.1577009016742,0.744093661240599
"882","Lamp5","OGFR",-0.001050393734759,0.0397553720356727,0.978921202342086,-0.0789694911166684,0.0768687036471504,7,0,0,0.997093441046833
"883","Lamp5","CNNM4",-0.0092873568494556,0.0846719459912022,0.912658124843712,-0.175241321493132,0.156666607794221,7,0.024402087567762,59.6342434024546,0.980682781425819
"884","Lamp5","STARD7",-0.0132770934895942,0.0348485373936017,0.703207491303036,-0.0815789716949508,0.0550247847157624,6,0,0,0.909107987358836
"885","Lamp5","PRR36",0.0837624427518519,0.0737099442755021,0.255797924081013,-0.0607063933305864,0.22823127883429,7,0.00464832273320135,11.8330565487053,0.646743296219872
"886","Lamp5","AP3M2",0.0347178423389776,0.0325672366106036,0.286407428331141,-0.0291127684937997,0.098548453171755,7,0,0,0.676255679040658
"887","Lamp5","ANKRD24",-0.0728398720907091,0.044967742913613,0.105269884275751,-0.160975028667447,0.0152952844860286,7,7.61330140002665e-06,0.0457814071502987,0.457956546400037
"888","Lamp5","ERI2",0.0327993032166923,0.0550078161798483,0.550997386623271,-0.07501403536401,0.140612641797395,7,0,0,0.845515439390706
"889","Lamp5","LRRK1",-0.0542174817876105,0.111446685306172,0.626621168474286,-0.272648971184076,0.164214007608855,7,0.0254699176307972,32.3710858586831,0.880790145014573
"890","Lamp5","GLIS3",-0.0921410564271302,0.0541687494376891,0.088942939924921,-0.198309854412575,0.0140277415583148,7,4.97782633490793e-06,0.0221616229383849,0.426320087600052
"891","Lamp5","HEMK1",0.0387563409491686,0.147485833691357,0.792720080693539,-0.250310581315755,0.327823263214092,6,0.0823447145586526,69.5745183865663,0.941050173219579
"892","Lamp5","SLC25A53",0.0188361861184262,0.0464588498543961,0.685155536771751,-0.072221486359344,0.109893858596196,6,2.02488505125883e-06,0.0138683356425493,0.903181005962289
"893","Lamp5","SSR1",0.000789744115180085,0.0279950858999817,0.977494583436111,-0.0540796159928891,0.0556591042232493,7,0,0,0.997093441046833
"894","Lamp5","ZNF275",0.0408869914151924,0.0557871664811958,0.463613113298309,-0.0684538456874915,0.150227828517876,7,0,0,0.800197114949866
"895","Lamp5","KRT10",0.101957685041603,0.112365764941313,0.364209470434683,-0.118275167338665,0.322190537421871,7,0.0277945271399138,33.770286789101,0.737658430833555
"896","Lamp5","PMS1",0.0230150544417159,0.0256450653726167,0.369481119398424,-0.0272483500697881,0.0732784589532198,7,1.22961825869373e-07,0.00236963940610401,0.741486873434852
"897","Lamp5","HS6ST3",0.0817555961516042,0.0744098875516471,0.271890424276439,-0.0640851035432995,0.227596295846508,7,5.18724006591575e-07,0.00121534587275866,0.661223251865873
"898","Lamp5","SMG1",0.0183636776252787,0.0248218597092678,0.459409970479721,-0.030286273434192,0.0670136286847494,7,4.8364943468445e-08,0.000966699890955518,0.799114769561592
"899","Lamp5","SCAMP1",0.0133795090785699,0.0304470648194785,0.660346295644544,-0.0462956414025645,0.0730546595597044,7,0,0,0.893414587639381
"900","Lamp5","USP39",-0.014314806386872,0.0390835750932099,0.714170001932914,-0.0909172059566302,0.0622875931828862,7,0,0,0.91414776398771
"901","Lamp5","BRSK2",-0.0368389121217723,0.0303953950685054,0.225516243177464,-0.0964127917519093,0.0227349675083646,7,0,0,0.616445429064981
"902","Lamp5","TEX41",-0.166301812020303,0.148488542432603,0.262729131833746,-0.457334007305052,0.124730383264446,7,0.0907929249256888,67.4651349430972,0.653489535690467
"903","Lamp5","PRPF31",-0.0689372184708091,0.0469394349477381,0.141929958013009,-0.160936820423037,0.0230623834814184,7,0,0,0.518113665408294
"904","Lamp5","SPART",0.0384986522294228,0.0298919104394992,0.197770750403202,-0.0200884156610924,0.097085720119938,5,2.57026935394505e-07,0.00507196348929395,0.590236550297945
"905","Lamp5","LGI2",-0.281581637077099,0.103600660163649,0.00656873368757859,-0.484635199772425,-0.0785280743817735,6,0,0,0.136144690068895
"906","Lamp5","PWRN1",0.159668356721734,0.0648472388146244,0.013807882186413,0.0325701041482019,0.286766609295265,7,0.00681943477052383,24.2326995552337,0.188846835739611
"907","Lamp5","SRSF8",0.0763123518924923,0.0532579973640696,0.151891958655835,-0.0280714048298133,0.180696108614798,7,3.27519549926194e-06,0.0145588567759897,0.532058802862948
"908","Lamp5","P2RX7",0.00606132130436925,0.0385598551556268,0.875093112940373,-0.0695146060497403,0.0816372486584788,7,0,0,0.969866439669418
"909","Lamp5","USP5",-0.0203810035187971,0.0560733221686264,0.716253378270615,-0.130282695462816,0.089520688425222,7,0.00405061394707225,18.8845299114136,0.914462798800233
"910","Lamp5","LRRC24",-0.203439196922455,0.0660844873940001,0.0020806557935735,-0.332962412151486,-0.0739159816934232,6,5.92573569820426e-07,0.00200224058691113,0.0797518033184151
"911","Lamp5","LINC01091",0.12877982567424,0.16974503071174,0.448052231797563,-0.203914321075415,0.461473972423895,5,0.0833331239949535,62.9705141644824,0.791570730454328
"912","Lamp5","ZNF182",-0.035316359716462,0.0650754158891174,0.587337098960311,-0.162861831138098,0.0922291117051738,7,2.66470557566851e-06,0.00781743603243259,0.860829231579987
"913","Lamp5","NAPB",0.090278891069981,0.0437385129498109,0.0390120798602072,0.00455298095101291,0.176004801188949,7,0.00211124986425485,15.7654962548079,0.303148449024183
"914","Lamp5","OGFRL1",0.0495796980789203,0.0568474361110491,0.383124569151156,-0.0618392293121776,0.160998625470018,7,0.00761501384999452,38.8354856163028,0.752720087377968
"915","Lamp5","RPL29",-0.0430794593429174,0.0896590342421666,0.630885434724069,-0.218807937346207,0.132649018660373,7,0.00810894486732764,14.3150508414947,0.882993296421211
"916","Lamp5","ANKRD50",0.043080958517236,0.0437968894046561,0.325285966941107,-0.0427593673507737,0.128921284385246,7,9.43353781525499e-08,0.000625621375074155,0.708716130294416
"917","Lamp5","STEAP2-AS1",0.274931635698818,0.0928523497744922,0.00306686677016161,0.0929443742608971,0.456918897136738,5,0.0127602612305315,31.134719589934,0.0923845332603594
"918","Lamp5","TOX2",-0.00742563550502893,0.0341993168540012,0.828108451516344,-0.074455064834745,0.0596037938246871,7,0.000981727734772619,11.5708470670093,0.954801237292379
"919","Lamp5","TOX",0.116744843401326,0.0539268408428785,0.0303972963872855,0.0110501775492601,0.222439509253391,7,0,0,0.271082227811743
"920","Lamp5","MANEAL",-0.0461012892080705,0.054126559796769,0.394363202436761,-0.152187397016791,0.0599848186006503,7,5.21733786872012e-07,0.00206235459316533,0.75908083400383
"921","Lamp5","MOSPD2",-0.000619996986156616,0.0421071694524405,0.988252163348016,-0.0831485326038651,0.0819085386315519,7,2.82422677144567e-06,0.0192373316306947,0.997674559800997
"922","Lamp5","GRIK4",-0.0196381727682357,0.0356311428280597,0.581529536464743,-0.0894739294392353,0.050197583902764,7,1.29038398144176e-06,0.0127416803401763,0.858378677238391
"923","Lamp5","IL11RA",-0.0138765362927634,0.0601930464250532,0.817676943132132,-0.131852739405615,0.104099666820088,7,5.34843761431656e-07,0.00179404627343023,0.950417319968123
"924","Lamp5","MRFAP1L1",0.0431262020021071,0.0514069869431837,0.401515813839565,-0.0576296409602538,0.143882044964468,7,2.10151894184194e-06,0.00949709864114474,0.763876490249342
"925","Lamp5","ROR2",0.042791535780454,0.0732776260007599,0.559244163784724,-0.100829972053631,0.186413043614539,7,0.0128536883348933,36.4174496959024,0.850674250152825
"926","Lamp5","MIR99AHG",0.095345942991249,0.0366489281187829,0.00927893323316184,0.0235153638064373,0.167176522176061,7,1.75256014593142e-06,0.0169123620002219,0.158547529668402
"927","Lamp5","ZNF687",-0.117030148496686,0.0863913632853543,0.175528769638168,-0.286354109111296,0.0522938121179248,5,9.03421111571409e-06,0.0226903051259781,0.567171043895676
"928","Lamp5","DNM2",-0.0712473129433946,0.0339559010300173,0.0358847736131292,-0.137799656024835,-0.00469496986195414,7,2.20480882921412e-07,0.002273632258078,0.291210063377622
"929","Lamp5","ABCE1",0.0465768309457867,0.0353879384060589,0.188114258998278,-0.0227822538172106,0.115935915708784,7,1.05334143541516e-06,0.0106744383547127,0.581307086139639
"930","Lamp5","SNHG19",0.0900367523285371,0.0828559584153619,0.277184448320846,-0.0723579420701206,0.252431446727195,7,0,0,0.667240100134662
"931","Lamp5","NCOR2",-0.0242789990239506,0.0395188052866504,0.538973687017076,-0.101734434097837,0.0531764360499352,7,9.22946518054953e-06,0.0718878845887221,0.839382175581193
"932","Lamp5","UCK1",9.70502521869291e-05,0.064229848965546,0.998794409925849,-0.125791140452731,0.125985240957104,7,0,0,0.999773769742565
"933","Lamp5","DESI1",-0.0483713121983541,0.0376479640801097,0.19885096760225,-0.122159965886627,0.0254173414899186,7,0,0,0.591011480704938
"934","Lamp5","STK25",-0.0991720542797394,0.0377376639306599,0.00859054211168109,-0.173136516444509,-0.0252075921149698,7,0,0,0.153920398652016
"935","Lamp5","WAC",0.0533022501662802,0.02396837138975,0.026158011698076,0.00632510547428996,0.10027939485827,7,1.50287811246526e-07,0.00328948753059618,0.252728372470846
"936","Lamp5","PKN1",-0.00716953273614683,0.045016542916387,0.873460566726078,-0.0954003355607671,0.0810612700884734,7,3.42018102088985e-07,0.00201459123294997,0.96899025208508
"937","Lamp5","SALL1",-0.0278852952465287,0.0658653173304075,0.672026482908531,-0.156978945044429,0.101208354551372,7,0.00160946554110408,4.94967888947232,0.898810079460454
"938","Lamp5","GLUD1",0.0635996645430273,0.0352742146864902,0.071387077300945,-0.00553652582542741,0.132735854911482,6,3.14409350411941e-06,0.0371288836658239,0.387043884476683
"939","Lamp5","TSHZ2",0.029728708647273,0.125380926230281,0.81257369924876,-0.216013391112351,0.275470808406896,7,0.0484577121870026,50.5512208715518,0.948815753829332
"940","Lamp5","RYBP",0.132590324058233,0.0418480941913687,0.00153295308219602,0.0505695666215108,0.214611081494956,7,0.00282680122256732,23.990298574587,0.0697056498478409
"941","Lamp5","ORC5",0.114230374527351,0.035220430963478,0.00118154310069225,0.0451995983189549,0.183261150735747,7,4.15319395357664e-08,0.000417574989731562,0.0600046589124119
"942","Lamp5","AP1B1",-0.0315360836765604,0.0386404883731194,0.414419543206432,-0.107270049232913,0.0441978818797923,7,0.00158885896471201,15.0890153449868,0.772206678128822
"943","Lamp5","ZNF134",0.0454969386402305,0.0502648391144031,0.365388882227051,-0.0530203357126997,0.144014212993161,7,4.95793502027187e-07,0.00242831985193475,0.737993677404189
"944","Lamp5","HEATR3",-0.0918055610362103,0.0589244921515624,0.119228411504938,-0.207295443460586,0.0236843213881651,7,0.00816927275653296,38.1814199700165,0.47703331321096
"945","Lamp5","RNF6",0.0653631529125992,0.0777204760950468,0.400346258415427,-0.0869661810949988,0.217692486920197,7,0.0153792408555035,42.1619131244438,0.762743492813461
"946","Lamp5","CLPTM1",-0.0287526795088829,0.0355075643500637,0.418076924948762,-0.0983462268137462,0.0408408677959804,7,0,0,0.773600796141458
"947","Lamp5","FAM241A",0.0155444056856755,0.135828360483592,0.908887792334255,-0.250674288941289,0.28176310031264,5,0.0523969364938978,65.8846137543432,0.979827084623903
"948","Lamp5","KCNH5",0.0199132441398276,0.0479811550329589,0.678125657451272,-0.0741280916614046,0.11395457994106,7,0.000409146723411258,2.3553877971486,0.901378558730513
"949","Lamp5","RPS3",-0.0328007559510713,0.0410215392313497,0.423943531523441,-0.113201495434914,0.047599983532771,7,0,0,0.778050998360332
"950","Lamp5","SLC12A1",0.0645497403029943,0.098421963171216,0.511922630936593,-0.128353762800317,0.257453243406305,7,0.0198948387136517,31.3907776422982,0.825523563021941
"951","Lamp5","PLBD2",-0.00177575630331655,0.0410634644430836,0.965506878618871,-0.0822586676922016,0.0787071550855685,7,0.00104196563063204,8.25726815069063,0.99444464399303
"952","Lamp5","IKZF5",0.107165038445507,0.0386757432206184,0.00559085988374626,0.031361974657776,0.182968102233238,7,0,0,0.127597506392598
"953","Lamp5","KIF6",-0.0601227358391315,0.086786154809972,0.488454687459406,-0.230220473623394,0.109975001945131,7,0.012966869120404,25.9282709085077,0.814652322725058
"954","Lamp5","RTF2",-0.0479390113886138,0.0412590851749476,0.245275296256787,-0.128805332366582,0.032927309589354,5,0,0,0.636634964025746
"955","Lamp5","PTCD2",0.0964165335148693,0.0956968919309091,0.313684946777261,-0.0911459281021342,0.283978995131873,6,0.032790605999456,64.29061848887,0.698925605264866
"956","Lamp5","NFIA-AS2",0.187358015013754,0.105485320291509,0.0757077854713809,-0.0193894136552764,0.394105443682784,6,0,0,0.398323540014185
"957","Lamp5","VPS4A",-0.00644421396348781,0.0706735437471054,0.927347315107167,-0.14496181436763,0.132073386440655,7,0.0127491726539457,42.0211033451887,0.983884112435921
"958","Lamp5","FAM27C",0.0259175456933324,0.0647205853981258,0.688822972679432,-0.100932470745343,0.152767562132008,6,0,0,0.904056972981151
"959","Lamp5","LEMD3",0.0710351803493543,0.030364063700238,0.0193122048862502,0.0115227090726078,0.130547651626101,7,5.92786814197865e-06,0.0781828631828162,0.22314459732818
"960","Lamp5","CCNT1",-0.016379051648458,0.0608339740222815,0.787743578003522,-0.135611449768575,0.102853346471659,7,0.0121422205210485,56.4255425129004,0.938643357904296
"961","Lamp5","TMEM43",0.0019795948236808,0.0627581211274362,0.974836304344026,-0.121024062323496,0.124983251970858,6,4.59112420972095e-06,0.0161780072356345,0.997093441046833
"962","Lamp5","ADARB2",-0.0949193814600789,0.034092081606107,0.00536589264137579,-0.161738633566049,-0.0281001293541088,7,1.71600642057439e-06,0.0193435755392691,0.125216659253406
"963","Lamp5","LRRC1",0.0797833269492964,0.0900472525856567,0.375608783327549,-0.096706045025372,0.256272698923965,7,0.0186802787853046,35.5137187373823,0.746803215623927
"964","Lamp5","IZUMO4",-0.156210553646983,0.119805957066859,0.192280300343636,-0.391025914631379,0.0786048073374126,6,0.0353090783959467,46.8935587117115,0.586155790253799
"965","Lamp5","ZNF438",0.0552314831528156,0.0393414416903741,0.160348378630626,-0.0218763256602003,0.132339291965831,7,0.00249614203292352,24.0232270964178,0.544692046747946
"966","Lamp5","ATF5",-0.00924126696343802,0.145654666378214,0.94941102482333,-0.294719167244935,0.276236633318059,7,0.0758277246499611,59.5018023001242,0.989800928067492
"967","Lamp5","SCRT1",-0.0558672176737775,0.0507772407337867,0.2712269976534,-0.15538878074632,0.0436543453987646,7,0,0,0.660880942326203
"968","Lamp5","AVPR1A",-0.209687697546408,0.0924340156243318,0.0232980027122926,-0.390855039116511,-0.0285203559763048,6,1.21308231309603e-06,0.00216733586403243,0.240397596580075
"969","Lamp5","CNOT11",-0.043188250985948,0.0558859551783988,0.439645150721753,-0.152722710377229,0.0663462084053333,7,0.00550249464352051,26.8962352202438,0.787672862544037
"970","Lamp5","PIGP",0.162446928615566,0.179746079495417,0.366123821541629,-0.189848913557725,0.514742770788856,7,0.170323774140951,83.0177989507617,0.738111055599518
"971","Lamp5","TAF9B",-0.00972522656960532,0.100136105399856,0.922631034689335,-0.205988386705429,0.186537933566219,7,0.0238967292477676,39.1907897550552,0.982375103729229
"972","Lamp5","CCDC117",0.0215894010044449,0.065368787489768,0.741195362910391,-0.106531068188553,0.149709870197443,7,0.00305021172986035,9.68263888346549,0.923036460325539
"973","Lamp5","TTC39B",0.0481722861663238,0.0268256448728909,0.0725334888830366,-0.00440501164660381,0.100749583979251,7,4.96765366288078e-08,0.000866343130690202,0.389808779700079
"974","Lamp5","SNRPD2",-0.00128479993632298,0.0644601956459274,0.984097873868764,-0.127624461838746,0.1250548619661,7,0,0,0.997296915565468
"975","Lamp5","DOK4",-0.0424921029968505,0.102435262915165,0.678274340385998,-0.243261529057466,0.158277323063765,7,0.0369466082243876,60.5994030880647,0.901378558730513
"976","Lamp5","NNT-AS1",0.179230154597636,0.175286587754794,0.306545341904789,-0.164325244374679,0.522785553569951,5,0.121189722908063,85.6114409578196,0.6957260731822
"977","Lamp5","NKAIN2",0.000143350675235345,0.0501724350806596,0.997720319240036,-0.0981928150995315,0.0984795164500022,7,0,0,0.99964287012329
"978","Lamp5","LRRTM4",0.039170559631884,0.120919292199639,0.745983684462663,-0.197826898115484,0.276168017379252,7,0.0649732786661624,68.9157084993466,0.923981530672427
"979","Lamp5","FGF2",0.00487843216208268,0.134897430411733,0.971151582240094,-0.259515673051911,0.269272537376077,7,0.0750048749736576,68.5828156188555,0.996343438519147
"980","Lamp5","RANGRF",-0.0172520598657252,0.117734330455675,0.883500002411602,-0.248007107302786,0.213502987571335,6,0.0384596349077194,49.5732235167249,0.973189568893511
"981","Lamp5","KDR",0.101093782419271,0.108327918696421,0.350706380272677,-0.111225036745898,0.31341260158444,6,0.010089131139039,13.9961620113423,0.72961567293043
"982","Lamp5","LTBP4",-0.0214784343096624,0.0621275783556174,0.729556927670513,-0.143246250333363,0.100289381714038,7,0.00852635407976718,36.1009832412119,0.91930803926833
"983","Lamp5","BCL6",0.019273287029735,0.104351618705417,0.853467780943929,-0.185252127361338,0.223798701420808,7,0.0427577024753869,68.2611027372884,0.961709336880094
"984","Lamp5","SCN9A",0.133828305935675,0.0821957963193408,0.103489936930321,-0.0272724945308228,0.294929106402173,7,2.74284680665886e-06,0.0051776551743902,0.45467896978314
"985","Lamp5","EDNRB",-0.0583729219502358,0.127845615258412,0.64796637282958,-0.308945723438087,0.192199879537615,5,0.0380306420898728,49.3830875131693,0.888548314719521
"986","Lamp5","HDHD2",-0.0939107712106337,0.0576377581438789,0.103243755897717,-0.206878701322266,0.0190571589009991,6,0.00164428372889282,6.80749591473908,0.454450306327806
"987","Lamp5","TOP3A",-0.120642493018458,0.0365260533876249,0.000956849816064112,-0.19223224215559,-0.0490527438813259,6,1.8491331466882e-06,0.0206298290139397,0.0552800335763802
"988","Lamp5","PPP4C",-0.0665004762566013,0.0523018831008594,0.203560127488259,-0.16901028345791,0.0360093309447071,7,0,0,0.593161131697475
"989","Lamp5","TMBIM6",0.0217512236535631,0.0343044767714762,0.526039247912457,-0.045484315327021,0.0889867626341473,7,6.90548861758297e-06,0.071027144706939,0.834005483996431
"990","Lamp5","ZNF865",-0.108068142074235,0.0682628640615913,0.11339466098682,-0.241860897116508,0.0257246129680374,7,0.00266072653060704,7.66261030049895,0.469429789110527
"991","Lamp5","DAGLA",-0.0861569088441357,0.0437133148374553,0.0487292001370035,-0.171833431570408,-0.000480386117862899,7,0,0,0.329453269896858
"992","Lamp5","EIF2AK1",-0.0358553159145291,0.0328027104669895,0.274367654853917,-0.100147447025123,0.0284368151960653,7,8.97473104733958e-07,0.0100311690057314,0.664060676976564
"993","Lamp5","NOM1",0.00895036446924431,0.0575291216784717,0.876364313739232,-0.103804642082783,0.121705371021271,7,0.00552865921158067,25.9284163717412,0.970321343209654
"994","Lamp5","NDE1",0.00999604716271167,0.105277027914558,0.924354591707683,-0.19634313594924,0.216335230274663,7,0.0246523265469157,35.771301170599,0.98245099701607
"995","Lamp5","MARCKSL1",0.108940649145801,0.097364884505506,0.263186835101938,-0.0818910178438928,0.299772316135495,7,0.0217548819230863,38.1042620439305,0.653860744816006
"996","Lamp5","RNF44",-0.0434849557615839,0.0447582564962932,0.331273670350709,-0.131209526505124,0.0442396149819566,7,0,0,0.713676689430905
"997","Lamp5","GNAI2",-0.0269776149761471,0.0386247905168626,0.484893711741295,-0.102680813299602,0.0487255833473078,7,0,0,0.813213789797325
"998","Lamp5","ZDHHC11",0.0478006656008096,0.100169634744361,0.633221730542344,-0.148528210842671,0.24412954204429,7,3.7427320540977e-06,0.00477832918688814,0.882993296421211
"999","Lamp5","HCP5",0.371599644956915,0.120829601259365,0.00210218722689247,0.134777978222224,0.608421311691607,5,0.000140657047294676,0.180231948002407,0.0801522822541825
"1000","Lamp5","RPL13A",-0.0552559536039201,0.0546285702900432,0.311784582894028,-0.16232598389932,0.0518140766914793,7,0,0,0.698312131064191
"1001","Lamp5","TRAF3",0.0272332851838992,0.0432361002304914,0.528777179568032,-0.0575079140998278,0.111974484467626,7,0.0044047217265099,38.1256584557607,0.835356181037528
"1002","Lamp5","LRRC4B",-0.0728317781438972,0.0329387367121543,0.0270269427200397,-0.137390515795967,-0.00827304049182755,7,3.47230978341327e-06,0.0398531273804114,0.257135637641898
"1003","Lamp5","KLHL18",-0.0165125498154957,0.0668555247726148,0.804917077374462,-0.147546970537346,0.114521870906355,7,0.0156332680176972,58.0367334961426,0.946038694946959
"1004","Lamp5","NBDY",0.0681178896213199,0.057118629336464,0.233038329625712,-0.0438325667244425,0.180068345967082,5,0.00440173504817002,27.7995537981977,0.623486995608806
"1005","Lamp5","INO80D",0.0785100893198328,0.0327750925399553,0.0166013681554714,0.0142720883515531,0.142748090288113,7,0,0,0.206238639985863
"1006","Lamp5","RPL36",-0.0390498770642032,0.061088690554367,0.522671685245302,-0.158781510413475,0.0806817562850684,6,0,0,0.831999597196191
"1007","Lamp5","EPN2",-0.0099274571020897,0.0271123954521901,0.714246172813831,-0.0630667757229898,0.0432118615188104,7,1.69800876923573e-06,0.0284234329825308,0.91414776398771
"1008","Lamp5","SLK",-0.0858933285972833,0.0440895815831037,0.0513964471443962,-0.172307320593607,0.000520663399040486,7,0.00313509053404386,24.4309832163448,0.338977801469153
"1009","Lamp5","GPS2",-0.151077325475151,0.128743815965517,0.240606385054352,-0.403410567999818,0.101255917049515,7,0.0529904978744806,57.2825779317524,0.631981497664176
"1010","Lamp5","SRRM2",-0.0955473305464871,0.0287918347382506,0.000904840125510416,-0.151978289682287,-0.0391163714106867,7,0,0,0.054585113815654
"1011","Lamp5","LEKR1",0.0515538186482699,0.082748820070152,0.533274168332851,-0.110630888452413,0.213738525748953,7,3.6118970397437e-06,0.00668840813494673,0.837262147708096
"1012","Lamp5","DISP2",0.0180266206657795,0.0417120707776743,0.665619341923766,-0.0637275357790479,0.0997807771106068,7,1.0082141605045e-06,0.00742097822655743,0.89627405464491
"1013","Lamp5","LINC02328",0.113386438306003,0.177513348902233,0.522986361816939,-0.234533332317466,0.461306208929473,5,0.120198568688684,83.5773952354247,0.831999597196191
"1014","Lamp5","PPARGC1B",-0.0557022739034406,0.0375111290924341,0.137556202621551,-0.129222735944044,0.0178181881371629,7,5.36309106024255e-06,0.0462540658494989,0.510563198991659
"1015","Lamp5","LINC02631",-0.0449615046297647,0.198597583259633,0.820894197741007,-0.434205615235339,0.34428260597581,5,0.113480369992888,65.1565270378042,0.952018241840247
"1016","Lamp5","ALG10B",0.101833048754067,0.0577506571225948,0.0778460668619161,-0.0113561592897404,0.215022256797874,6,7.6450669278661e-08,0.00032869544636652,0.403819614263755
"1017","Lamp5","ANKRD36C",0.0101588741111897,0.0286807825128212,0.723185320977851,-0.0460544266623661,0.0663721748847454,7,3.42557103052496e-06,0.0510694957343406,0.916259482315301
"1018","Lamp5","HULC",0.0569673402161012,0.100563566143629,0.571066908216721,-0.140133627582322,0.254068308014525,5,0.0230179385966677,49.950896192863,0.855277289337979
"1019","Lamp5","SFXN4",0.000386530359549217,0.0455077475668431,0.993223068280771,-0.0888070158890035,0.0895800766081019,6,5.16454166769464e-07,0.00375960302237867,0.998654866216999
"1020","Lamp5","MAP1LC3B2",0.0273150797185334,0.107648496727936,0.799693916439975,-0.183672096858099,0.238302256295166,7,0.0115389621628933,13.8873442407001,0.943987715596255
"1021","Lamp5","ANAPC1",-0.0240492979288622,0.0401531943116656,0.549213830800812,-0.102748112643965,0.054649516786241,7,0.00325685198618858,31.5773882013492,0.844764971297428
"1022","Lamp5","HYOU1",0.0343897140201702,0.0625980087723188,0.58274886196665,-0.0883001286774971,0.157079556717838,7,0.00462162214829639,17.0770126848442,0.858897416842391
"1023","Lamp5","USP7",-0.0471849733595931,0.0269559798742487,0.080041472576288,-0.100017723081107,0.00564777636192091,7,4.24939519165892e-06,0.070804024643536,0.408020447800439
"1024","Lamp5","HSPA4L",0.151698566262065,0.0515300032557497,0.00324117105705636,0.0507016157575641,0.252695516766567,7,0.00466188391163836,26.0999505243673,0.0961815500529453
"1025","Lamp5","E2F4",-0.0646128768273825,0.0570724217208851,0.257583643233958,-0.176472767910799,0.0472470142560337,7,0.00137487510077052,5.44346634972266,0.64851427145998
"1026","Lamp5","ST3GAL4",0.0807467370610678,0.0551609874661932,0.14323827892252,-0.0273668117243363,0.188860285846472,7,3.53736334679834e-06,0.0143862155733465,0.519863907097606
"1027","Lamp5","PCP4",0.115319029209526,0.0887290682386518,0.193712083006817,-0.0585867489200288,0.28922480733908,5,1.10128075299644e-06,0.0025265877001754,0.587583280058094
"1028","Lamp5","GANC",0.0898047915156718,0.062987199633886,0.153936889096715,-0.0336478512537793,0.213257434285123,7,0.0117568773329901,50.5567385283324,0.534806718520265
"1029","Lamp5","RHOB",-0.0221770882426363,0.0826588339414377,0.788470984610672,-0.184185425771931,0.139831249286659,7,0.0148197824745742,35.5439490481271,0.938895201131039
"1030","Lamp5","MFSD8",-0.0705772587042005,0.0340573174508171,0.0382367068797854,-0.137328374317849,-0.0038261430905516,7,0,0,0.3002447653154
"1031","Lamp5","ABLIM1",0.0391871432478078,0.0400810210334134,0.328223598359509,-0.0393702144412749,0.117744500936891,7,0.00358800632213003,35.5100446017187,0.710834120387789
"1032","Lamp5","RTL6",-0.104240147596828,0.159167370482489,0.512526328479781,-0.41620246125645,0.207722166062793,5,0.0697963365832947,64.52535253741,0.825940218607964
"1033","Lamp5","NUDCD3",-0.0110534251528883,0.0293962050914965,0.706905463984098,-0.0686689284143745,0.0465620781085979,7,0.00143035827215451,25.3147201157567,0.910874233816963
"1034","Lamp5","NDRG3",-0.00871431923680098,0.0350476088866121,0.803637459661028,-0.0774063703988067,0.0599777319252048,7,0.00208911791842177,26.3852045450055,0.945598524967952
"1035","Lamp5","MB21D2",-0.00362338804970769,0.0342534531823284,0.915755567227039,-0.0707589226332003,0.063512146533785,7,5.13213127043523e-06,0.0562431836295547,0.980734315041589
"1036","Lamp5","ING2",-0.0415981659366623,0.0677940299361407,0.539482129089287,-0.174472022978328,0.0912756911050037,7,0,0,0.839404993726098
"1037","Lamp5","CCDC125",-0.0268518739630691,0.0454883908210551,0.554988406775563,-0.11600748168702,0.0623037337608814,7,0.00101035149688629,6.39395499273773,0.848957062716284
"1038","Lamp5","SIAH2",0.0465524590364399,0.0507353413389536,0.358851959210662,-0.0528869827312554,0.145991900804135,7,0,0,0.734341772748556
"1039","Lamp5","NSF",0.00525275520983868,0.0343906429377607,0.87860495713658,-0.0621516663533491,0.0726571767730265,7,0,0,0.971284178999175
"1040","Lamp5","DHRSX",-0.0417768134845408,0.0469307650544587,0.373369412992268,-0.133759422758191,0.0502057957891092,7,0.00336569578029202,22.6948186625274,0.745305426468792
"1041","Lamp5","LMO2",0.309335149045611,0.227063817303335,0.173094738140784,-0.135701755061109,0.754372053152331,6,0.214723350397127,79.2409267693192,0.563429497394021
"1042","Lamp5","EFCAB2",-0.000399880379319503,0.0623446402148514,0.994882379751077,-0.122593129829536,0.121793369070897,5,4.19496437341285e-07,0.00191882465402807,0.998808560940909
"1043","Lamp5","COL18A1",-0.0308069009097544,0.0414327800811942,0.457155228373106,-0.112013657648264,0.0503998558287548,7,0,0,0.797867912728187
"1044","Lamp5","CAB39L",0.0461210431205844,0.0670991994785925,0.49185836351143,-0.0853909712489256,0.177633057490094,7,0.0194620970495822,72.0845739726408,0.816204797966937
"1045","Lamp5","FGD5-AS1",-0.0120364172785313,0.0509661381520599,0.813304648591395,-0.111928212487662,0.0878553779305989,7,0.00423847580407519,24.9685231308542,0.948815753829332
"1046","Lamp5","AMIGO1",0.0263551417239069,0.0771793137752029,0.732742749692006,-0.124913533627007,0.177623817074821,7,0.0144184096299038,40.5199342017437,0.919666801398003
"1047","Lamp5","HSP90AA1",0.0444455746576351,0.0654436098243238,0.49704720936606,-0.0838215436163312,0.172712692931601,7,0,0,0.819460387042147
"1048","Lamp5","OTUD7A",-0.0310582183035081,0.0260164179392117,0.232558940281984,-0.0820494604711047,0.0199330238640886,7,1.00764374740528e-06,0.0184813499302861,0.623483577547008
"1049","Lamp5","GYS1",0.0175879039175657,0.0464776408504675,0.705121248855126,-0.0735065982357382,0.10868240607087,7,0.000346523830922777,2.00775272408514,0.910144531473291
"1050","Lamp5","RASA3",0.0644580066316406,0.0493864341632434,0.191832800166287,-0.0323376256531749,0.161253638916456,7,0.00222734938640597,12.7143901153645,0.586077011394669
"1051","Lamp5","LAMTOR5",0.0088576168789156,0.0649567037193073,0.891535224026579,-0.118455182965366,0.136170416723197,7,0,0,0.975663358386813
"1052","Lamp5","NHSL2",0.133591660853726,0.0459452474537902,0.00364181957074895,0.0435406305835166,0.223642691123935,7,0,0,0.102367773426522
"1053","Lamp5","PARD6G-AS1",0.164947385305573,0.075068064670632,0.0279987169532536,0.0178166821620109,0.312078088449136,7,0,0,0.261591137534343
"1054","Lamp5","SKI",-0.05336422907886,0.0387767418982724,0.168762301258199,-0.129365246637279,0.0226367884795592,7,0.00102791325494168,9.31762257500049,0.556906280559273
"1055","Lamp5","MAST3",-0.0563795799588406,0.0499270914075175,0.258797353643106,-0.154234880970414,0.0414757210527329,7,0.00229258313035284,12.8820346481445,0.650201166432332
"1056","Lamp5","TMEM50B",0.00116674245702694,0.0326956487123989,0.97153357430075,-0.0629155514704483,0.0652490363845021,7,0.000947540293064639,12.29017195004,0.996403919745943
"1057","Lamp5","ZC2HC1C",0.0676147514543834,0.0795400412391626,0.395285130908532,-0.088280864703206,0.223510367611973,5,7.29599991209656e-06,0.0182931551454599,0.760002392368993
"1058","Lamp5","ST6GAL2",0.0241040244698713,0.0372712516985249,0.5178138614133,-0.0489462865179648,0.0971543354577074,7,0,0,0.828832144411436
"1059","Lamp5","ZNF774",0.00796474628005353,0.0753196473578423,0.915783936455341,-0.139659049869575,0.155588542429682,7,0.0176096667291484,53.1823941817511,0.980734315041589
"1060","Lamp5","GPATCH11",0.00992355559361614,0.0457729985475231,0.828364731121259,-0.0797898730239333,0.0996369842111656,7,0,0,0.954832616077157
"1061","Lamp5","GSE1",-0.0362668885043617,0.0387706866618324,0.349571723909028,-0.112256038017441,0.0397222610087174,7,0,0,0.728618713638442
"1062","Lamp5","OGDHL",-0.111230236061427,0.0442633051304706,0.0119735783511508,-0.197984719953856,-0.0244757521689975,6,0,0,0.177657597396294
"1063","Lamp5","ACVR1",0.0877202822031012,0.0545635915223351,0.107907339697245,-0.0192223920478305,0.194662956454033,7,0.00789951843722773,42.3942871565032,0.462647066984863
"1064","Lamp5","SLC30A1",0.117287889771331,0.169372166943731,0.488632043722079,-0.214675457421888,0.449251236964549,6,0.129226960789292,81.2737167353902,0.814659223598543
"1065","Lamp5","ZNF487",-0.0861523643777261,0.0575242450662126,0.134218882178721,-0.198897812945359,0.0265930841899065,7,4.09742432346462e-07,0.00153269671246573,0.504296621235883
"1066","Lamp5","MRPS21",-0.0934826530423965,0.0457647322591326,0.0410842346901441,-0.183179880032415,-0.00378542605237821,6,0,0,0.308910339384172
"1067","Lamp5","MTCL1",-0.0332140212361365,0.0357266793479102,0.352541982789031,-0.103237026045251,0.0368089835729785,7,0,0,0.730623184965952
"1068","Lamp5","CTNNAL1",0.0399492223578408,0.0480669723026489,0.405908188739002,-0.0542603122012353,0.134158756916917,7,0.00455508384774504,30.9533028589849,0.767306534468615
"1069","Lamp5","ZMAT5",-0.102176578839914,0.0586882219726987,0.0816824304672233,-0.217203380223096,0.0128502225432674,7,0.00191341102398359,7.237159878527,0.411995017274367
"1070","Lamp5","NPHP1",0.121295200299595,0.0530749090433012,0.0222918089266134,0.0172702900919859,0.225320110507205,7,7.2925444010246e-05,0.321631796035672,0.235913209565378
"1071","Lamp5","ZBTB33",-0.00966875926521998,0.110749383175705,0.93043062737354,-0.226733561599629,0.207396043069189,6,0.0312463307502967,48.6163296565203,0.984877831080086
"1072","Lamp5","PRLHR",-0.244079491490306,0.0873497731419966,0.00520158479702484,-0.415281900906364,-0.0728770820742491,7,0.00711664084305573,13.1270098949631,0.122658601013468
"1073","Lamp5","ESF1",-0.011884823526232,0.0316986582981803,0.707711457853574,-0.0740130521489071,0.0502434050964431,7,0,0,0.911329958487228
"1074","Lamp5","ATP6V0D1",-0.0957912233364677,0.0409889234953505,0.0194390456474337,-0.176128037152422,-0.0154544095205132,7,0,0,0.224029341317729
"1075","Lamp5","LRP2BP",0.00697113885986324,0.0411059773406157,0.865333043556884,-0.073595096277063,0.0875373739967895,7,4.73000982529185e-06,0.0362015340003291,0.966919782985761
"1076","Lamp5","LOXHD1",-0.0193540573357544,0.184299754318194,0.916364687112307,-0.380574938158995,0.341866823487486,7,0.127010394388497,62.0960225259995,0.981004860189426
"1077","Lamp5","TRNP1",-0.116605440512402,0.0584745566585084,0.0461386476128609,-0.231213465575026,-0.00199741544977916,7,1.64084976404731e-06,0.00596204188411179,0.323240824137202
"1078","Lamp5","MIIP",-0.0792932023414329,0.0959577163747764,0.408614186212014,-0.267366870474704,0.108780465791838,7,0.0175356021592003,28.8335632959845,0.769644856022005
"1079","Lamp5","SPARC",-0.0452310327406118,0.0658122463502009,0.491910204862164,-0.174220665328683,0.0837585998474596,6,3.20604957794707e-06,0.010979484078818,0.816204797966937
"1080","Lamp5","FAM217B",0.0245037575614808,0.0544145210896798,0.652482231667561,-0.0821467440102867,0.131154259133248,7,0.00463916113881635,23.8127290274702,0.890350868155221
"1081","Lamp5","CDC7",0.0430455187458166,0.0398368491041897,0.279899440525284,-0.035033270755952,0.121124308247585,7,3.41740855149763e-06,0.0265100031320471,0.669865401089027
"1082","Lamp5","RSRP1",-0.024002636670752,0.0362336961131383,0.507689505208737,-0.095019376079272,0.047014102737768,7,1.44967703912946e-06,0.0139534005955686,0.823583666954867
"1083","Lamp5","GPR61",-0.0769344705808127,0.0594325453088305,0.195498341200729,-0.193420118895666,0.0395511777340401,7,2.84874878728265e-06,0.0100560445024802,0.588272573234939
"1084","Lamp5","FBXO31",-0.00105524969485987,0.0534068337241454,0.984235862736598,-0.105730720322504,0.103620220932784,7,0.0040984753551866,21.7175040344369,0.997296915565468
"1085","Lamp5","CDC123",-0.0255579542079472,0.0298408396495893,0.391734704979683,-0.0840449251895771,0.0329290167736827,7,1.1015929688762e-06,0.015087140954577,0.758201083617192
"1086","Lamp5","TUBG1",-0.00199531183561453,0.0764232750424524,0.979170643317101,-0.15178217849942,0.147791554828191,5,1.05232458902748e-06,0.00333444206354897,0.997093441046833
"1087","Lamp5","CEP78",0.00410310842208977,0.0566068317756446,0.94221647344053,-0.106844243137091,0.115050459981271,7,0.0072797228497469,36.5241248021079,0.987378794766501
"1088","Lamp5","KCNAB3",-0.0877232724402105,0.0455675331230903,0.0542135155196544,-0.177033996225803,0.00158745134538257,7,6.28318395795675e-07,0.00370034401683288,0.347490982258515
"1089","Lamp5","RASSF3",0.00646538333601989,0.0783270726869688,0.93421460334014,-0.14705285814489,0.15998362481693,7,0.0205188209441792,52.7101700362187,0.985315638798959
"1090","Lamp5","CLCN6",0.0358873870715105,0.0334604259000521,0.283481020630101,-0.0296938425999628,0.101468616742984,7,1.19476377234242e-06,0.0123346038369462,0.673049340026877
"1091","Lamp5","RXRB",-0.0326979976452926,0.0459639381202535,0.476846479739354,-0.122785660948617,0.0573896656580319,7,0,0,0.808995183884655
"1092","Lamp5","DCDC1",0.206166703663668,0.116730707627017,0.0773667149827604,-0.0226212791751612,0.434954686502497,7,0.0266690399822206,30.0954642415653,0.402980872275119
"1093","Lamp5","DTX3",-0.014116265534446,0.0366103804956991,0.699807039041617,-0.0858712927663238,0.0576387616974318,7,0,0,0.907258323785827
"1094","Lamp5","RASD2",0.0315223269907587,0.0599202582915078,0.59883868230913,-0.0859192212049342,0.148963875186451,7,1.36556416374864e-07,0.000456041941235027,0.866591457131521
"1095","Lamp5","MMP17",-0.0306590613333949,0.047319330826562,0.517037780961202,-0.123403245525992,0.0620851228592025,7,1.22393545768598e-06,0.00671029765046664,0.828188430553847
"1096","Lamp5","HPS4",-0.0396559682806235,0.0364645189444925,0.27680616053716,-0.111125112125407,0.0318131755641603,7,0.00101496835464107,10.4513855641315,0.667135202310338
"1097","Lamp5","AZIN1",0.0438587697047249,0.0401435200573063,0.274591788573785,-0.0348210838202567,0.122538623229706,7,0.00149258282614832,12.9006338650594,0.66407994560089
"1098","Lamp5","TMEM178B",-0.0176067056508581,0.0280612547229925,0.530371975871142,-0.0726057542689278,0.0373923429672117,7,2.87379425740334e-07,0.00461820495897919,0.8358827065654
"1099","Lamp5","LINC00641",0.0814898072505147,0.0786823276804698,0.300350897671286,-0.072724721222985,0.235704335724015,5,0.00840839532352615,28.4649082367159,0.689991770313005
"1100","Lamp5","ZNF469",0.0669739851271452,0.205729969963373,0.744770020761878,-0.336249346541574,0.470197316795864,5,0.147045002691087,74.651812929526,0.923833556845838
"1101","Lamp5","SEMA6A",-0.0239023271164733,0.0771050547435191,0.756563321930127,-0.17502545743976,0.127220803206813,7,0.0185011924227304,48.8385868079574,0.926555528105898
"1102","Lamp5","ZNF710-AS1",-0.0826588796911768,0.0661993376329588,0.211798219294267,-0.212407197252183,0.0470894378698295,5,0,0,0.60179542163244
"1103","Lamp5","ADAMTS20",-0.103124191678983,0.124574486796115,0.407777265884309,-0.347285699191929,0.141037315833962,7,0.0459033541292809,48.3246055227786,0.76905982064508
"1104","Lamp5","CCNE1",-0.072263890882052,0.0711817489455408,0.310009299782682,-0.211777555171884,0.06724977340778,7,0,0,0.696879927838551
"1105","Lamp5","PIP4P2",0.0769119736006951,0.043449300310381,0.0767014099679492,-0.00824709016111666,0.162071037362507,5,9.41063788972765e-07,0.00870692392824426,0.401432018296151
"1106","Lamp5","TSPAN7",-0.00210239466203494,0.0514015863594229,0.967374535190787,-0.102847652674729,0.0986428633506592,7,0.00301889328844173,16.4430762191442,0.995358653770326
"1107","Lamp5","ARF1",0.00835373704961403,0.0370924736687933,0.821812952189606,-0.064346175438721,0.0810536495379491,7,0,0,0.952295573317031
"1108","Lamp5","ALPK3",-0.0542010034146888,0.192877590405889,0.778700853972988,-0.4322341340351,0.323832127205722,6,0.124615729734469,65.7794120757277,0.935739902799735
"1109","Lamp5","ATXN7L3B",-0.00304293882980658,0.0750152981822359,0.967643290148034,-0.150070221556522,0.143984343896909,7,0.0131374764242755,37.4491050518956,0.995377876631969
"1110","Lamp5","SEC24D",0.0157890738795225,0.124394950420076,0.898998201960557,-0.228020548802473,0.259598696561518,7,0.0549468069620544,59.6872250352546,0.977723005662228
"1111","Lamp5","CHRM1",-0.0335423899045922,0.06422491127484,0.601486196520826,-0.159420902913559,0.0923361231043746,7,0.00676727869305039,25.1793091562483,0.867839383514501
"1112","Lamp5","SH3PXD2A",0.0195402012466125,0.0298061807064909,0.512097305926059,-0.0388788394548024,0.0779592419480273,7,1.7878960342214e-06,0.0237841535751087,0.825598320959214
"1113","Lamp5","INPP5E",-0.0238131196865669,0.0484561963008281,0.623118101617689,-0.118785519263993,0.0711592798908591,7,0.00083587564419251,4.6477776786409,0.878842378372477
"1114","Lamp5","RUSC1",0.0162804986679268,0.0377659678603654,0.666403555590581,-0.0577394381796867,0.0903004355155402,7,0,0,0.896319976282105
"1115","Lamp5","GDI1",0.0528765192304176,0.0678155648365873,0.435561199234194,-0.0800395454405344,0.18579258390137,7,0.0108672326551002,38.9109204010163,0.784392545450919
"1116","Lamp5","NACC1",0.00904409759840569,0.0519021216935517,0.861666677224428,-0.0926821916421707,0.110770386838982,7,1.49626089240019e-07,0.000695319835161941,0.965580190491654
"1117","Lamp5","PUM1",0.0153936539067352,0.0427126699919745,0.718547892852183,-0.0683216409610796,0.09910894877455,7,0.00545396783679995,50.7674649336151,0.915037189928576
"1118","Lamp5","GAB2",0.0322983806881989,0.0482418438136902,0.503170417510601,-0.0622538957344403,0.126850657110838,7,0.00505294244456508,34.8032450936532,0.822278216591144
"1119","Lamp5","COL6A1",0.0238434458929613,0.0838453000330824,0.776123575840299,-0.140490322444835,0.188177214230758,6,3.4624838568252e-06,0.00679978986245724,0.934584658568636
"1120","Lamp5","XKRX",0.0278069614654774,0.151775848562754,0.854632688705348,-0.269668235440526,0.325282158371481,6,0.0562862796606732,44.7921938036763,0.962206018097087
"1121","Lamp5","PI4K2A",-0.0179611289302687,0.0605976010500284,0.766924625591178,-0.136730244537851,0.100807986677313,6,3.65590537173195e-06,0.01394242057973,0.930848634674201
"1122","Lamp5","LRRTM2",0.122456457296721,0.0637926577715752,0.0549083025014831,-0.0025748544136561,0.247487769007097,7,0.00741062222894874,27.7037038960301,0.34837800237059
"1123","Lamp5","PSMC3",-0.10473489264578,0.0636422139798875,0.0998290957858102,-0.229471339942751,0.0200015546511909,6,3.03060804769768e-06,0.0111266866236737,0.44791325196165
"1124","Lamp5","RRAGA",-0.055767899456396,0.0864190667622154,0.518720229673877,-0.225146157887901,0.113610358975109,7,0.013913496335496,29.1752345916414,0.829106552615597
"1125","Lamp5","PSD",0.0476920871142452,0.0325991986993709,0.143471916541468,-0.0162011682613867,0.111585342489877,7,0,0,0.519863907097606
"1126","Lamp5","C5orf63",0.0108016447142266,0.0648714230001914,0.867756777804489,-0.116344007992012,0.137947297420465,6,1.22112975693125e-06,0.00444797156365276,0.967279253523521
"1127","Lamp5","CD276",-0.0991231478749174,0.043215859656972,0.0218091591946215,-0.18382467636352,-0.0144216193863148,7,1.12183942966085e-07,0.000746350533105944,0.234546524108344
"1128","Lamp5","PARVA",0.0475826011720294,0.0388585521201792,0.220760715929712,-0.0285787614748944,0.123743963818953,7,0,0,0.611492438451345
"1129","Lamp5","MDM4",-0.0239287709220496,0.0269223376814388,0.374106638812084,-0.0766955831572952,0.028838041313196,7,0,0,0.745695120151057
"1130","Lamp5","ARRB2",-0.0128503738286687,0.0444329970766733,0.772422285806585,-0.0999374478241218,0.0742367001667844,7,0.00142983873517777,9.74152671060929,0.933353351112554
"1131","Lamp5","NDUFAB1",-0.0406627269998454,0.0503474577791612,0.41929663830848,-0.139341930960152,0.0580164769604615,6,1.98769341543261e-06,0.0109499836491987,0.774659122127469
"1132","Lamp5","CD55",0.0211894841151651,0.0697431730005518,0.761263791103289,-0.115504623133463,0.157883591363793,7,0,0,0.927177276484799
"1133","Lamp5","USP30",-0.00781769652812227,0.0594980523333816,0.895463509319198,-0.12443173625183,0.108796343195585,6,0.0106377192664327,58.5488410786025,0.976413248304476
"1134","Lamp5","GCAT",-0.0836438934097706,0.0591626101716738,0.157421650513429,-0.199600478577634,0.0323126917580932,6,2.6655317261176e-06,0.0117471537729571,0.541136397937743
"1135","Lamp5","CDKN2AIP",-0.0357014408474067,0.0777424259622016,0.646070980617791,-0.188073795804094,0.11667091410928,6,0.00781977425173786,21.9854031020192,0.887475632576173
"1136","Lamp5","SRP68",-0.0135543785926777,0.0426637339774055,0.750710549794706,-0.0971737606343902,0.0700650034490349,7,0.000431321204655471,3.04670017099062,0.925975950944022
"1137","Lamp5","ZFP14",0.0161876750387938,0.0298977097658115,0.588207591333056,-0.042410759322428,0.0747861094000157,7,0,0,0.861277671761366
"1138","Lamp5","ACOX1",-0.0185798873687751,0.0335243647244507,0.579428007655367,-0.0842864348332835,0.0471266600957333,7,2.85953325837463e-06,0.0314372701546542,0.858378677238391
"1139","Lamp5","LINC02347",-0.0736633298972202,0.0778722057978746,0.344173324055111,-0.226290048657745,0.0789633888633051,5,6.48760375051292e-06,0.0194684680270702,0.72433889877292
"1140","Lamp5","GCLM",0.0104165458472194,0.049153634732362,0.83217091418479,-0.0859228079374473,0.106755899631886,7,0.00553354604298581,36.9637183281967,0.956163950912518
"1141","Lamp5","FGF9",-0.121829180496683,0.0372306985047141,0.00106684772316426,-0.194800008685192,-0.0488583523081747,7,0,0,0.0573576821673018
"1142","Lamp5","RBM12B",0.0870802625371127,0.0343185852527677,0.0111676625942729,0.0198170714413205,0.154343453632905,7,3.9369984072477e-06,0.041523001248591,0.171663338001168
"1143","Lamp5","PITRM1",-0.0320705937463521,0.0379820098553492,0.398466739089436,-0.106513965123282,0.0423727776305777,6,0.000617760906471599,6.50833727549247,0.76235817034069
"1144","Lamp5","TAGLN",-0.0323008932670483,0.0599119149867372,0.589790447982391,-0.149726088885879,0.085124302351782,6,8.79093170073504e-07,0.00355983213706189,0.862262098706774
"1145","Lamp5","LNPK",-0.0664692613100474,0.0317476435265518,0.0362889028178285,-0.128693499216105,-0.0042450234039897,7,2.37204618563328e-06,0.0293264190626156,0.291728958956667
"1146","Lamp5","ASIC1",-0.0190053411878024,0.0370700270922922,0.60816990336873,-0.0916612591946192,0.0536505768190144,7,0,0,0.871849474403043
"1147","Lamp5","FBXL14",0.120475348444063,0.0751919897418498,0.109103327531552,-0.026898243375868,0.267848940263994,7,0.0149654989048639,42.5673424640981,0.463734401407849
"1148","Lamp5","UBE2Q1",0.0136881712385277,0.0630234082162085,0.828058828255664,-0.109835439048207,0.137211781525262,7,0.00392358880336107,13.9399268563534,0.954801237292379
"1149","Lamp5","CELF4",-0.00502503690816398,0.0264105356290691,0.849100400228086,-0.0567887355535514,0.0467386617372234,7,0,0,0.960210404787944
"1150","Lamp5","NDRG4",-0.00937500598224302,0.0406488609719112,0.817599216772604,-0.0890453094997649,0.0702952975352788,7,0.00072886386235208,5.6435846896779,0.950417319968123
"1151","Lamp5","PNMA2",0.0765873972397408,0.0571256594730541,0.180023414969545,-0.0353768379205446,0.188551632400026,7,0.00390192503082711,17.2161631085179,0.5727321148233
"1152","Lamp5","RCC1",0.0100750179360721,0.0610111311205671,0.86883843728415,-0.10950460171629,0.129654637588434,7,0,0,0.967698604968184
"1153","Lamp5","UBTD2",-0.085142506226919,0.0426267689065736,0.0457822621704839,-0.168689438061115,-0.00159557439272301,7,0.00240137526119398,19.3119987061017,0.321538367206224
"1154","Lamp5","NAV2",-0.02706443353247,0.0276935957428834,0.328429903215871,-0.0813428837909333,0.0272140167259933,7,1.5409230283663e-06,0.0258615906940397,0.711034189738575
"1155","Lamp5","NFX1",-0.0412544221267333,0.0375827036332621,0.272336807450935,-0.11491516768957,0.032406323436103,7,0.00237017459374372,25.3748653622178,0.661775539804444
"1156","Lamp5","SNX5",-0.0157806918474897,0.0401053238641714,0.693964090420164,-0.0943856822095804,0.0628242985146011,7,0,0,0.905942502810902
"1157","Lamp5","FRG1-DT",0.0605787161924679,0.0608259108660316,0.319281227707957,-0.0586378784317976,0.179795310816733,5,0,0,0.704062213401684
"1158","Lamp5","PRIM2",0.0595454022406397,0.0380488620261546,0.117589483781032,-0.0150289969833571,0.134119801464637,7,2.43399382463931e-06,0.020809421626336,0.474626223227585
"1159","Lamp5","PAPSS2",-0.132647167059841,0.132630641629275,0.31725021378236,-0.392598447899658,0.127304113779976,7,0.0675686778608937,63.8385253327072,0.701947766322472
"1160","Lamp5","TRIQK",0.0573628148649991,0.0427807705870284,0.17996749916742,-0.0264859547164471,0.141211584446445,7,8.27352567975028e-07,0.00560006111189825,0.572706578643739
"1161","Lamp5","UBA1",-0.052648758762041,0.0343571604895328,0.125424862694193,-0.119987555932588,0.0146900384085058,7,9.46423726715e-07,0.00946826528839329,0.487700427066708
"1162","Lamp5","IRF2",0.0916256719645836,0.0489047273659729,0.0609918544943604,-0.0042258323464736,0.187477176275641,7,0.00570574026713165,38.4812251944629,0.364336457491536
"1163","Lamp5","RPS19",-0.050302924919023,0.0625527952357759,0.421300246084128,-0.172904150713453,0.0722983008754065,7,0,0,0.7757740630534
"1164","Lamp5","XPO6",-0.0330604541718289,0.0393667136735926,0.401016430485902,-0.110217795161771,0.0440968868181131,7,0.00411359778186903,44.4243579806889,0.763533751342287
"1165","Lamp5","YJEFN3",-0.0951777358930026,0.0619703978383866,0.124573192713885,-0.216637483763859,0.0262820119778541,7,0.00127807645985509,4.35623107494946,0.486694156048791
"1166","Lamp5","MRPS10",-0.114494678940612,0.087921122738605,0.192833282218008,-0.286816912988604,0.0578275551073789,6,0.0221767869254857,53.1633089696331,0.586941517445956
"1167","Lamp5","SLC38A10",-0.0623775041611064,0.0813492914926817,0.443208715221666,-0.221819185654613,0.0970641773324004,7,0.0240381951821091,62.0547008606712,0.789496392228061
"1168","Lamp5","STMP1",-0.0704187736417282,0.0726394212778959,0.332331105768716,-0.212789423204237,0.0719518759207802,5,0.0115883178347584,49.1977800219067,0.714425255058077
"1169","Lamp5","CSK",-0.0538566696398967,0.0420720092490853,0.200507539765553,-0.13631629252534,0.0286029532455465,7,1.71203781133122e-07,0.00116084415583395,0.591415610548944
"1170","Lamp5","KLHL26",-0.0295912690002283,0.0678526928339249,0.662756589270769,-0.16258010320878,0.103397565208324,7,0,0,0.894571789061978
"1171","Lamp5","HLTF",0.0267897408973477,0.0257688026230506,0.298516872403182,-0.0237161841685526,0.0772956659632481,7,1.63016693527487e-06,0.0296593382759683,0.687986756035779
"1172","Lamp5","CCDC149",0.00865020894264801,0.0324344297654,0.789701423454879,-0.0549201052566298,0.0722205231419258,7,0,0,0.939705405283274
"1173","Lamp5","WIF1",0.135859076312703,0.0714447985103581,0.0572241135274638,-0.00417015565032022,0.275888308275725,7,1.08582556416966e-06,0.00269523770614465,0.352905020914214
"1174","Lamp5","RCN1",-0.00824550450116871,0.0798338826571313,0.917738152776472,-0.164717039255143,0.148226030252805,6,0.00267462982542414,6.47241514524797,0.981947800756359
"1175","Lamp5","CCDC184",-0.17085131405625,0.0952628458796662,0.0728973709770297,-0.357563061045186,0.0158604329326855,7,2.17889021502213e-06,0.0030491207386437,0.389808779700079
"1176","Lamp5","PDE8A",-0.0638203278331274,0.0407870148539481,0.117648174549336,-0.143761407983766,0.0161207523175111,7,0.00188560626932584,16.2104363558569,0.474626223227585
"1177","Lamp5","NUMB",-0.012628841232487,0.0423081299589178,0.765324021236436,-0.095551252205206,0.0702935697402319,7,0.00486747439444174,44.5478428465603,0.929871259341206
"1178","Lamp5","ZNF35",0.0502421485132809,0.121945473427579,0.680335735988889,-0.188766587482459,0.289250884509021,7,0.064174977438862,76.5678456962118,0.901733822525915
"1179","Lamp5","NAMPT",-0.0105395937003009,0.0516986143884051,0.838458154986954,-0.111867015952199,0.0907878285515973,7,0.00594444503338301,35.925139061521,0.958356578693386
"1180","Lamp5","SERINC1",0.0269131308292219,0.0451273033423919,0.550919775251708,-0.0615347584412803,0.115361020099724,7,3.0879198671584e-06,0.0190779354798288,0.845515439390706
"1181","Lamp5","UCHL5",-0.0412139386677593,0.0613152789064986,0.501479135201297,-0.161389677026525,0.0789617996910065,7,0.0116630999104668,54.6143406944158,0.821953006643139
"1182","Lamp5","APC2",-0.145764061403829,0.0416122169824012,0.000460196193215797,-0.227322508006201,-0.0642056148014567,7,0.0022501077357694,18.9268269307696,0.0429959865208415
"1183","Lamp5","ZNF527",-0.0387447038621809,0.0514954010786512,0.451815635697984,-0.139673835345782,0.0621844276214204,7,0,0,0.794714397310221
"1184","Lamp5","LSM2",-0.191636257637036,0.0874516833662891,0.0284272919182754,-0.363038407422363,-0.020234107851709,6,0.00647624937280949,13.7296834915029,0.263536421744694
"1185","Lamp5","USP3",0.0915573369073899,0.0461486226553789,0.0472595370642497,0.00110769856671812,0.182006975248062,7,0.00490740794054943,35.9859716988729,0.32561125336563
"1186","Lamp5","PNMA6A",-0.0327199750090076,0.0618303048232021,0.59667369787957,-0.153905145615617,0.0884651955976018,7,0,0,0.865992238665974
"1187","Lamp5","ZNF558",-0.106643815906818,0.0589680809770563,0.0705286074873576,-0.22221913085929,0.00893149904565385,7,0,0,0.385313666944408
"1188","Lamp5","ASIC3",-0.0677765178948021,0.0677304675716436,0.316981585225216,-0.200525794991282,0.0649727592016775,7,0,0,0.701947766322472
"1189","Lamp5","G3BP2",0.0244207057160893,0.0296755225256845,0.410551098345977,-0.0337422496566594,0.0825836610888381,7,0.000171694397751228,2.3744870509003,0.77064520249875
"1190","Lamp5","QDPR",-0.0457775557636269,0.0329766041886001,0.165081378937556,-0.110410512305716,0.018855400778462,6,0,0,0.551334376967334
"1191","Lamp5","TRPC7",0.0035247928100675,0.104986713217519,0.973217091789056,-0.202245383951505,0.20929496957164,7,0.0211065768349483,28.4288370838215,0.996727391459769
"1192","Lamp5","TRIM8",-0.00789183990913378,0.0487496337255976,0.871396327176278,-0.103439366270824,0.0876556864525567,7,0.00333159364526579,20.7000312435196,0.968577940382375
"1193","Lamp5","CCHCR1",-0.0951369238396549,0.113075108561602,0.400146036863069,-0.316760064168352,0.126486216489042,7,0.0424160152689933,55.9826970711984,0.762743492813461
"1194","Lamp5","SLC30A5",-0.115966421780608,0.0337773311896576,0.000596365899147175,-0.182168774406218,-0.0497640691549973,7,1.43380656592794e-06,0.0156878912792642,0.0466825592266343
"1195","Lamp5","UBXN6",-0.00120675458869542,0.0430858852459497,0.977655675894045,-0.0856535379127825,0.0832400287353917,7,0,0,0.997093441046833
"1196","Lamp5","ZFR2",-0.0138315728872602,0.0341158637885573,0.685161931840321,-0.0806974372143067,0.0530342914397862,7,7.31052494534968e-06,0.0772475995575393,0.903181005962289
"1197","Lamp5","RCC2",0.200037888332228,0.0717967607534679,0.00533351047913121,0.0593188230487918,0.340756953615664,7,0.00747126922658319,21.4907629442851,0.124820845048787
"1198","Lamp5","CCT7",-0.0305399691190412,0.0580097040070196,0.598566477486779,-0.144236899726629,0.0831569614885461,7,1.5880073730431e-06,0.00569449032839265,0.866522587716573
"1199","Lamp5","ATP6V0E1",0.000307907210744056,0.0333498073430788,0.992633513086353,-0.0650565140730398,0.0656723284945279,7,0,0,0.998654866216999
"1200","Lamp5","SLC8B1",0.108771134669535,0.0647797069637338,0.093133973906797,-0.0181947579084421,0.235737027247511,6,3.51347338929561e-06,0.0119147160099346,0.435754770716505
"1201","Lamp5","GORAB",0.0367903446984228,0.0520668664415257,0.479816320186043,-0.0652588383148248,0.13883952771167,7,2.71058635771033e-07,0.00121709530332294,0.810567307823387
"1202","Lamp5","LINC02253",0.0553872602922666,0.118276527976619,0.639579969261429,-0.176430474758351,0.287204995342884,5,9.78730091038472e-06,0.012061985157824,0.885628960895936
"1203","Lamp5","BEND7",0.00936846964248587,0.0935281604680011,0.920211452466812,-0.173943356415079,0.192680295700051,6,2.63399162750611e-06,0.00448821779658714,0.982309092211961
"1204","Lamp5","LINC01234",-0.0270091071301691,0.153938886847884,0.860723353307365,-0.328723781172208,0.27470556691187,6,0.0762016243202924,61.5916943822886,0.965065683686741
"1205","Lamp5","SOX2-OT",-0.000860100407215632,0.0600198986514742,0.988566502713021,-0.118496940119849,0.116776739305418,5,0.00492599532683001,27.6221184378807,0.997674559800997
"1206","Lamp5","P4HB",0.0355008451335851,0.0397048066669432,0.371257913234237,-0.0423191459467495,0.11332083621392,7,2.23473053184791e-06,0.0172331660115113,0.74344832290158
"1207","Lamp5","RAB15",-0.0705895925028041,0.0462147011875056,0.126654812417113,-0.161168742386595,0.0199895573809874,7,0.00350941418357676,25.0201605033038,0.490218958413481
"1208","Lamp5","TMEM200A",0.318414810732264,0.0985949492525113,0.00123996227927711,0.125172261139788,0.511657360324741,6,0,0,0.0615299124393153
"1209","Lamp5","PPP1R26-AS1",0.141682478098742,0.0700959627550891,0.0432523964012894,0.00429691563710596,0.279068040560377,7,1.24628377768838e-06,0.00318816508887601,0.313579330449817
"1210","Lamp5","ANKRD36",0.0523434772142428,0.0664900950442702,0.431143015970754,-0.0779747144011718,0.182661668829657,7,0.0161943039940334,63.3929648241859,0.782421831476114
"1211","Lamp5","EIF4B",0.0186566405911872,0.0321986156796262,0.562303325571935,-0.0444514864929267,0.0817647676753012,7,0,0,0.852814428920204
"1212","Lamp5","WIPF3",0.126536853373282,0.107411419853792,0.238773592352115,-0.0839856610684611,0.337059367815024,7,0.0398750765502993,55.9574140104501,0.629295508045306
"1213","Lamp5","RBMS2",-0.0909679473463037,0.071904070544082,0.205824976645168,-0.231897335954532,0.0499614412619243,7,0.0120871942645437,37.8435145343961,0.59469941911079
"1214","Lamp5","KCNC1",-0.0582287867319222,0.02909973387559,0.0453915779522954,-0.115263217087779,-0.00119435637606565,7,7.54025556760861e-06,0.112329698301224,0.320562118293661
"1215","Lamp5","ANKRD36B",0.0501149100181739,0.0433020267806176,0.247135907251236,-0.0347555029294255,0.134985322965773,7,0,0,0.63819872917675
"1216","Lamp5","KCNQ1OT1",-0.0407929022924668,0.0547834945086437,0.456501290471026,-0.148166578476656,0.0665807738917226,7,5.22682749413411e-06,0.0217106429975472,0.797370616599457
"1217","Lamp5","GRPR",0.0420082177725313,0.0477095166945762,0.378588637705404,-0.0515007166686504,0.135517152213713,7,1.6055469349927e-06,0.0088827975373349,0.749051329414751
"1218","Lamp5","ATPAF2",0.044407294694119,0.041704036961358,0.286957370422676,-0.0373311157600698,0.126145705148308,6,0,0,0.676990737033401
"1219","Lamp5","NAPG",-0.019165435259715,0.0339437203397002,0.572329615509021,-0.085693904626827,0.047363034107397,7,0.000495185708369059,5.67224610463518,0.855775177778493
"1220","Lamp5","XPO1",0.0896314729990728,0.0388591021735644,0.0210784679924252,0.0134690322673244,0.165793913730821,7,0.00221121689413389,21.4762961651405,0.229932811304991
"1221","Lamp5","ADH5",-0.0125275233587212,0.0435209567146032,0.773461280991386,-0.0978270310920702,0.0727719843746277,7,0.000115737248451792,0.753639995925464,0.933571200986676
"1222","Lamp5","CBFA2T3",0.0695735073162153,0.0787677959198936,0.377088514448877,-0.0848085358283772,0.223955550460808,6,1.81053759669751e-06,0.00435185783053753,0.747876199131641
"1223","Lamp5","DUSP19",0.125142098870195,0.144236977986447,0.385605385624419,-0.157557183222139,0.407841380962529,7,0.0990730513182733,77.8281617872167,0.754615415919232
"1224","Lamp5","MATN2",0.0774016268317917,0.0499193461161574,0.121013479074011,-0.0204384936876663,0.17524174735125,7,0,0,0.48107975136205
"1225","Lamp5","HCG11",0.00249043818932657,0.100591386230307,0.980248018496158,-0.194665055977033,0.199645932355686,5,2.11326860369554e-07,0.000384803767228566,0.997093441046833
"1226","Lamp5","GOLPH3",0.044248333456751,0.0613914541818635,0.47105890432937,-0.0760767056982423,0.164573372611744,6,0.0130579734330032,64.9528085018813,0.805136073271473
"1227","Lamp5","BCR",-0.0144458230336199,0.0358098365986877,0.686651214886028,-0.084631813059312,0.0557401669920723,7,4.66268247403494e-07,0.00454096462045187,0.903181005962289
"1228","Lamp5","NF1",0.0110710323165042,0.0258221464532404,0.668111172258249,-0.0395394447353658,0.0616815093683741,7,1.10565728575052e-06,0.0201504111060387,0.897383922366512
"1229","Lamp5","TCERG1L",0.100327269374601,0.054491290057027,0.0655978845682732,-0.00647369660829766,0.207128235357499,7,0.00497559357005331,24.8983689497616,0.373672580884055
"1230","Lamp5","SEPSECS",-0.0718220077645187,0.0953541484495479,0.451321780253767,-0.258712704502118,0.115068688973081,7,0.0260692104944888,49.0302300846851,0.794429963210891
"1231","Lamp5","LRRC47",-0.0376408305558444,0.0501822620042733,0.453205090428398,-0.135996256746973,0.060714595635284,7,0,0,0.795232079328724
"1232","Lamp5","AVPI1",-0.0210616469041981,0.0765823222960881,0.783301107277465,-0.17116024045697,0.129036946648573,7,0,0,0.937537413514181
"1233","Lamp5","CDK16",-0.0602260135550035,0.0530902510253461,0.256623381148319,-0.164280993494873,0.0438289663848656,7,0.00152465099144711,7.02699640287201,0.647561014815183
"1234","Lamp5","NSFL1C",0.00999969248345064,0.0432584636671649,0.817189318187705,-0.074785338330727,0.0947847232976283,7,0.00262384839796149,20.8792554338124,0.950417319968123
"1235","Lamp5","FHOD3",0.061537319673467,0.0627947156656375,0.327097923245403,-0.0615380614506157,0.18461270079755,7,5.22656801424779e-06,0.017176219104654,0.710412234133167
"1236","Lamp5","NANOS3",-0.00558177386019606,0.112968952790055,0.960592714928482,-0.226996852699909,0.215833304979517,7,0.0460306058468573,60.309571637616,0.99402737661308
"1237","Lamp5","ZFPM1",-0.105039451287341,0.0535696095298282,0.0499020075075912,-0.210033956631678,-4.49459430042209e-05,7,9.61896488066847e-09,4.27489930504718e-05,0.334019145012744
"1238","Lamp5","PRRC1",0.0604243231721727,0.0412103143550366,0.142582175718381,-0.0203464087552731,0.141195055099618,7,1.85011799407842e-06,0.0130824761441995,0.519543034557015
"1239","Lamp5","HS3ST5",-0.000999846898133576,0.0725476408813026,0.989003954649856,-0.143190610188832,0.141190916392565,7,0.0129740831512445,37.9493118796061,0.997764323743684
"1240","Lamp5","TM9SF3",-0.0156074552508807,0.0270965490991498,0.564619098703605,-0.0687157155905355,0.0375008050887742,7,0,0,0.852935819308762
"1241","Lamp5","POMGNT1",-0.103782481689166,0.0382156314427916,0.00661342938394835,-0.178683742963494,-0.0288812204148382,7,0,0,0.136362072418342
"1242","Lamp5","BUB3",0.08398629047564,0.051740901255176,0.104544759804954,-0.0174240125121481,0.185396593463428,7,1.38979930177392e-06,0.00612543161316098,0.455630751642654
"1243","Lamp5","PTCD1",-0.0415259912208935,0.0784941369722784,0.596782536189989,-0.195371672684113,0.112319690242326,5,1.45761196870883e-06,0.00420371517799548,0.865992238665974
"1244","Lamp5","ZNF789",0.0406345922287689,0.0470542390929285,0.387824582654592,-0.0515900217133077,0.132859206170845,7,0.00266768363535399,17.3708920120001,0.755827226879962
"1245","Lamp5","GRIA1",0.103596433547097,0.0309230413714588,0.000807715201995738,0.0429883861665957,0.164204480927598,7,0,0,0.0530739895641046
"1246","Lamp5","YY1AP1",-0.0374264904269007,0.0292451695605606,0.200633257964468,-0.0947459694873666,0.0198929886335653,7,5.64192010028573e-06,0.0824035533107093,0.591415610548944
"1247","Lamp5","NUCKS1",0.00497641663353022,0.0506933550965319,0.921799654036643,-0.0943807336111722,0.104333566878233,7,0.00513620559813913,31.731722391251,0.982375103729229
"1248","Lamp5","PPEF1",-0.209120106634919,0.0689834503940463,0.00243379585317157,-0.344325184936555,-0.0739150283332829,7,0,0,0.0833125240184361
"1249","Lamp5","NAT8L",-0.15375318560099,0.0457102828370181,0.000769202873887839,-0.243343693684685,-0.0641626775172952,6,0,0,0.0525651266789981
"1250","Lamp5","CCDC91",0.0188473001004801,0.0304743381782406,0.536269110181939,-0.0408813051815656,0.0785759053825257,7,1.69584180498731e-06,0.0233419376967712,0.83888061329834
"1251","Lamp5","THBS2",0.0135168635470055,0.0943727892122727,0.88610980155763,-0.171450404429639,0.19848413152365,7,3.22369848763039e-07,0.000463833052492186,0.974011298943957
"1252","Lamp5","SNAP29",0.00510108616193655,0.0531827281340919,0.923587113622044,-0.0991351455804686,0.109337317904342,6,0.00384840813217295,23.1456742217099,0.982375103729229
"1253","Lamp5","TUBA1B",0.0264779394780749,0.0648322897454953,0.682975138322869,-0.100591013458361,0.153546892414511,6,0.00155158360682784,5.69971677775452,0.902529462625427
"1254","Lamp5","ERGIC3",0.0122107322161962,0.0460620512058554,0.790937738140683,-0.0780692292013202,0.102490693633713,7,0,0,0.940324166268341
"1255","Lamp5","PFDN2",-0.000613864267450091,0.0474594331425589,0.989680046048454,-0.0936326439535522,0.092404915418652,7,0,0,0.998109602858278
"1256","Lamp5","MFSD14B",-0.0438688515483445,0.0963715195802612,0.648961360803194,-0.232753559061053,0.145015855964364,5,0.0172569500019027,38.8869409013585,0.888893473123971
"1257","Lamp5","CUX2",-0.0726193117931574,0.118462572141813,0.539866543598627,-0.304801686707089,0.159563063120774,6,0.0339422315354494,45.3643136216594,0.839590111913578
"1258","Lamp5","SLC2A8",-0.142686657578033,0.0590510510536805,0.0156779682128395,-0.258424590892483,-0.0269487242635833,7,0.00388779349944828,15.9513582666331,0.201822197908877
"1259","Lamp5","C1orf122",-0.0785834977020596,0.092600409238002,0.396087133656008,-0.260076964762214,0.102909969358095,7,0.0146709793428466,26.3748844624354,0.760604933378185
"1260","Lamp5","CKAP5",-0.0230519401102451,0.0229516477766326,0.315200438273446,-0.0680363431382937,0.0219324629178035,7,0,0,0.700788385002868
"1261","Lamp5","ANO3",-0.0341915285938302,0.148258905136112,0.817609714791309,-0.32477364304795,0.25639058586029,5,0.0641746309027904,63.8241415502995,0.950417319968123
"1262","Lamp5","RPLP1",-0.0320027995350877,0.067628663699165,0.636060836826053,-0.164552544708022,0.100546945637847,7,0,0,0.88413812345694
"1263","Lamp5","SETD1B",-0.0491905230859314,0.0563483240173218,0.382678204486491,-0.159631208749075,0.0612501625772127,7,0.00752229008473439,38.9576414987534,0.752499597461346
"1264","Lamp5","ALCAM",0.00532599100875728,0.0645730058891724,0.934264905049263,-0.121234774907513,0.131886756925028,7,0,0,0.985315638798959
"1265","Lamp5","VPS16",-0.00965025731653738,0.0860601008357357,0.910717214880419,-0.178324955460465,0.15902444082739,7,0.0232757578990738,58.1749031331216,0.98021428859374
"1266","Lamp5","NUDT16",0.0118737985838199,0.0637380391176732,0.852216865833762,-0.113050462532025,0.136798059699664,6,0,0,0.961198683956156
"1267","Lamp5","MRFAP1",-0.0210051359807562,0.0637385576278549,0.741738889728337,-0.145930413357883,0.10392014139637,7,0,0,0.923428626094231
"1268","Lamp5","GSPT1",0.0195215331220494,0.0274146422936565,0.476412649009573,-0.0342101784225658,0.0732532446666646,7,2.7673241278683e-06,0.0450324701808734,0.808947731010291
"1269","Lamp5","RIMKLA",-0.0102548393991185,0.036552732874436,0.779056196044655,-0.0818968793695262,0.0613872005712892,7,0,0,0.935790784300726
"1270","Lamp5","CENPV",0.00874417337464739,0.0517059914026777,0.865707485099496,-0.0925977075595385,0.110086054308833,7,0.00615547477538522,37.4335746357183,0.966974913429347
"1271","Lamp5","CDK11A",-0.33725155358784,0.300391924542215,0.261562750092505,-0.926008906937256,0.251505799761575,5,0.315900176163909,77.154565833652,0.652691555693316
"1272","Lamp5","HHAT",0.0655274585162745,0.0923504260195527,0.477981799357812,-0.115476050438979,0.246530967471529,6,3.8516679130527e-07,0.000668721017928648,0.809733193997441
"1273","Lamp5","SDF4",-0.020346058985429,0.0518901764382375,0.694985455164543,-0.122048935955803,0.0813568179849455,7,0.00514541524270392,29.6084043353717,0.906185526437201
"1274","Lamp5","SPRED2",-0.112084993763195,0.100006420680692,0.262382381122189,-0.308093976520113,0.0839239889937224,7,0.0303500003450198,47.754305876653,0.653170461249013
"1275","Lamp5","TAF6L",-0.0513198611658683,0.059927346739647,0.391794267450316,-0.16877530246462,0.0661355801328836,7,0,0,0.758201083617192
"1276","Lamp5","ING3",-0.0455956803448107,0.0452418993273724,0.313540995544998,-0.134268173618647,0.0430768129290261,7,9.23210250633213e-05,0.531768714460164,0.698925605264866
"1277","Lamp5","C9orf72",0.00134569502531655,0.0396134914993046,0.972900575821878,-0.0762953216152041,0.0789867116658372,7,0.00205499981715193,19.2141316034505,0.996727391459769
"1278","Lamp5","CABLES1",-0.0468115902596898,0.0557707842374067,0.401269085335731,-0.156120318754561,0.0624971382351815,7,0.00381986125530219,17.7891135516092,0.763650062305857
"1279","Lamp5","CENPE",-0.0747924829911833,0.0686868783355912,0.276202216533895,-0.209416290739426,0.0598313247570598,7,1.95448235150167e-06,0.00500578669349471,0.666620041882714
"1280","Lamp5","HERPUD2",-0.00631708444423098,0.0333317707129056,0.849684170272435,-0.0716461545824728,0.0590119856940109,7,0.000458407064651984,5.42277655945073,0.960282195683175
"1281","Lamp5","PPP2R5A",0.0059833860166078,0.0383582818551221,0.87604341819302,-0.0691974649282677,0.0811642369614833,7,0,0,0.970235528632185
"1282","Lamp5","ZNF460",0.0358754904614831,0.0510964159592881,0.482608298321528,-0.0642716445577992,0.136022625480765,7,0,0,0.811720289507115
"1283","Lamp5","PLPPR2",-0.0571714890824766,0.0577370074858429,0.322073797235762,-0.170333944329848,0.0559909661648949,7,0.00731368516409474,35.2780961315989,0.706734763099365
"1284","Lamp5","COX6C",0.00166009992053012,0.0655849047866274,0.979805922259877,-0.126883951390748,0.130204151231808,6,0.00593512771299002,23.5443032380644,0.997093441046833
"1285","Lamp5","MFN2",-0.0518588087012155,0.0375505333852921,0.167266497758223,-0.125456501736657,0.021738884334226,6,0.000959790028744659,10.9150171041448,0.554879347209593
"1286","Lamp5","MICAL2",-0.00791208780841676,0.0431002964411004,0.854347770860468,-0.0923871165559734,0.0765629409391399,7,0.00422201714553838,36.2178202302537,0.961977979343438
"1287","Lamp5","ZNF771",0.0281472710216449,0.0456935461103286,0.537893846449102,-0.0614104336805195,0.117704975723809,7,0,0,0.839248783091326
"1288","Lamp5","PLPP5",-0.00664904525039638,0.0463909023669447,0.886032335025597,-0.097573543099922,0.0842754525991292,7,0,0,0.974011298943957
"1289","Lamp5","PJA2",0.0283835187566054,0.0423283348297379,0.502503422529443,-0.0545784930352332,0.111345530548444,7,0.00293647036371002,24.8757716549125,0.822278216591144
"1290","Lamp5","MSH6",0.032027783328674,0.034457124678138,0.352631739913062,-0.0355069400512828,0.0995625067086308,7,0,0,0.730623184965952
"1291","Lamp5","ATP6V1B2",0.0268211451735276,0.0592630061590243,0.650852493083056,-0.0893322125137354,0.142974502860791,7,0.00756543267213699,35.5093293716006,0.889738157224085
"1292","Lamp5","ACLY",0.0130825050498281,0.0508297545690896,0.796886308981123,-0.0865419832485977,0.112706993348254,6,0.00243535145847415,15.3353537915822,0.943187190133141
"1293","Lamp5","MZT2A",-0.047106479074158,0.0436415744857811,0.280411864942572,-0.132642393294911,0.0384294351465951,7,1.79092000223212e-06,0.0116114277410191,0.670241513052811
"1294","Lamp5","ZNF764",-0.243529249680861,0.0778573457213058,0.00176065780206813,-0.396126843226504,-0.0909316561352184,5,9.7398771818896e-07,0.00281416734355077,0.0738796724734481
"1295","Lamp5","POT1-AS1",0.0686611172660031,0.0475917865351169,0.149102353293802,-0.0246170703027442,0.16193930483475,7,2.14185695680014e-07,0.00124506084413422,0.528329084038001
"1296","Lamp5","CSE1L",-0.0392944141189108,0.0301107904249438,0.191894740700305,-0.0983104788978342,0.0197216506600126,7,3.42543201179933e-06,0.046300149754277,0.586077011394669
"1297","Lamp5","PTPN1",-0.0123339565332278,0.0259956822998112,0.635170678448658,-0.063284557594403,0.0386166445279474,7,7.23889422290946e-07,0.0131483964266519,0.883564748582935
"1298","Lamp5","TPCN2",0.0467468712034388,0.183448350358134,0.798859758674541,-0.312805288521789,0.406299030928667,6,0.132721976788913,75.0708288696609,0.943887713826619
"1299","Lamp5","EMC1",-0.00338482854612608,0.0450763280483434,0.940142273325381,-0.0917328080761917,0.0849631509839396,7,0.00326203153268273,24.2565286605741,0.987071639145024
"1300","Lamp5","CAMLG",-0.0376578872037038,0.0528834835561301,0.476408022938525,-0.141307610350735,0.0659918359433273,7,0.00458252462761054,24.6000906036769,0.808947731010291
"1301","Lamp5","DAXX",0.00869863483200831,0.0779358530228255,0.911130462638742,-0.144052830197137,0.161450099861153,5,0.00179983243952625,5.55154117003082,0.980315717741495
"1302","Lamp5","CSPG5",-0.1585238558244,0.0555111939947645,0.00429407540701049,-0.267323796792954,-0.049723914855845,7,0,0,0.110913278169413
"1303","Lamp5","APBB3",-0.0717833857706699,0.0542628839912479,0.185874663403664,-0.178136684090791,0.0345699125494509,7,0,0,0.579326322555229
"1304","Lamp5","RPS18",-0.0975620670093488,0.0818054261822955,0.233021679726978,-0.257897756066598,0.0627736220479004,7,0,0,0.623486995608806
"1305","Lamp5","PFKFB2",-0.180243964505286,0.0559509549383654,0.00127537663527774,-0.289905821085106,-0.0705821079254663,7,0.00190834385113665,8.17586012120593,0.0627726718097994
"1306","Lamp5","TMEM132A",0.00682919665244999,0.0772873342457599,0.929589649410726,-0.144651194930348,0.158309588235248,7,0.0148354717926703,40.8369000848946,0.984673393915223
"1307","Lamp5","CACNB2",0.0498225405042956,0.0382728290931875,0.192993951946985,-0.0251908261048087,0.1248359071134,7,0.00232296273919434,23.4927930661492,0.587082599221091
"1308","Lamp5","FAM66C",0.0149472177854687,0.0357417667556067,0.67580067225084,-0.0551053577993514,0.0849997933702889,7,0,0,0.900089123448913
"1309","Lamp5","OTUD1",0.00349922182012788,0.0791801484644578,0.96475042569867,-0.151691017460744,0.158689461101,6,4.98924083116213e-06,0.0121395140371061,0.994264938032609
"1310","Lamp5","USP35",-0.0328025972919789,0.0582317793264004,0.573223182257358,-0.146934787527408,0.08132959294345,7,0,0,0.856052469288915
"1311","Lamp5","POLDIP2",0.0147700672037288,0.0646757755310198,0.819357884493781,-0.111992123509267,0.141532257916725,6,0.00757045842590281,31.1073107654263,0.951516830559146
"1312","Lamp5","HGS",0.0386039139515056,0.0395097553518231,0.328533029065149,-0.0388337835760564,0.116041611479068,7,0,0,0.711117917572872
"1313","Lamp5","LNPEP",0.0528942811937846,0.0290228022666316,0.0683779833973428,-0.00398936597924082,0.10977792836681,7,1.41139338747734e-06,0.0206754120409197,0.380558236068329
"1314","Lamp5","DGKD",-0.0411258383105945,0.0351049376987969,0.241393237038386,-0.109930251879759,0.0276785752585699,7,4.12035739969979e-06,0.043602515835766,0.632744284079826
"1315","Lamp5","IMMP1L",0.00336049849575916,0.0525176329680653,0.94897977884616,-0.0995721706749421,0.10629316766646,6,0.00561034583126825,36.0052526462437,0.989570721185087
"1316","Lamp5","MRI1",-0.0647173398084475,0.0821532140122955,0.430834795454199,-0.225734680486758,0.096300000869863,7,0.0200595174432732,49.3545118970719,0.782421831476114
"1317","Lamp5","TRIM4",0.0336369548649365,0.037501994767242,0.36975213415801,-0.0398656042272673,0.10713951395714,7,0,0,0.741486873434852
"1318","Lamp5","ARIH2",-0.0515527203513741,0.0574309612358685,0.369373863705407,-0.164115335971192,0.0610098952684441,7,0.0100748680546854,47.3055552985075,0.741486873434852
"1319","Lamp5","NRG4",0.0786607829050572,0.124824959699402,0.528584213733938,-0.165991642477435,0.32331320828755,7,0.0457194796820072,47.0813693525081,0.835161660991434
"1320","Lamp5","SLC48A1",-0.0707072158226866,0.05809593774849,0.22357501108498,-0.184573161457808,0.0431587298124349,7,0.00400954958779616,17.0944637972029,0.614441310358189
"1321","Lamp5","RNF11",0.0651460423790696,0.0358219446624109,0.0689713960679296,-0.00506367901544248,0.135355763773582,7,5.34375084632357e-06,0.0515259011387282,0.381859308516838
"1322","Lamp5","SLC35A2",-0.149149423549204,0.123895100966396,0.228652845077196,-0.391979359304294,0.0936805122058857,5,0.0377975985744594,51.8972752291674,0.620378556692602
"1323","Lamp5","DAPK2",0.0364143504903626,0.0950311443030161,0.701583835962651,-0.149843269753178,0.222671970733903,7,0.0175899276936791,30.3817723246933,0.908054195566948
"1324","Lamp5","NUDT4",0.105798626027733,0.057695763500393,0.066693636155518,-0.00728299249357779,0.218880244549044,7,0.00508652064152201,23.0881524353461,0.375689681951879
"1325","Lamp5","SERF2",-0.0406258430486794,0.0855177238056791,0.63474593176211,-0.208237501747654,0.126985815650295,7,0.012750862872336,27.3949054550909,0.88328212682605
"1326","Lamp5","ACSF3",-0.0696716840508524,0.0663192879125637,0.293465619339288,-0.19965509983982,0.0603117317381149,6,0.0113775332239706,47.8525713443359,0.68384363782797
"1327","Lamp5","PA2G4",-0.00525557592365859,0.0825937321804432,0.949263525258638,-0.167136316346074,0.156625164498757,7,0.0159290179039537,37.4218237281161,0.989733434923108
"1328","Lamp5","ZNF543",-0.00987567982170986,0.0675447518642939,0.883756059719336,-0.142260960820421,0.122509601177001,6,5.2295437385584e-08,0.000161047506775368,0.973189568893511
"1329","Lamp5","CCDC82",-0.0113073700349055,0.0281891545080445,0.688328214825781,-0.0665570976253076,0.0439423575554966,7,0,0,0.903789758575046
"1330","Lamp5","MTPAP",0.0376236582400323,0.0384478368205741,0.327795592484212,-0.0377327172117659,0.11298003369183,6,0,0,0.710604502915678
"1331","Lamp5","LYSMD1",-0.08578835198716,0.185178096619017,0.643167382002834,-0.448730752086112,0.277154048111792,5,0.0858428992218028,55.3596280318716,0.886735878258891
"1332","Lamp5","BAALC-AS1",0.214872387156935,0.132979407379418,0.106130632152545,-0.0457624619922042,0.475507236306073,5,0.01328970228289,13.5536145225714,0.459697846575712
"1333","Lamp5","RANBP6",-0.0261500539833192,0.0503890874952474,0.603786792878118,-0.124910850687842,0.0726107427212034,7,2.11632450557746e-06,0.0102040575550098,0.868754145856967
"1334","Lamp5","TRAM2-AS1",-0.0919972823064115,0.132952652285216,0.488965448460949,-0.352579692434513,0.16858512782169,6,0.0367170410345302,38.4347560003788,0.814817619036119
"1335","Lamp5","ZNF529",-0.0128651584880989,0.0431832113086738,0.765763937015191,-0.0975026973898823,0.0717723804136846,7,0.00528720375902191,48.9814211987134,0.930195116583511
"1336","Lamp5","TXNRD3",0.00190666947166702,0.0892745017307842,0.982960571512071,-0.173068138658429,0.176881477601763,7,0.0207837662073059,44.2650918106143,0.997296915565468
"1337","Lamp5","EIF1AD",-0.0494256411616136,0.0816101629059496,0.544759839981085,-0.209378621229721,0.110527338906494,7,0,0,0.843376602544951
"1338","Lamp5","DLGAP2",0.0225622841503349,0.0556187942987722,0.684992911476139,-0.0864485495388003,0.13157311783947,7,0.00861575987554539,44.5991506233594,0.903181005962289
"1339","Lamp5","METTL6",0.0264013380193982,0.0297614466327818,0.375025810923047,-0.031930025508665,0.0847327015474613,7,4.33074953253495e-07,0.00606447676386673,0.746369391384376
"1340","Lamp5","TMEM160",0.0195116721631214,0.0670341524897465,0.770997311258772,-0.111872852450948,0.15089619677719,6,7.13207301784989e-06,0.0225914704766676,0.93284445313334
"1341","Lamp5","FXR2",-0.0322763910048484,0.0420462856275979,0.442701369724671,-0.114685596518624,0.0501328145089276,7,0,0,0.789496392228061
"1342","Lamp5","ZMIZ1-AS1",-0.0143806650037206,0.0951640271027765,0.879885389283896,-0.200898730748956,0.172137400741515,7,0.0142598235393152,23.8108591042832,0.971342137030011
"1343","Lamp5","RC3H2",-0.02482093588975,0.0258031637985627,0.336082849288126,-0.0753942076221207,0.0257523358426206,7,9.11469084079323e-07,0.0166601354382976,0.717302587286027
"1344","Lamp5","SLC26A8",-0.130971788404104,0.113125806199834,0.246964679243882,-0.352694294277836,0.0907507174696275,7,0.0533591327001531,69.329211149726,0.63819872917675
"1345","Lamp5","ABI1",-0.0397483602806263,0.0433878524341163,0.359605398444639,-0.124786988418033,0.0452902678567802,7,0.00310086215046654,24.9357215892368,0.73483363923243
"1346","Lamp5","STK40",-0.0538264941420616,0.0903501091266202,0.55133916947478,-0.230909454029501,0.123256465745378,7,0.0265018914012181,58.7991411247316,0.845749759844651
"1347","Lamp5","RETSAT",-0.0705706355936384,0.0623944926806127,0.258038467870674,-0.192861594081287,0.0517203228940104,7,1.48473230496939e-06,0.00468258448324367,0.649483484385718
"1348","Lamp5","B4GALT1",-0.0852611470599785,0.103638197258038,0.41068958032059,-0.28838828110839,0.117865986988433,7,0.0261829232245082,38.4010362504972,0.770661236238393
"1349","Lamp5","CETN3",0.0722984338333141,0.0509216846355732,0.1556669101174,-0.027506234084516,0.172103101751144,7,1.6897174885846e-07,0.000819555040004127,0.538196177535122
"1350","Lamp5","TMEM183A",-0.0316234029211695,0.0700275691783528,0.651567946229559,-0.168874916435628,0.105628110593289,7,0.0108583777086249,36.0129065836275,0.889914575420899
"1351","Lamp5","ACVR1C",0.0877651111731061,0.080749240952206,0.277087787200721,-0.0705004928721644,0.246030715218377,7,2.93701627983554e-06,0.00560774144540285,0.667240100134662
"1352","Lamp5","PATJ",0.01699802752442,0.0434326424368164,0.695527265004614,-0.0681283874051461,0.102124442453986,7,0.00399645427474364,32.5554093072578,0.906391554342484
"1353","Lamp5","TMEM68",-0.0370433247058443,0.0335675379956938,0.269790095496135,-0.102834490227084,0.0287478408153955,7,3.62815305063778e-07,0.00401894425861099,0.659664639549842
"1354","Lamp5","ZNF391",0.070182494372642,0.101402558030861,0.488863484297047,-0.128562867308078,0.268927856053362,7,0.0349719128109558,58.5096312498254,0.814817619036119
"1355","Lamp5","TBL3",-0.0053698519840276,0.0779827966845245,0.945101501235916,-0.158213324899405,0.14747362093135,5,1.66624737010427e-06,0.00507780723787112,0.988482060518107
"1356","Lamp5","MAP1B",0.00593026096403219,0.0355881531688267,0.867656610135504,-0.0638212375231631,0.0756817594512274,7,0,0,0.967279253523521
"1357","Lamp5","BBIP1",0.0514805042911605,0.0361462048774031,0.15437994393734,-0.0193647554463555,0.122325764028677,7,5.34376119538397e-06,0.0509680840781074,0.536071355849781
"1358","Lamp5","PDCD6IP",-0.0228712375897517,0.0251528771998168,0.363197531830618,-0.0721699710089514,0.0264274958294479,7,0,0,0.737658430833555
"1359","Lamp5","MRPL10",0.0346696205041358,0.0888278570871793,0.696313825321479,-0.139429780210607,0.208769021218878,6,0.0137161887486696,29.9883457902759,0.906391554342484
"1360","Lamp5","CHRNB2",-0.0945036609277145,0.0588853897167154,0.1085214243459,-0.209916903988082,0.0209095821326529,7,0,0,0.463464486118256
"1361","Lamp5","CEP83",0.0150240306722531,0.0377792322082902,0.690866362664056,-0.0590219038195712,0.0890699651640775,7,2.2584954961249e-06,0.020074554741648,0.904801979217278
"1362","Lamp5","SCRIB",-0.129339531268945,0.0650937684656613,0.0469254385950022,-0.25692097307963,-0.00175808945826003,7,1.57188926286206e-06,0.00471078086382167,0.325218524035821
"1363","Lamp5","TFAM",0.0117422427878684,0.0579083060124514,0.839312437385675,-0.101755951402261,0.125240436977997,6,0.00335494230623803,16.4846046946752,0.958356578693386
"1364","Lamp5","RFC1",0.0267328422519241,0.0395454514407449,0.499038765362728,-0.0507748183243135,0.104240502828162,7,0.0030018122438871,29.8880761579555,0.820795570756824
"1365","Lamp5","ZRANB1",0.0282270291059306,0.0307566812714276,0.358748319417935,-0.032054958470045,0.0885090166819063,7,0,0,0.734341772748556
"1366","Lamp5","SBF1",-0.15827128876796,0.0710032822654191,0.0258092454077524,-0.297435164792312,-0.0191074127436065,7,0.0112180991820361,36.0889432782137,0.251144289597949
"1367","Lamp5","CUBN",-0.0340405186373465,0.0973852192382636,0.726680176751094,-0.22491204097088,0.156831003696187,7,0.03254642105345,56.199243419825,0.918061663375543
"1368","Lamp5","FER",0.0900526643501073,0.0361797881734892,0.0128091298262076,0.0191415825617803,0.160963746138434,7,0.00143373484184438,15.6366734249703,0.183587594183075
"1369","Lamp5","ANKFN1",0.0938054405235521,0.073394921044273,0.201217089787003,-0.0500459613713838,0.237656842418488,7,0,0,0.592114954912099
"1370","Lamp5","PLCL2",0.0669964968931243,0.0386390255271332,0.0829344935260224,-0.00873460153778048,0.142727595324029,7,0.00393064021521865,41.9993611875584,0.414637796019106
"1371","Lamp5","IGSF5",0.325925263979597,0.120636513555102,0.00689832328777357,0.0894820421911183,0.562368485768076,6,0.0259866240909191,31.1752928925155,0.14049441173522
"1372","Lamp5","MRPS16",-0.049032877043261,0.0506685501927928,0.333185137383024,-0.148341410569995,0.0502756564834728,6,0.0024263760076713,15.5292346303395,0.714655755395084
"1373","Lamp5","RFLNA",0.0836893773242993,0.0555456022801054,0.131893026929832,-0.0251780026442931,0.192556757292892,5,1.59070412434749e-06,0.00915723029937208,0.500732262514379
"1374","Lamp5","PRKCSH",-0.0900103662084977,0.0566805309277863,0.112279624605262,-0.201102165451567,0.0210814330345721,7,0.00374594530328485,16.7456336168294,0.467369311052674
"1375","Lamp5","LRRC37B",0.0809865117380887,0.0318237465452951,0.0109326161655036,0.0186131146561793,0.143359908819998,7,1.31387658944999e-07,0.00165629122965958,0.170017108872897
"1376","Lamp5","ARHGEF26-AS1",0.119122946484681,0.0476549717550925,0.0124299888106859,0.0257209181604261,0.212524974808936,5,6.92883150937477e-06,0.0534511525575539,0.181502119886438
"1377","Lamp5","AMZ2",-0.0847235484765645,0.0390744903279699,0.0301391161304592,-0.161308142233644,-0.00813895471948482,7,0,0,0.269410856803269
"1378","Lamp5","ERCC1",-0.159849802646112,0.0659845785331421,0.0154127363400963,-0.289177200106125,-0.030522405186099,7,0.007307966961208,25.3936973362533,0.199481508540272
"1379","Lamp5","LRGUK",0.145165074142248,0.135421553865924,0.283742691332533,-0.120256294165415,0.41058644244991,7,0.067408900132451,60.319739173986,0.67313605349053
"1380","Lamp5","DNAL1",0.0265669966783489,0.0359632521245537,0.460073271419782,-0.0439196822527099,0.0970536756094076,7,0,0,0.799114769561592
"1381","Lamp5","ERAP1",0.0958660746266846,0.0474290833850526,0.0432538052856887,0.00290677937223448,0.188825369881135,7,0,0,0.313579330449817
"1382","Lamp5","EIF3F",0.0540971423535989,0.0362417764076115,0.135522650821454,-0.0169354341410731,0.125129718848271,7,2.15779660995241e-08,0.000203065793504005,0.506948821136618
"1383","Lamp5","GOT1",-0.0996758207947129,0.0387245325536554,0.0100538722200765,-0.175574509918026,-0.0237771316713995,7,0,0,0.16565412875215
"1384","Lamp5","DOK5",-0.0158347810793728,0.0367041873552523,0.666165771822141,-0.0877736663774778,0.0561041042187323,7,0,0,0.89627405464491
"1385","Lamp5","DLGAP3",0.0445155828045192,0.0413198760844263,0.281328101200147,-0.0364698861666142,0.125501051775653,7,4.02322009413355e-08,0.000293167485157347,0.670716289514374
"1386","Lamp5","KATNA1",-0.0575011415549135,0.0390378545681962,0.140762213553839,-0.13401393054229,0.0190116474324634,7,8.91158375241067e-07,0.00699781788570045,0.516304423367555
"1387","Lamp5","WDR31",0.00675446176896729,0.0593513378178574,0.909392605074766,-0.109572022788303,0.123080946326238,7,0,0,0.979856398242105
"1388","Lamp5","ARSA",-0.130970943407601,0.0543912125084913,0.0160426823203781,-0.237575760999708,-0.0243661258154938,7,8.50033105184634e-07,0.00368337167666525,0.204100465818512
"1389","Lamp5","RNF175",-0.0322392817070831,0.036567164614145,0.377968459208496,-0.103909607367555,0.0394310439533885,7,0.00146771585260622,15.6780752314211,0.748488955733467
"1390","Lamp5","LRRC40",0.0364447323332,0.0291455359109075,0.211139005536647,-0.0206794683622975,0.0935689330286976,7,0,0,0.601479601527576
"1391","Lamp5","PIK3R1",0.0288987175237723,0.0431560292503845,0.503091532821729,-0.0556855455227385,0.113482980570283,7,0.00377849464971917,32.1553022968066,0.822278216591144
"1392","Lamp5","FAM186A",-0.00569452968552709,0.0827378256708212,0.945127967294763,-0.16785768815949,0.156468628788436,6,0,0,0.988482060518107
"1393","Lamp5","ESRRB",0.100563897126673,0.161483747978806,0.533449255214102,-0.215938433000329,0.417066227253675,6,0.0657945189036583,45.4435787356312,0.837285168688027
"1394","Lamp5","CC2D2A",0.00959344326233576,0.0486321353347244,0.843619763478048,-0.0857237904850019,0.104910677009673,7,0.00296368476753419,18.0971538240992,0.959380824594331
"1395","Lamp5","PSRC1",0.0654554513103599,0.118604605612401,0.581030909445062,-0.167005304090524,0.297916206711243,6,0.0316437476342537,41.9361867419098,0.858378677238391
"1396","Lamp5","DEF8",-0.0452932857699388,0.0348063744312188,0.193158237732696,-0.113512526087544,0.0229259545476659,7,7.73690001145948e-07,0.00794140206877439,0.587101955968255
"1397","Lamp5","ARF6",-0.0399771158504933,0.140443428553453,0.775912879447073,-0.315241177680585,0.235286945979598,7,0.0663987900709356,57.2454868241392,0.934584658568636
"1398","Lamp5","SLC12A8",-0.0661459387393483,0.0378774363752673,0.0807562150463937,-0.14038434986158,0.00809247238288298,7,5.87145561918002e-07,0.00505341553220414,0.409568946454547
"1399","Lamp5","DCAF16",0.0026028414332104,0.0352930225044963,0.941209740680126,-0.0665702115811639,0.0717758944475847,7,0,0,0.987190405354831
"1400","Lamp5","TTC32",0.043570008958192,0.0501437215646867,0.384900419155918,-0.0547098793593983,0.141849897275782,7,0,0,0.754115488360726
"1401","Lamp5","FAHD2A",-0.0757251682980869,0.0394766510970477,0.0550822652375895,-0.153097982678554,0.00164764608238024,6,0,0,0.34837800237059
"1402","Lamp5","SPART-AS1",0.0737970818093918,0.0864114629242974,0.393094137189262,-0.0955662733736492,0.243160436992433,5,0.00375909097949718,9.18873081550669,0.758726026112857
"1403","Lamp5","SMCR8",0.0534775805899044,0.0572623273775142,0.350352838718637,-0.0587545187409654,0.165709679920774,7,0.00250083635952046,10.380507940768,0.729307153739979
"1404","Lamp5","ADCY9",-0.0145754754600779,0.0336782308495635,0.665170058592685,-0.0805835949882482,0.0514326440680925,7,3.2750044719955e-06,0.03594649883997,0.896210988137665
"1405","Lamp5","CHUK",-0.0444647851470065,0.0456212470282757,0.329733503181139,-0.133880786252232,0.0449512159582187,7,0.00311792060969457,22.421590975708,0.711783928617913
"1406","Lamp5","NDUFS8",-0.134114401790852,0.0507360554898523,0.00820841582924337,-0.233555243268588,-0.0346735603131155,6,0,0,0.150328399543524
"1407","Lamp5","GUCY1A2",0.0896231347706914,0.0385736508522641,0.0201561236356122,0.0140201683480309,0.165226101193352,7,1.239964732885e-06,0.0106507047515028,0.226974654009686
"1408","Lamp5","STMN1",-0.0872302813869986,0.0582291131998238,0.1341195537723,-0.201357246110359,0.026896683336362,7,0,0,0.504296621235883
"1409","Lamp5","MTMR14",-0.0295345232459765,0.0446486784216379,0.508300007166375,-0.117044324909697,0.0579752784177445,7,0,0,0.823791812671457
"1410","Lamp5","NKIRAS2",-0.0898214278941783,0.0774186426846475,0.245965711605365,-0.241559179288063,0.061916323499706,7,0.00716289814802936,17.2528580847068,0.637371281274852
"1411","Lamp5","PRMT7",-0.0422091076582427,0.0355236808242152,0.234756063994763,-0.111834242672001,0.0274160273555153,7,7.08749232003666e-06,0.0705377313393372,0.625081420051728
"1412","Lamp5","KAT14",-0.0515121733767434,0.0418903923931928,0.218813420818919,-0.133615833765652,0.0305914870121652,7,0,0,0.608563630437471
"1413","Lamp5","TMUB2",-0.0946802109306764,0.0444543994916365,0.0331858418207141,-0.181809232888639,-0.00755118897271323,7,0,0,0.283240512106319
"1414","Lamp5","ZBED5",0.0401477126327765,0.0307244915670464,0.191314403033322,-0.020071184281939,0.100366609547492,7,0,0,0.585597375448041
"1415","Lamp5","ARHGEF26",0.144446722467417,0.0771824035204047,0.0612760713170678,-0.00682800867281386,0.295721453607648,7,0.0097688117572435,24.7465302483114,0.365304355374284
"1416","Lamp5","VRK1",-0.0772933631650487,0.0586325025951136,0.18741388502925,-0.192210956574923,0.0376242302448253,7,0.00997885113138723,48.2177112205501,0.580042093960869
"1417","Lamp5","NT5C1A",-0.0661962671536601,0.0515590866616416,0.199179962224534,-0.167250220086257,0.0348576857789369,6,7.85597451633024e-07,0.00359737823778686,0.591146851544706
"1418","Lamp5","SLC22A1",-0.170511418404913,0.134469284464479,0.204786356711771,-0.434066372982163,0.0930435361723378,7,0.0552099842235903,48.9540537615441,0.59405158159533
"1419","Lamp5","BCAP31",-0.0438094782668681,0.0579817410094725,0.44990483259485,-0.157451602406363,0.0698326458726271,7,0.0025061551838611,10.0711372288583,0.793220093321806
"1420","Lamp5","CNPY3",-0.0516672054739887,0.0547254804152847,0.345110338422772,-0.158927176124599,0.0555927651766214,7,0.00263593144464026,12.2228861526414,0.724843181846504
"1421","Lamp5","NEURL4",-0.0748671121874721,0.0931043166107932,0.421327246386139,-0.257348219549841,0.107613995174897,6,1.47562645867758e-06,0.00242818444796746,0.7757740630534
"1422","Lamp5","PHC1",-0.0957195807928302,0.0358700041137199,0.00761877762919512,-0.166023496981025,-0.0254156646046355,7,1.8880069414379e-07,0.00182673104697959,0.146311626191069
"1423","Lamp5","JPT1",-0.0595299327037325,0.0501031290694966,0.234775105428151,-0.157730261192708,0.0386703957852427,5,0,0,0.625081420051728
"1424","Lamp5","ANO4",0.0325169895662233,0.0338069809534688,0.336128748152094,-0.033743475528607,0.0987774546610537,7,0,0,0.717302587286027
"1425","Lamp5","IL17D",-0.108847540424164,0.0696299484414182,0.117998789446349,-0.245319731614725,0.0276246507663962,7,0.00655529038996646,19.8225277782893,0.475075320016034
"1426","Lamp5","BACH2",-0.0276152154877355,0.047419977375576,0.560328231113166,-0.120556663291569,0.0653262323160977,7,0,0,0.851348661654473
"1427","Lamp5","USP6NL",0.0539633697091533,0.0935307383570037,0.563967380599056,-0.129353508918013,0.23728024833632,7,0.0318410881590877,61.72132336589,0.852935819308762
"1428","Lamp5","TNFSF4",0.0799199806382072,0.108117588337027,0.459788596946969,-0.131986598597693,0.291826559874107,6,0.0236851227367535,36.4151911581356,0.799114769561592
"1429","Lamp5","FAM210B",0.149000363548863,0.076084665360004,0.050189020479233,-0.000122840332526991,0.298123567430253,6,0.0130036990330643,41.8038528461842,0.334379106357185
"1430","Lamp5","WRN",0.0371939943720711,0.0272566064786661,0.17238308325269,-0.0162279726668956,0.0906159614110379,7,0,0,0.562798059683024
"1431","Lamp5","RAP2A",0.026630048495295,0.0462858548422573,0.565062180938597,-0.0640885599891781,0.117348656979768,7,7.08899782091494e-06,0.0410635747307095,0.852935819308762
"1432","Lamp5","BCL10",0.0558334366275729,0.0654582839272854,0.393680310970583,-0.0724624423597036,0.184129315614849,7,1.54000549867572e-06,0.00447091579989359,0.759050773360235
"1433","Lamp5","RNF138",-0.00382871970838216,0.0474824248028136,0.935732659889604,-0.0968925622205281,0.0892351228037638,7,0.00441033607212987,31.0128699816222,0.985766990805125
"1434","Lamp5","PPP6R1",-0.0107858148499175,0.0533909693216808,0.839904438553196,-0.115430191820095,0.0938585621202598,7,0,0,0.958356578693386
"1435","Lamp5","RGS5",0.0540096278330566,0.144002916063558,0.70761639128195,-0.228230901320262,0.336250156986375,6,0.0592962116520328,54.7616962982242,0.911305666954646
"1436","Lamp5","SIAH1",-0.000474829620441538,0.0340200482198934,0.988864009824417,-0.0671528988837485,0.0662032396428654,7,2.27601138997278e-06,0.0238720497536363,0.997764323743684
"1437","Lamp5","PCYT1A",-0.0576800053091915,0.039003860720905,0.13918626317548,-0.134126167580182,0.0187661569617988,7,3.38557101294536e-06,0.027913534909086,0.513314608610651
"1438","Lamp5","C3orf38",0.0465812471678646,0.0511469606750378,0.362435842970612,-0.053664953673896,0.146827448009625,7,0.00446552418446483,26.3235813377871,0.737012454699124
"1439","Lamp5","MAP2K4",0.135589269865187,0.0324505527621173,2.9365133307367e-05,0.07198735517302,0.199191184557353,7,3.61470328518513e-06,0.0451603370058136,0.0118918032882607
"1440","Lamp5","VAMP3",-0.00655550078531135,0.0463259882357123,0.887468592090946,-0.0973527692755337,0.084241767704911,7,1.5468396084804e-07,0.00090812157664331,0.974048907196735
"1441","Lamp5","ZFYVE26",-0.0170499752340019,0.036798268630882,0.643123299072774,-0.0891732564439606,0.0550733059759569,7,0,0,0.886735878258891
"1442","Lamp5","CFAP46",-0.0797104279518158,0.0733401537673097,0.277098997144708,-0.223454487956372,0.0640336320527408,7,0.00788785199113704,21.9150525660214,0.667240100134662
"1443","Lamp5","SHANK2",-0.0578344203612281,0.0307851347023416,0.0602926229349105,-0.118172175637032,0.00250333491457574,7,0,0,0.362695914325249
"1444","Lamp5","KHSRP",0.107855662622975,0.047476536892485,0.023100545218418,0.014803360203017,0.200907965042933,7,7.40029022418692e-06,0.041091982613436,0.23960053795929
"1445","Lamp5","SLC25A39",-0.0957797780135868,0.0559423898453482,0.0868755657828131,-0.205424847319569,0.013865291292395,6,0.00121133975415556,6.00389663632218,0.421466444453842
"1446","Lamp5","CCDC71",0.181040554717221,0.100369805759209,0.0712728238051826,-0.0156806497061107,0.377761759140552,5,5.0437258568239e-06,0.00912078321442522,0.386904993139436
"1447","Lamp5","NCSTN",-0.0266149650984665,0.0527250760523037,0.61370801939984,-0.129954215243117,0.0767242850461841,7,0,0,0.874698054799223
"1448","Lamp5","CDIPT",-0.0923421443780047,0.0752450471076618,0.21974032545942,-0.239819726724042,0.0551354379680321,7,0.0144460727681241,41.5165825458095,0.609715673357124
"1449","Lamp5","RNH1",-0.0769386107536525,0.0523384434771016,0.141556067883826,-0.179520074975657,0.0256428534683519,7,0,0,0.517380506058275
"1450","Lamp5","SPG11",0.0185884616731489,0.0251382299877232,0.459633850605813,-0.0306815637378733,0.0678584870841711,7,0,0,0.799114769561592
"1451","Lamp5","TAOK1",-0.00926316810122457,0.0232654869620866,0.690519161463033,-0.0548626846297004,0.0363363484272513,7,0,0,0.904708894559171
"1452","Lamp5","LINC01876",0.0842097028857313,0.16178747428622,0.602718045743974,-0.23288791986496,0.401307325636422,5,7.10534843910432e-07,0.000482803632492911,0.8686316111174
"1453","Lamp5","SMIM30",0.0535572199386182,0.174346873446977,0.758700485886309,-0.28815637283462,0.395270812711857,5,0.090972245516027,67.647707605707,0.926555528105898
"1454","Lamp5","PNCK",-0.0657089814295169,0.0448423937761627,0.142830439821368,-0.153598458211359,0.0221804953523252,7,0,0,0.519863907097606
"1455","Lamp5","MIEF1",-0.143678715494448,0.0858667273288378,0.094273017355981,-0.311974408529291,0.0246169775403954,6,0.01970661901094,49.3449597467802,0.43681170653242
"1456","Lamp5","DPM3",-0.0551716099836183,0.0973114955069292,0.570742164654086,-0.245898636458931,0.135555416491694,6,1.42637888866672e-06,0.0023309658316492,0.855005079180535
"1457","Lamp5","AMFR",-0.0766676051659565,0.0370595514796191,0.0385678855106872,-0.149302991349218,-0.00403221898269499,7,0.00173950416555554,18.4980348958187,0.301459701191051
"1458","Lamp5","CLTC",-0.00466484048920545,0.0279987970140791,0.867678023176599,-0.0595414742472482,0.0502117932688372,7,2.7099032321101e-06,0.0422163684010732,0.967279253523521
"1459","Lamp5","FBXL22",0.0615407328870135,0.0837463241304712,0.46243269516923,-0.102599046246328,0.225680512020355,6,8.3501725015114e-06,0.0179735725854754,0.800026241469996
"1460","Lamp5","ZNFX1",-0.018744834930918,0.0388065066739377,0.629072093025307,-0.0948041903776491,0.0573145205158131,7,0.000101809077355573,0.858100093231583,0.88191549991279
"1461","Lamp5","MMP28",-0.113650761410327,0.0502293139862305,0.0236580051965802,-0.212098407791493,-0.0152031150291617,7,0,0,0.242024024076906
"1462","Lamp5","ANGEL1",-0.0391967372316518,0.0457268011559351,0.391337706375778,-0.128819620625509,0.0504261461622055,7,0,0,0.757895972558368
"1463","Lamp5","FAM204A",-0.0180504422029633,0.035994584782792,0.616035738164936,-0.088598532015709,0.0524976476097824,7,0.00223613223968442,27.2713349773954,0.876105528923115
"1464","Lamp5","RIPOR2",0.0948130911001733,0.0360657306710139,0.00856623027055661,0.0241255579088645,0.165500624291482,5,0.000372418818571378,5.13144784129958,0.153819140849229
"1465","Lamp5","TSC22D1",0.046929744054259,0.0400401470642786,0.241170067378522,-0.0315475021274143,0.125406990235932,7,0.00341411537271858,33.7883399555715,0.632628391265572
"1466","Lamp5","ALDH9A1",0.0434648354523923,0.0628441835775919,0.489170588776341,-0.0797075009975115,0.166637171902296,6,0.00861658045149404,40.0230918046628,0.814875480035696
"1467","Lamp5","AKAP17A",-0.113089277368244,0.0651252831269489,0.0824775715468601,-0.240732486780037,0.0145539320435503,6,1.9447191091291e-06,0.00683058885943829,0.413390309358299
"1468","Lamp5","PDLIM5",-0.101247339597718,0.197139725901126,0.607544533367755,-0.487634102286023,0.285139423090587,7,0.182376231101616,78.2851996411779,0.871700668811636
"1469","Lamp5","HMGXB4",0.00640300475820629,0.0343885597803005,0.852291232098928,-0.0609973338913854,0.0738033434077979,7,0,0,0.961198683956156
"1470","Lamp5","NAP1L2",-0.0484450888675007,0.0618386064940291,0.43338537797265,-0.169646530449942,0.072756352714941,7,0.0020485854441067,7.13967005131048,0.783353965026019
"1471","Lamp5","MEN1",-0.0862612802698496,0.077196707074418,0.263814035572906,-0.237564045860797,0.065041485321098,7,0.00926191690878514,23.0515673198276,0.654011619282002
"1472","Lamp5","LINC01695",-0.0460381626684449,0.199687377826231,0.817663490422129,-0.4374182313751,0.34534190603821,5,0.10567228315353,60.9646925398004,0.950417319968123
"1473","Lamp5","LHFPL2",0.218507479754599,0.153158443009082,0.153673297279753,-0.0816775524714325,0.51869251198063,7,0.0914846330235291,65.3742397523363,0.534548854615639
"1474","Lamp5","ARF5",0.0188512656878067,0.101090206133142,0.852068640324339,-0.179281897522881,0.216984428898495,6,4.32073555143377e-06,0.00596866911555847,0.96112892564033
"1475","Lamp5","CHL1-AS1",0.112870153928276,0.118668918278038,0.341535882246968,-0.119716651981006,0.345456959837558,5,0,0,0.722523901608259
"1476","Lamp5","SAR1A",-0.0380052065262502,0.0296922887404485,0.200556069469978,-0.0962010230760934,0.020190610023593,7,0,0,0.591415610548944
"1477","Lamp5","GCNA",0.0722456172907385,0.0648589618694297,0.265327251498919,-0.0548756120480004,0.199366846629477,5,1.5874352043791e-06,0.00668165192702008,0.654477926053113
"1478","Lamp5","ASNSD1",-0.0825733901758848,0.0823666303190465,0.316097224307757,-0.244009019129141,0.0788622387773713,7,0.0150095319010727,34.8720487036005,0.70158239751328
"1479","Lamp5","KPNA6",-0.00543686278277307,0.0414950709964027,0.895756081594727,-0.086765707471655,0.0758919819061089,7,0.00382890179228777,35.2145115789521,0.976413248304476
"1480","Lamp5","COL11A1",0.1938390194304,0.253765971436123,0.444956913354348,-0.303533145086221,0.69121118394702,6,0.292955642973102,84.106336065463,0.789998528095377
"1481","Lamp5","FAM153CP",0.0193375995836607,0.0507389573455428,0.703114673146126,-0.0801089294267173,0.118784128594039,5,0,0,0.909107987358836
"1482","Lamp5","AFDN",0.0213135924550382,0.0248170628562088,0.390435328362573,-0.0273269569451978,0.0699541418552742,7,7.83405277834698e-07,0.0162785110720431,0.756761116999677
"1483","Lamp5","FLNA",0.101135381447595,0.055688582269532,0.0693568316304939,-0.008012234150783,0.210282997045974,7,2.4266053800635e-07,0.00096126862106,0.382747846461464
"1484","Lamp5","SLC39A11",-0.0295022573001668,0.0429472460354889,0.492119422235114,-0.113677312764906,0.0546727981645721,7,5.34075165269163e-06,0.0371701938142638,0.816204797966937
"1485","Lamp5","TTC7A",-0.0588995127446613,0.043652166814732,0.177243243649992,-0.144456187548671,0.0266571620593479,7,2.90518544754789e-06,0.0192651344906716,0.569788699644119
"1486","Lamp5","BROX",0.0012935252669941,0.0353083235645855,0.970775927142159,-0.0679095172740803,0.0704965678080685,7,6.69573313100402e-06,0.0640660730537726,0.996288075007393
"1487","Lamp5","CD46",-0.0243630831916959,0.0350644825108689,0.487175629935583,-0.0930882060495334,0.0443620396661417,7,0.00123974706201994,14.202935970066,0.814388224545658
"1488","Lamp5","IFIT1",0.00131606258643325,0.076597309084373,0.986291759211886,-0.148811904531621,0.151444029704487,7,0.00590034131033884,14.2583904731184,0.997350697988338
"1489","Lamp5","ZNF672",-0.0151854604380351,0.0921891316379564,0.86916380500521,-0.195872838214452,0.165501917338382,6,0.0147768488812386,30.8447763246111,0.967814706150587
"1490","Lamp5","NKIRAS1",0.0116439198622984,0.0565317405743837,0.836813277877084,-0.0991562556468552,0.122444095371452,7,0.00740028133212105,37.6471958879962,0.958081489492012
"1491","Lamp5","FREM3",-0.041611468711934,0.113153497198851,0.713064464595869,-0.263388247946436,0.180165310522567,7,0.0292646251173235,37.1816728333269,0.913599521330833
"1492","Lamp5","PTEN",0.067822868306527,0.0358081685588731,0.0582168662881903,-0.0023598524212038,0.138005589034258,7,0.00276857624898815,34.2116652097445,0.356734602159948
"1493","Lamp5","HAGHL",-0.123525392580692,0.0594554464524915,0.0377450424912546,-0.240055926312325,-0.00699485884905905,7,1.35982040015604e-06,0.00464001372840288,0.297949150595983
"1494","Lamp5","AGPS",0.0382472081631582,0.0272592104481333,0.160589099564996,-0.015179862562181,0.0916742788884975,7,1.89407881938635e-06,0.0319044974953366,0.544726755125096
"1495","Lamp5","PPP2R5E",0.00446936946163321,0.0230295159465217,0.846120007291222,-0.0406676523749401,0.0496063912982065,7,0,0,0.959421815061179
"1496","Lamp5","AHNAK",0.0655460485212596,0.12312842714002,0.594491311233759,-0.175781234146243,0.306873331188762,5,0.0256421071858175,35.4788105150172,0.865167075981126
"1497","Lamp5","FAM106A",0.0158084158462277,0.0990905417616318,0.873247335588219,-0.178405477215133,0.210022308907588,5,2.69006886876294e-06,0.00497441559306252,0.968848383217698
"1498","Lamp5","MAP2K3",0.0816590343625453,0.0632295079044924,0.196540631876767,-0.0422685238904504,0.205586592615541,7,0.00722769069766166,27.8910383364494,0.588784924001566
"1499","Lamp5","BMI1",0.00661079339350364,0.0674106501098597,0.921878700656042,-0.125511652996252,0.13873323978326,7,0.00713845266608141,23.8622056663379,0.982375103729229
"1500","Lamp5","SLC37A1",-0.0369005091254965,0.0467143294209502,0.429575415225339,-0.128458912352499,0.0546578941015058,7,0,0,0.781980608660896
"1501","Lamp5","GPAM",0.00567856263089036,0.0564083736649609,0.919813388743906,-0.104879818178911,0.116236943440691,6,0.00288792615606808,14.7449811530069,0.982309092211961
"1502","Lamp5","INTS3",-0.0534624411406602,0.031192981179063,0.0865424369455051,-0.114599560822059,0.00767467854073896,7,0,0,0.420886947308375
"1503","Lamp5","PGAP3",-0.0803804338530716,0.0641077496362072,0.209902588190292,-0.206029314269948,0.0452684465638054,7,0,0,0.599958186464555
"1504","Lamp5","MIR124-2HG",-0.10244458276026,0.0467839537137063,0.0285432721517498,-0.194139447093513,-0.0107497184270068,7,0.00537044255664004,39.9046508992012,0.264202005930941
"1505","Lamp5","ZNF24",0.117320485438967,0.0579512772983734,0.0429220585515044,0.00373806907606192,0.230902901801873,7,0.00661608080939095,30.6788205136647,0.312931224147558
"1506","Lamp5","MAP1S",-0.00963320985872963,0.0540451284706166,0.85853150155309,-0.115559715200978,0.0962932954835191,7,0,0,0.964217804077724
"1507","Lamp5","CCDC34",0.0855251328237709,0.101501567891828,0.399452677687948,-0.11341428461856,0.284464550266101,7,0.0356549100896161,59.3148758400985,0.762743492813461
"1508","Lamp5","TMEM145",-0.00450162198362308,0.0333419967460713,0.892601145926901,-0.0698507347785746,0.0608474908113284,7,0,0,0.975916378147624
"1509","Lamp5","ATP11A",0.000261942842122383,0.0446321899722168,0.995317304620951,-0.0872155420545723,0.087739427738817,7,0.00479861258533537,37.8508475008064,0.998909000164649
"1510","Lamp5","MIGA1",0.00239304446922344,0.0286664189918187,0.933470661409839,-0.0537921043204763,0.0585781932589232,6,0.00146512128138902,32.3722397252621,0.985315638798959
"1511","Lamp5","DIP2C",-0.00162321585556468,0.0285819566650548,0.95471118292109,-0.0576428215267566,0.0543963898156272,7,2.2919171056503e-06,0.0349856315078281,0.992126436961533
"1512","Lamp5","WDSUB1",0.03105482690377,0.0408966541617685,0.447643908595897,-0.0491011423414863,0.111210796149026,7,0.0028940998089419,26.4867034257051,0.791522553099468
"1513","Lamp5","MRPL55",-0.195816429992309,0.0729902786181264,0.00730142884708763,-0.338874747305381,-0.0527581126792373,5,0,0,0.143614782207765
"1514","Lamp5","RNF167",-0.0809670946381339,0.0605510791211602,0.181167108014898,-0.199645028940643,0.0377108396643752,7,0,0,0.573320308216503
"1515","Lamp5","PRPF19",0.0648862479017888,0.037020458018351,0.0796512373458407,-0.00767251650535632,0.137445012308934,7,0,0,0.407092821801469
"1516","Lamp5","KCTD6",0.00906009650444559,0.0467924781022922,0.846471145887174,-0.0826514753234262,0.100771668332317,7,0.00306282833922191,20.663223279672,0.959421815061179
"1517","Lamp5","PRDM11",0.0339929466524345,0.051689157728828,0.510768378963178,-0.0673159408872785,0.135301834192148,7,0.00455824089253046,26.2268628702027,0.824565023970019
"1518","Lamp5","MGRN1",-0.0605366188181188,0.0347032996687455,0.0810884467677352,-0.128553836313561,0.00748059867732308,7,0.000399135407690945,4.21962807094125,0.41073135743132
"1519","Lamp5","PSMD6",-0.0011574115101723,0.0468005160556233,0.980269733627611,-0.0928847374370826,0.090569914416738,7,0,0,0.997093441046833
"1520","Lamp5","BRCA1",-0.110263535065149,0.0977121282650871,0.259128695206281,-0.301775787317478,0.0812487171871804,7,0.0192476769964506,32.3574389526358,0.650411149598018
"1521","Lamp5","GPRIN3",0.0785502651941855,0.0809549498668461,0.331898963409039,-0.0801185209150784,0.237219051303449,7,4.62012226336295e-06,0.00938384415416674,0.714009660623979
"1522","Lamp5","ZNF70",-0.0826423851920634,0.0722105800951883,0.252431398065411,-0.224172521481377,0.0588877510972506,6,3.3948764728494e-06,0.00930576512098607,0.64257707310861
"1523","Lamp5","PCNX4",-0.0172803653272407,0.0300750846715091,0.565579358712689,-0.0762264481153911,0.0416657174609097,7,0,0,0.852935819308762
"1524","Lamp5","ZNF281",0.0664847582116797,0.0495573224979482,0.179734535303316,-0.0306458090545353,0.163615325477895,7,9.20941572529437e-08,0.000459537460005948,0.572625125587479
"1525","Lamp5","GABRG1",0.265826033421185,0.112751951489133,0.0183926074172298,0.0448362693158772,0.486815797526494,6,0,0,0.217134444326408
"1526","Lamp5","ZNF829",-0.00132507089362781,0.0723063700598363,0.985378958546963,-0.143042952063732,0.140392810276477,7,0.00819237111336016,23.4363637696667,0.997296915565468
"1527","Lamp5","RPL37A",-0.0466228489593999,0.0525369495477895,0.374847603532467,-0.149593377930665,0.0563476800118654,7,0,0,0.746369391384376
"1528","Lamp5","RNF8",-0.0487824798636919,0.0416186822739439,0.241145119597567,-0.130353598204638,0.0327886384772537,7,0.00226627182204651,19.1839292144906,0.632628391265572
"1529","Lamp5","NUBPL",0.0306259822154411,0.0355369946077298,0.388794483356568,-0.0390252473345033,0.100277211765386,6,2.01379635078699e-07,0.00245737313208064,0.756251065354424
"1530","Lamp5","SLC17A8",-0.156759513310472,0.157574790487468,0.319820852859668,-0.465600427537354,0.152081400916411,7,0.0899736102286991,59.9452290298534,0.704062213401684
"1531","Lamp5","TOMM22",-0.0769739153658091,0.128152704237511,0.548078359870969,-0.328148600192744,0.174200769461126,6,0.0404180459469629,45.7454585126593,0.844764971297428
"1532","Lamp5","DPP9",-0.0392791058518196,0.0536897504535983,0.464416336911031,-0.144509083079815,0.065950871376176,7,0.00312906483677235,15.3986323430908,0.800596104093666
"1533","Lamp5","LAMA2",0.0455178554727968,0.148766460353164,0.759628605381413,-0.246059048926911,0.337094759872504,6,0.0687070490641666,60.4707088635215,0.926555528105898
"1534","Lamp5","CA10",0.0510461010738522,0.0877593872365392,0.560795904679434,-0.120959137215069,0.223051339362773,7,0.0119936688935494,23.2898713701075,0.851734597924987
"1535","Lamp5","NONO",0.0654019807144613,0.0482257740066338,0.175047507055842,-0.0291187994651088,0.159922760894032,7,0.00301268990902076,18.9170318905235,0.566547533661925
"1536","Lamp5","ZNF414",-0.121414064103192,0.0729182328460914,0.0958985116964493,-0.264331174297836,0.0215030460914532,6,0.00151752953089468,4.33214346860183,0.440757225740906
"1537","Lamp5","RIF1",-0.0149946069350836,0.0253157901991556,0.553648012748019,-0.0646126439656007,0.0346234300954334,7,0,0,0.847769088918509
"1538","Lamp5","PLEKHA5",0.104057418788869,0.0333338014890642,0.00179823063033881,0.0387243684024955,0.169390469175243,7,0.000470358370818175,5.73470079063989,0.0742786624252629
"1539","Lamp5","VSTM2A-OT1",-0.0137226269346295,0.0671202853730257,0.83800320443564,-0.14527596889781,0.117830715028551,5,3.98821598346343e-06,0.0152444355056164,0.958345542185359
"1540","Lamp5","HNRNPLL",0.072477469310369,0.0345173956067979,0.0357519405301997,0.00482461708092405,0.140130321539814,7,7.12881146493701e-07,0.00737790730867727,0.290657686472236
"1541","Lamp5","THAP7",-0.138270142403649,0.103946029573094,0.183448791128161,-0.342000616702848,0.0654603318955497,6,0.0241698943758534,39.3428521430043,0.575973257025563
"1542","Lamp5","FAU",-0.155525000897681,0.1214908793548,0.200496868002196,-0.393642748883189,0.0825927470878274,6,0.0357337335210028,44.1559990454476,0.591415610548944
"1543","Lamp5","MELTF-AS1",-0.0644824147611748,0.131751446983546,0.624541040103461,-0.322710505759963,0.193745676237613,5,0.0392541207686076,52.0518529576378,0.879623872170215
"1544","Lamp5","CHAF1B",0.0975714689022171,0.115846864372348,0.399650701399832,-0.129484212989481,0.324627150793915,6,0.0346318120227967,47.7039815120678,0.762743492813461
"1545","Lamp5","SPCS2",-0.0517498932980729,0.0433141990948912,0.232182429641838,-0.136644163543257,0.0331443769471112,7,0.00180350193794313,13.4410187466603,0.623315103476142
"1546","Lamp5","IRF2BP1",-0.0635401369027382,0.120942726619263,0.599323380221884,-0.300583525268568,0.173503251463091,5,0.025138129102173,35.4864762557218,0.866873283027759
"1547","Lamp5","ARV1",0.016811630396641,0.0401736845088552,0.675600811601507,-0.0619273443669899,0.0955506051602718,7,2.83109520030639e-09,2.16298391855829e-05,0.900067548790672
"1548","Lamp5","UBL7",0.0901378772540593,0.0700572683238235,0.198222813612587,-0.0471718455158936,0.227447600024012,6,0.000517924052918328,1.49007953316121,0.590236550297945
"1549","Lamp5","TMEM79",-0.0027558803467352,0.0737661693397024,0.970198222365235,-0.147334915530035,0.141823154836564,6,1.83690149358888e-06,0.00488791428328722,0.995931376932691
"1550","Lamp5","PSAP",-0.0152470134390914,0.0382337304767901,0.690052107882304,-0.0901837481682114,0.0596897212900285,7,0,0,0.904365277607065
"1551","Lamp5","ZNF470",-0.00664260659971008,0.045409386400303,0.883698240567119,-0.0956433685043669,0.0823581553049467,7,5.65294352113972e-07,0.00348853958230233,0.973189568893511
"1552","Lamp5","MEG9",-0.134326853653328,0.122007064319235,0.270907088406216,-0.37345630557849,0.104802598271835,5,1.80671396695517e-06,0.00177680626988822,0.660370540205857
"1553","Lamp5","TCF7L2",-0.0359107830745352,0.0904791955154837,0.691444542860331,-0.213246747635041,0.141425181485971,7,0.0275858430502349,55.5764836155753,0.904801979217278
"1554","Lamp5","SCN7A",0.270589080178904,0.167597108618673,0.106414428348627,-0.0578952166267429,0.599073376984552,7,0.109095134111772,61.4039617862907,0.460256834944386
"1555","Lamp5","NMUR1",-0.147621128999433,0.100415165241109,0.14153252958103,-0.344431236373646,0.0491889783747791,6,0,0,0.517380506058275
"1556","Lamp5","KIAA2012",0.060678095686691,0.150940654971154,0.687684258417843,-0.235160151859658,0.35651634323304,6,0.0580294118794408,49.6246576065243,0.903181005962289
"1557","Lamp5","NELFE",-0.112838030758218,0.0577238646308029,0.0506078672559427,-0.225974726483057,0.000298664966621329,7,0,0,0.336794370903627
"1558","Lamp5","EPSTI1",0.0518098077020069,0.104448933813145,0.619873224374904,-0.152906340795365,0.256525956199379,6,4.10655048240444e-06,0.00577348052147649,0.877471007323414
"1559","Lamp5","NKAP",0.0128589747461669,0.0451959998044859,0.776015149444507,-0.0757235571159049,0.101441506608239,7,0,0,0.934584658568636
"1560","Lamp5","PIKFYVE",0.0343756638530371,0.027719566931011,0.214930018425949,-0.0199536889987919,0.0887050167048661,7,0,0,0.605928356991023
"1561","Lamp5","PCDH19",0.0213324793311412,0.0553382194340129,0.699872417836224,-0.0871284377280986,0.129793396390381,7,4.87656157193274e-06,0.0208518759225233,0.907258323785827
"1562","Lamp5","STRN4",-0.0195246619644126,0.0507792667953513,0.700607401457715,-0.119050196044652,0.0800008721158267,7,0.00375855883794265,21.7290087882369,0.907620717806415
"1563","Lamp5","MAVS",-0.0239669125625086,0.0360673674178007,0.506367742765388,-0.0946576537185713,0.0467238285935542,6,1.8147776875982e-06,0.0192277044614918,0.822824639047686
"1564","Lamp5","SLC35F3",-0.0982229666462368,0.053166369916263,0.0646798877334614,-0.202427136870846,0.00598120357837237,7,0.00615698553359182,32.8771666618803,0.371880205906429
"1565","Lamp5","LINS1",0.0928352289784517,0.0452322234555379,0.040129487366174,0.00418170006492963,0.181488757891974,7,0,0,0.306064119523007
"1566","Lamp5","CLUL1",-0.21879311341987,0.138931658027772,0.115296736022424,-0.491094159466738,0.0535079326269985,6,0.0259063084506616,22.7217394926754,0.472041652205465
"1567","Lamp5","CACNG4",0.00881809658180556,0.0605709013332471,0.884250549231375,-0.109898688542488,0.127534881706099,7,0.00757666099149443,32.4098269050735,0.973192565272888
"1568","Lamp5","MIAT",0.0351170627251067,0.0387586628641266,0.364912443904736,-0.0408485205775114,0.111082646027725,7,4.76382960969471e-07,0.00399106056117076,0.73765853898863
"1569","Lamp5","OGA",0.032696632344744,0.027345546818562,0.231819904003849,-0.0208996545571915,0.0862929192466794,5,4.02901328123371e-06,0.0938861533092354,0.622996456625176
"1570","Lamp5","VCPIP1",0.0280388572562668,0.0394072232334981,0.476764737423864,-0.0491978810121196,0.105275595524653,7,0,0,0.808995183884655
"1571","Lamp5","NAV3",0.0567038977480804,0.0369146119306267,0.124518092153703,-0.0156474121392205,0.129055207635381,7,0.00192849952766612,20.6235933312969,0.486676597412247
"1572","Lamp5","ANKRD34A",-0.113629755268154,0.0886383385538663,0.199860831038797,-0.2873577064832,0.0600981959468923,5,0.000533656858699947,1.22874737239087,0.591415610548944
"1573","Lamp5","STK17A",-0.0520729320984873,0.0806218827768552,0.518350080273191,-0.210088918706934,0.105943054509959,7,0,0,0.829106552615597
"1574","Lamp5","BID",-0.00410701341057185,0.05103861337642,0.935864449650924,-0.104140857449219,0.0959268306280756,6,7.13504126876864e-08,0.00042067181067534,0.98581898646837
"1575","Lamp5","POLR1A",-0.0949718642327756,0.0342596321243494,0.00556922378011176,-0.162119509320092,-0.0278242191454592,7,0,0,0.127346744142173
"1576","Lamp5","ZNF16",0.0239220844121172,0.0672194849734643,0.721930277150945,-0.107825685195204,0.155669854019439,7,0,0,0.915784250967848
"1577","Lamp5","GLE1",-0.0262790028579783,0.0579855800634404,0.650405502653592,-0.139928651404985,0.0873706456890287,7,0.00834536941470882,41.0864220378057,0.889738157224085
"1578","Lamp5","PSMD14",-0.0329984070912717,0.028777055602512,0.251509115444782,-0.0894003996533018,0.0234035854707585,7,0,0,0.64193208701728
"1579","Lamp5","BEND3",-0.0804430370675425,0.0793253042542943,0.310539573011452,-0.235917776468641,0.0750317023335563,7,5.62747534800422e-06,0.0112738999652931,0.69741647955755
"1580","Lamp5","CAMTA2",-0.0662505271615427,0.0367230263272445,0.0712219685608468,-0.138226336166258,0.00572528184317271,7,4.43487767225429e-07,0.00389228105423284,0.386804505912428
"1581","Lamp5","DYSF",0.00800628323007299,0.152038807674729,0.958003231407655,-0.289984304064809,0.305996870524955,6,0.0500005786782124,39.6281050678415,0.993217221014664
"1582","Lamp5","CCDC26",0.0394093340857112,0.124380114077159,0.751360504102792,-0.204371209898503,0.283189878069925,6,0.0372447376316189,44.0762929389939,0.925975950944022
"1583","Lamp5","LMCD1-AS1",0.0121768483437492,0.0471941040332262,0.796394323545613,-0.0803218958440107,0.104675592531509,7,0,0,0.943187190133141
"1584","Lamp5","GOT2",-0.103008136849825,0.0374072111220515,0.00589262377930569,-0.176324923411132,-0.0296913502885178,6,0,0,0.129778798852149
"1585","Lamp5","LINC01748",0.150414647264478,0.100964384320522,0.136282282240372,-0.0474719097250053,0.348301204253961,5,0.0054193701462855,10.0316407474968,0.508994320210059
"1586","Lamp5","HIF3A",0.10445345969071,0.15561167074171,0.5020648597525,-0.200539810537147,0.409446729918567,5,0.0642354179732841,58.695327687903,0.822107574858433
"1587","Lamp5","SLC6A16",-0.00319291677314152,0.22119209238218,0.988482904161674,-0.43672145150727,0.430335617960987,7,0.220730715446678,77.163176608171,0.997674559800997
"1588","Lamp5","RPS6KL1",-0.108778657177895,0.0656948444440521,0.0977588317937109,-0.237538186258198,0.0199808719024084,7,0.00974244219371228,37.6125033336938,0.443848849438492
"1589","Lamp5","SRFBP1",0.0101284407815751,0.0363646265008748,0.780609731651701,-0.0611449174713904,0.0814017990345406,7,1.13156188232929e-06,0.0107553901442135,0.936904032599628
"1590","Lamp5","GIT1",0.0643818095468367,0.0449976566561184,0.152492879516928,-0.0238119768878544,0.152575595981528,7,0.00121233459779795,8.0630397469422,0.532767264429724
"1591","Lamp5","POLR1B",-0.0796295340166164,0.0597107741395303,0.182339125674531,-0.196660500819101,0.0374014327858687,7,0.00461598358942608,18.9221670636656,0.575260279028009
"1592","Lamp5","PTPN18",-0.0924036564609208,0.0390568631181587,0.0179875159034688,-0.168953701521623,-0.015853611400219,7,0,0,0.215112702689583
"1593","Lamp5","USP33",0.0117372260341496,0.0218588448402391,0.591298382118347,-0.0311053225963683,0.0545797746646675,7,0,0,0.863156760231449
"1594","Lamp5","ZNF418",-0.115180747967136,0.099384488685603,0.246480279190615,-0.309970766412847,0.0796092704785739,7,0.0333107151305873,57.6566500041989,0.637913366424694
"1595","Lamp5","ZNF335",-0.0222681826665301,0.0542065245785183,0.681217267160646,-0.128511018567511,0.0839746532344509,7,0.00578239201584428,30.7937120329614,0.902179102765688
"1596","Lamp5","SCYL3",-0.0487221064367472,0.0389617033648072,0.211112304303424,-0.125085641808102,0.0276414289346079,7,0,0,0.601479601527576
"1597","Lamp5","VPS28",-0.072883648408536,0.067493028634161,0.280200393680027,-0.205167553739022,0.0594002569219501,7,0.00812636856889308,27.9888248280482,0.670082658507149
"1598","Lamp5","GZF1",-0.122778000947888,0.0569292245092037,0.0310307693098789,-0.234357230653722,-0.011198771242054,7,0,0,0.274229398559132
"1599","Lamp5","FAM78B",0.0317706584033532,0.0443793875792031,0.474060684193977,-0.0552113429078291,0.118752659714536,7,1.37916340074147e-06,0.00873420228084635,0.80682334277559
"1600","Lamp5","HIF1AN",-0.041477561961449,0.0360303608852821,0.249656694598925,-0.112095771646583,0.0291406477236847,7,0,0,0.640240491404512
"1601","Lamp5","KCNS3",-0.0608561600743931,0.0668607108664397,0.362720663618829,-0.191900745353361,0.0701884252045746,7,2.72415245246233e-07,0.000780997359195878,0.737090300121933
"1602","Lamp5","SPACA9",0.0712407062393116,0.0862095952698904,0.408596321237731,-0.097726995611448,0.240208408090071,5,0.00102342045817967,2.54030559326981,0.769644856022005
"1603","Lamp5","CAMK1",0.0629444887960816,0.0481697020340947,0.191306584016567,-0.0314663923367699,0.157355369928933,7,0.00137660793271566,7.76591304721517,0.585597375448041
"1604","Lamp5","METAP2",-0.0939836116295763,0.0531311862629507,0.0769110157957478,-0.198118823160849,0.0101515999016963,7,0.0095667438879981,59.5978024042064,0.401805676589378
"1605","Lamp5","FBXL19",-0.141043136025584,0.051010204528458,0.00569230677532973,-0.241021299745383,-0.0410649723057839,7,1.06611732057111e-08,5.23600789034399e-05,0.129038690598033
"1606","Lamp5","PEF1",0.0170173035139708,0.0628754163798993,0.786659354375573,-0.106216248103592,0.140250855131533,7,6.50678497956189e-06,0.0200754918911626,0.938643357904296
"1607","Lamp5","RAI2",0.11802877231775,0.0657017602764876,0.0724257713848388,-0.0107443115450504,0.24680185618055,7,0.0096590594784657,34.7341311704683,0.389451348916946
"1608","Lamp5","ZNF846",-0.0746335623773535,0.0432156541746024,0.0841671331309797,-0.159334688127912,0.0100675633732051,7,0,0,0.417064747830187
"1609","Lamp5","LINC01301",0.02350830851267,0.153489785479336,0.878273061716085,-0.277326143021607,0.324342760046947,5,0.0525395374391289,46.585035699668,0.971284178999175
"1610","Lamp5","BMPER",-0.0277242359673626,0.0410468153634576,0.499402835706128,-0.108174515759805,0.0527260438250797,7,2.52317648250244e-06,0.0196476923658729,0.821123581285857
"1611","Lamp5","C11orf65",0.217346824271875,0.0920012047221836,0.0181553471599312,0.0370277764820986,0.397665872061651,7,0.0155505310737651,28.4310648864242,0.215599225450515
"1612","Lamp5","WNT2B",0.0224540425857594,0.0933992885556169,0.810013093697179,-0.160605199164914,0.205513284336432,7,0.0311301894374914,59.6895223770411,0.948120445093919
"1613","Lamp5","MICU3",0.0120406909083174,0.026563255464863,0.650344463470738,-0.0400223331149508,0.0641037149315856,6,0,0,0.889738157224085
"1614","Lamp5","PCNX1",0.00888586271592379,0.0243857676824234,0.715568858370181,-0.0389093636769869,0.0566810891088345,7,0,0,0.914456932811391
"1615","Lamp5","SEC24C",-0.0693062558511303,0.0343862468983504,0.0438499262880848,-0.136702061335399,-0.00191045036686137,7,0,0,0.316151632395449
"1616","Lamp5","THAP10",0.0965083756154766,0.194561116015868,0.619872428296455,-0.284824404567543,0.477841155798497,6,0.133624605603168,68.6360123503464,0.877471007323414
"1617","Lamp5","TK2",-0.11712190012381,0.0475420315954883,0.0137570900503202,-0.210302569802832,-0.0239412304447872,6,2.9726381889453e-06,0.0191543391969857,0.188454799440755
"1618","Lamp5","SFPQ",-0.00758996116696083,0.0342880018948519,0.824812837623745,-0.0747932099827117,0.05961328764879,7,0.000781719292094155,9.10937876630258,0.95359017064408
"1619","Lamp5","EHBP1L1",-0.0589111954276126,0.0965382371112774,0.541704883343438,-0.248122663296704,0.130300272441479,5,0.0126557261155622,27.5309804379996,0.84090599831901
"1620","Lamp5","INTS11",-0.0390119191053157,0.0381198812964466,0.306118355395893,-0.113725513541293,0.0357016753306617,5,0,0,0.695447061042101
"1621","Lamp5","RAVER1",-0.0949576741289501,0.0815975281232204,0.244532539959303,-0.254885890477956,0.0649705422200561,6,6.70293285610742e-06,0.014418494951043,0.636425355205449
"1622","Lamp5","MPHOSPH6",0.0740040769406672,0.032829686176904,0.024184741199412,0.00965907441018296,0.138349079471151,7,0,0,0.245596667500389
"1623","Lamp5","CTSB",-0.0418943845419575,0.0494429551399132,0.396812501491088,-0.138800795905417,0.0550120268215019,7,0.00490467868365879,31.2884069037125,0.761347778811475
"1624","Lamp5","CMYA5",0.052029329429502,0.0768347366121824,0.498305110978425,-0.0985639870919965,0.202622645951,6,0,0,0.82037869248224
"1625","Lamp5","HADHA",-0.0360407619498902,0.0343279714092793,0.293766438787956,-0.103322349574398,0.0312408256746179,6,0.000233826295383371,3.03322353261651,0.684025085955055
"1626","Lamp5","SERPING1",0.0500083046440928,0.06502603817188,0.441863355035588,-0.0774403882301188,0.177456997518304,7,0.00496708206364608,16.876405158972,0.789357146008086
"1627","Lamp5","CHRM2",-0.104655418485904,0.171425707171443,0.541530549695703,-0.440643630566243,0.231332793594435,6,0.0465900700574945,27.3334526319595,0.84090599831901
"1628","Lamp5","MINDY2",-0.0400157269893399,0.0284767287915969,0.159959437218915,-0.0958290898183846,0.0157976358397048,5,6.87267271147813e-06,0.140891382756339,0.544291398507647
"1629","Lamp5","ZFAND5",0.0923700170557351,0.0426434691008501,0.0303035486563518,0.00879035344222227,0.175949680669248,7,6.53184074051934e-08,0.000415030788870254,0.270447864463665
"1630","Lamp5","SUGCT",-0.0397762186749407,0.0652145106521703,0.541908867405327,-0.167594310822598,0.0880418734727168,6,0.0100192903270532,42.6732408284578,0.84110164118109
"1631","Lamp5","MEX3D",0.0381415595550621,0.256544203359198,0.881810550091129,-0.464675839471486,0.54095895858161,5,0.173977612308051,60.183660848878,0.972479930702675
"1632","Lamp5","FOXK1",-0.00908402640065488,0.0416261282154802,0.827250727018683,-0.0906697385188426,0.0725016857175329,7,0.00214852727556064,17.9214008312232,0.954733782284232
"1633","Lamp5","PSMD3",-0.0990990092586294,0.0429989044879174,0.0211841185193055,-0.183375313429625,-0.0148227050876336,7,0,0,0.230729392871015
"1634","Lamp5","KCNS2",-0.0398779261400667,0.142627984785609,0.7797890250869,-0.319423639507388,0.239667787227254,5,0.0472073295256306,48.8664646037576,0.936294874599823
"1635","Lamp5","MGAT2",0.10001870411676,0.0961290562252801,0.298124952233548,-0.0883907839526153,0.288428192186134,5,0.00985047765300377,21.1661744247755,0.687746200571181
"1636","Lamp5","MAMDC2-AS1",0.0164939042565379,0.0579614281562248,0.775975968833338,-0.0971084074221686,0.130096215935244,7,0,0,0.934584658568636
"1637","Lamp5","MRPL42",0.0327146240229242,0.0310215160450702,0.291618138683054,-0.0280864301712447,0.0935156782170932,6,2.7655129250064e-07,0.00409954801325645,0.681644123010079
"1638","Lamp5","MAP3K21",-0.0723657754743914,0.0389490611132471,0.0631747754552388,-0.148704532488005,0.00397298153922244,5,0.000730402384925064,8.84313463155336,0.36898314814741
"1639","Lamp5","ZDHHC11B",0.0284655350909765,0.0646286404399054,0.659612894280579,-0.098204272541027,0.15513534272298,7,0,0,0.893151109907319
"1640","Lamp5","IPO11",0.0177243792351236,0.0401735149971114,0.659071377029711,-0.0610142632915945,0.0964630217618417,7,0.00206678529226203,18.6899387349661,0.892964921996311
"1641","Lamp5","PSG8-AS1",-0.107265466969515,0.0981849382626763,0.274620451228544,-0.29970440978865,0.0851734758496188,5,2.07370890606598e-06,0.00368936117570073,0.66407994560089
"1642","Lamp5","ZNF845",-0.00827256978148436,0.148126480935075,0.955462884959922,-0.29859513757089,0.282049998007921,5,0.0517910612087309,48.6689334485796,0.99250674134453
"1643","Lamp5","SNX19",-0.0441879892688585,0.0340088149700741,0.193837605362731,-0.11084404176709,0.0224680632293734,7,1.08281803811822e-06,0.0116588120253572,0.587583280058094
"1644","Lamp5","LONRF2",0.020457548396855,0.0320236018052378,0.52293534088034,-0.0423075577966629,0.083222654590373,7,2.32094475762444e-06,0.0285537607486227,0.831999597196191
"1645","Lamp5","CHMP2A",-0.097582242383716,0.113311405137912,0.38913538281331,-0.31966851549165,0.124504030724218,6,0.033566175006653,50.0197857463639,0.756373462509834
"1646","Lamp5","C5orf24",0.0678962613401273,0.0482875241593437,0.159699513571265,-0.0267455469147941,0.162538069595049,7,5.11820536276954e-06,0.026758754840023,0.543960832469028
"1647","Lamp5","IMPG2",0.0532288923966735,0.0708385618022616,0.452405193231188,-0.085612137452374,0.192069922245721,7,0.000227139483016674,0.56709949498441,0.7951327390625
"1648","Lamp5","PRPS2",0.00559460498782496,0.0782724025738836,0.943018856375162,-0.147816485040407,0.159005695016057,7,0.0098235571851108,23.8306936235565,0.987873379764415
"1649","Lamp5","UBLCP1",0.0230210346155907,0.054231209590407,0.671202736113123,-0.0832701830196503,0.129312252250832,7,0.00546643025833251,30.2444224376345,0.898591731149468
"1650","Lamp5","DIRAS1",0.0401952891297169,0.0726106513238412,0.579871173966251,-0.102118972359007,0.182509550618441,7,0.00855212188180874,24.7588521681871,0.858378677238391
"1651","Lamp5","SRR",0.00126908886232287,0.0605437827205646,0.983276362717654,-0.117394544757802,0.119932722482448,7,0.00413074680262903,16.1404028877891,0.997296915565468
"1652","Lamp5","LAMTOR2",-0.0402351199444025,0.0752766908837157,0.592998142598198,-0.18777472295184,0.107304483063035,7,0,0,0.864204824193499
"1653","Lamp5","VWA8",0.0546401630996236,0.0280838293789003,0.0517016741311486,-0.000403131030988844,0.109683457230236,6,2.03531426166953e-06,0.0382457637707189,0.339912216016716
"1654","Lamp5","ERH",-0.0304357635136004,0.0530954693886002,0.566490917524715,-0.134500971257506,0.0736294442303051,7,0,0,0.853478978335213
"1655","Lamp5","TMEM169",-0.0171960477684021,0.0822771915950219,0.834447150103842,-0.178456380043747,0.144064284506942,7,0.0196433105571488,47.2448375916059,0.957357485533819
"1656","Lamp5","UBE2L6",-0.0378236215957396,0.12284788374701,0.758166117842171,-0.278601049316843,0.202953806125364,6,0.0474119239313328,63.605809349165,0.926555528105898
"1657","Lamp5","FKBP9",-0.00990387613853208,0.0778108149056327,0.898717613247444,-0.162410270961284,0.14260251868422,7,0.00616600197294993,14.4376029047657,0.977602686631452
"1658","Lamp5","LINC01310",-0.156746156577511,0.0892143355032534,0.0789243643744232,-0.331603041068561,0.0181107279135388,7,0,0,0.405843321379927
"1659","Lamp5","ILF3-DT",0.0120779634079365,0.0729928237026399,0.868575776649308,-0.130985342179119,0.155141268994992,5,0.00672983698713594,25.8262599270044,0.967580297891175
"1660","Lamp5","RFTN2",0.0305391266977986,0.0943337650537898,0.746138788688205,-0.154351655333693,0.21542990872929,6,7.99618556883811e-08,0.000126571725821701,0.923981530672427
"1661","Lamp5","PPP2R3C",-0.00643991096406726,0.0370019164347261,0.861831957165276,-0.0789623345350911,0.0660825126069566,7,0,0,0.965627487552423
"1662","Lamp5","DIRAS2",-0.00618884929240402,0.0532354626377123,0.907451035302476,-0.110528438762648,0.0981507401778398,7,2.99846732723247e-06,0.0132832182668146,0.979706322215609
"1663","Lamp5","EFCAB6-AS1",0.156435041724926,0.137585121799582,0.255535981824367,-0.113226841810812,0.426096925260664,5,0.00833179700811855,8.23456324568706,0.646730446766088
"1664","Lamp5","ZNF484",0.0266971109995786,0.0309302761046423,0.388061342248487,-0.0339251161974002,0.0873193381965573,7,1.2603787742466e-06,0.0154454960782454,0.755834786962485
"1665","Lamp5","PIWIL2",0.0347956468870706,0.0943737343021169,0.712350945507109,-0.150173473431631,0.219764767205772,6,0,0,0.913370318142974
"1666","Lamp5","PI4KA",-0.0348376939668969,0.023480495015731,0.137892103744587,-0.080858618536902,0.0111832306031082,7,1.56181161041551e-06,0.0345782008898175,0.510858633420544
"1667","Lamp5","TYW1",-0.0501422739252018,0.0362625737701916,0.166739842847627,-0.121215612501504,0.0209310646511006,7,0.00180172319087763,20.1237621048104,0.553963700711425
"1668","Lamp5","LGR4",0.0620025139936101,0.0369686313533356,0.093510118563431,-0.010454672016666,0.134459700003886,7,0,0,0.43614957406399
"1669","Lamp5","RMI1",0.0199639869206541,0.0504750523603063,0.692457787286977,-0.0789652978233197,0.118893271664628,7,0,0,0.905268111563042
"1670","Lamp5","NPHP4",-0.091889241337221,0.0383551908948399,0.0165866433858292,-0.167064034111266,-0.0167144485631762,7,0,0,0.206238639985863
"1671","Lamp5","NEDD1",-0.0238652558258502,0.0731093108478261,0.744097144208897,-0.167156872022133,0.119426360370432,7,3.61828521814127e-06,0.00839786882317145,0.923731562184063
"1672","Lamp5","GSTM4",-0.0835556824133478,0.0921213150488804,0.364397327535874,-0.264110142117621,0.0969987772909255,5,0.00713639941250717,16.4376641282119,0.737658430833555
"1673","Lamp5","COPZ1",-0.0195066395344894,0.0843653725020266,0.817146857219197,-0.184859731180767,0.145846452111788,7,0.0219049101945879,49.6914622433886,0.950417319968123
"1674","Lamp5","SLCO2B1",0.1490255989262,0.142493967521281,0.295635856362304,-0.130257445429731,0.42830864328213,5,0.038667386908426,41.7579489460263,0.686106968025771
"1675","Lamp5","C2orf69",0.0735500795465203,0.0587754358502286,0.210797889293264,-0.0416476578955721,0.188747816988613,6,0.00607662425520698,30.6453354181194,0.600992362515195
"1676","Lamp5","TIMM22",-0.00862881518183715,0.0757296356996676,0.9092834672762,-0.157056173715524,0.13979854335185,6,0.0114598690258966,36.0017163783842,0.979827084623903
"1677","Lamp5","ATP8B1",-0.0480957969668908,0.0593344079801462,0.417601943745222,-0.164389099651983,0.0681975057182016,7,4.2822569763112e-08,0.000152316204883154,0.773600796141458
"1678","Lamp5","FAXDC2",-0.148062094545055,0.0918021570868119,0.106779501752416,-0.327991016138295,0.0318668270481846,5,2.04195043520292e-06,0.00396894364986844,0.461002188251675
"1679","Lamp5","CSMD2",0.107667850097282,0.0641777137246113,0.0934151149826059,-0.0181181574130784,0.233453857607642,7,0.0132389506866732,51.5240285981021,0.435876457306665
"1680","Lamp5","UTP15",-0.0667186908676259,0.063395457740938,0.292606583939092,-0.190971504823295,0.0575341230880436,7,0,0,0.682733495098315
"1681","Lamp5","SDK2",-0.0140269086322312,0.0776890844290884,0.856719345527026,-0.166294716105136,0.138240898840673,7,0.0102379899873131,25.593378365197,0.963462311858031
"1682","Lamp5","ZNF451",0.0789123971758004,0.0298412623732684,0.0081834563372567,0.0204245976709841,0.137400196680617,7,3.79286936313827e-06,0.0547325774571854,0.150328399543524
"1683","Lamp5","SPAG8",-0.166058964841632,0.220934143482296,0.4522784037248,-0.599081929022136,0.266963999338872,5,0.163841513648606,74.3180948098871,0.7951327390625
"1684","Lamp5","HTATIP2",0.0766190859310788,0.0729487999261258,0.293574148056593,-0.0663579346395458,0.219596106501703,6,1.07649024476962e-06,0.00302352831454537,0.68384363782797
"1685","Lamp5","FOXJ2",0.0537871544835275,0.0838572127013909,0.521254016302178,-0.110569962255113,0.218144271222168,7,0.0190221411039374,45.3474901191096,0.831046097981303
"1686","Lamp5","TMEM151A",-0.132151934081639,0.0566320924637288,0.0196210423536526,-0.24314879567969,-0.0211550724835887,7,0,0,0.224415510465475
"1687","Lamp5","SELENOI",0.0259252025886425,0.0324366657716016,0.424141935517369,-0.0376494941022597,0.0894998992795447,5,0.00030722622892059,5.16385103542367,0.778050998360332
"1688","Lamp5","EDARADD",0.241729725634517,0.179470442191368,0.178010670017806,-0.110025877350042,0.593485328619075,5,0.0810129302717273,56.4093077524822,0.570425938569921
"1689","Lamp5","CDC27",0.0480561071018778,0.0316310757067413,0.12869484441746,-0.013939662075595,0.110051876279351,7,0.00166448474826332,25.0436087416282,0.493605402305453
"1690","Lamp5","VPS35",0.0125673149480918,0.0348278949864703,0.718218686984587,-0.0556941048827331,0.0808287347789167,7,0,0,0.914812789184011
"1691","Lamp5","TAF12",-0.052034291111565,0.0462940498896951,0.261015050827731,-0.142768961593868,0.0387003793707379,7,0.00111508589774414,6.89114325474481,0.65176375101802
"1692","Lamp5","ZNF740",-0.00986542178900323,0.0548376885228101,0.85722933398999,-0.117345316289136,0.09761447271113,7,1.39647277953375e-06,0.00579919591330702,0.963587330123723
"1693","Lamp5","UXS1",0.0510039533621551,0.0708342780752265,0.47149654532226,-0.087828680536184,0.189836587260494,7,0.0202738419748105,69.6957257632124,0.805633259824104
"1694","Lamp5","ZNF10",0.0320519859963262,0.0690691623494279,0.642607346735207,-0.103321084650902,0.167425056643555,5,1.26857568814544e-06,0.00402356655190751,0.886703736972112
"1695","Lamp5","ZNF423",0.0950770925489631,0.215574394375621,0.659183496354764,-0.327440956416287,0.517595141514213,5,0.0933475562623666,43.505014751321,0.892964921996311
"1696","Lamp5","ADCK2",0.121848341920843,0.14267763827362,0.393098625118761,-0.157794690494686,0.401491374336372,6,0.0670067757430012,63.3631093210535,0.758726026112857
"1697","Lamp5","INTS4",-0.000379519112771442,0.0349487243622481,0.991335692654548,-0.0688777601683952,0.0681187219428524,7,0.000381496697363874,4.00111083016712,0.998654866216999
"1698","Lamp5","PIEZO1",0.0125883835382647,0.117632698819589,0.914777617494514,-0.217967469552377,0.243144236628907,5,0.0110200056070187,15.2595544288022,0.980734315041589
"1699","Lamp5","SGSM2",-0.0650342380672942,0.0358343825577638,0.0695460681012596,-0.135268337288741,0.00519986115415309,7,0.00171273489323234,19.770678443997,0.382863937404919
"1700","Lamp5","PLS3-AS1",0.16586615013854,0.11075673227494,0.134244558646538,-0.0512130561656877,0.382945356442768,6,6.06563136064258e-07,0.000732112368389322,0.504296621235883
"1701","Lamp5","MGAT5B",-0.0530461625767671,0.0398791105882754,0.18346089458218,-0.131207783065277,0.0251154579117426,7,9.10121892638853e-07,0.00719071735209785,0.575973257025563
"1702","Lamp5","NOCT",0.013551264900263,0.110712803246995,0.902582111310522,-0.203441842091316,0.230544371891842,6,0.0410534456381095,65.3710693143745,0.978158538211376
"1703","Lamp5","CHPF",0.0155821787526583,0.0645821034764601,0.809340404859909,-0.110996418107042,0.142160775612359,7,2.04070663331342e-07,0.000622814081459588,0.947571963853868
"1704","Lamp5","DGKE",-0.0104619007671293,0.0291045336000206,0.719251378677041,-0.0675057384100056,0.046581936875747,7,0.000716551340719229,11.6817805103723,0.915104576999517
"1705","Lamp5","NPAT",0.0475807563346573,0.0388747603921392,0.220971154510292,-0.0286123739415596,0.123773886610874,7,0.00237607541153386,23.7079970958214,0.611688037855222
"1706","Lamp5","PLA2G12A",-0.023780523205395,0.0342513850098284,0.487497997563457,-0.0909120042452736,0.0433509578344837,7,8.704354243808e-06,0.0912536651225257,0.814568938477273
"1707","Lamp5","PPOX",-0.0195828488459945,0.0588744271917149,0.739420671576207,-0.134974605752181,0.0958089080601924,6,0.00549055833083954,27.7818344945357,0.922461680774363
"1708","Lamp5","MLYCD",-0.155950572359879,0.0537061557958235,0.00368693461673857,-0.26121270346779,-0.0506884412519678,6,4.49056015392656e-07,0.00215607482788662,0.102367773426522
"1709","Lamp5","LINC02241",0.0630984633937609,0.0522215831495257,0.226938335076775,-0.0392539587949733,0.165450885582495,5,0,0,0.618207929445248
"1710","Lamp5","FAR2",0.000744025111443836,0.0292042991927512,0.979674843987126,-0.0564953495000807,0.0579833997229684,7,0,0,0.997093441046833
"1711","Lamp5","TSEN54",0.0581439913534624,0.0478536702019303,0.224351888428484,-0.0356474787703786,0.151935461477303,7,0,0,0.615080495135071
"1712","Lamp5","DNMBP",0.151488694796734,0.0827957224650969,0.0672995790853222,-0.0107879393088293,0.313765328902298,7,0.0237559469911739,60.5909238391575,0.377815574346551
"1713","Lamp5","DCLRE1A",-0.0141949258093635,0.0681191181951312,0.834929245882614,-0.147705944130448,0.119316092511721,7,0,0,0.957418626091684
"1714","Lamp5","CNPPD1",-0.0296850765726717,0.0720023648084911,0.680134800434847,-0.170807118399028,0.111436965253685,6,1.79198577160177e-06,0.00524379130573577,0.901733822525915
"1715","Lamp5","LAMTOR3",0.117567645613229,0.069213166563898,0.0893886900686451,-0.0180876681079831,0.253222959334441,7,0.00974632965189378,32.4428831204714,0.427253180441225
"1716","Lamp5","PCBP1",0.123386335942206,0.0674501967539727,0.0673553645377412,-0.00881362044572123,0.255586292330133,7,1.24937575610199e-06,0.00341398827680607,0.377815574346551
"1717","Lamp5","BCL7A",-0.0725648261372031,0.0358341739824712,0.0428655766841567,-0.142798516558589,-0.00233113571581732,7,0,0,0.31276963487848
"1718","Lamp5","CDK5R2",-0.118017259729081,0.0868924771822121,0.174400605828319,-0.288323385533685,0.0522888660755231,5,7.0061014869399e-08,0.000172155535180696,0.565544848484534
"1719","Lamp5","COX6B1",-0.0594236943436891,0.094014089581368,0.527339686593386,-0.243687923962493,0.124840535275114,6,0.0154338586757512,30.7278329884218,0.834322309829333
"1720","Lamp5","ZNF608",0.0203185632088677,0.0460275453070042,0.658891916717706,-0.0698937678896462,0.110530894307382,7,0.00480003425132034,35.856277210468,0.892964921996311
"1721","Lamp5","SLC4A4",0.0130396854621253,0.069410906689412,0.850984677078355,-0.123003191783393,0.149082562707643,7,0.00874494732554774,28.0955312569317,0.960721774113098
"1722","Lamp5","KDM3A",0.178227436023318,0.0537917370901717,0.000922064761479948,0.0727975686607341,0.283657303385902,7,0.00307737699543711,15.1383254825316,0.054585113815654
"1723","Lamp5","PALM",0.0253580503727817,0.0513547120678672,0.621459899960688,-0.0752953357166624,0.126011436462226,7,0.00497496739024148,29.6848409890783,0.877933018781526
"1724","Lamp5","KCNJ6",0.094221335979623,0.0349160239535816,0.0069650068873078,0.0257871865472651,0.162655485411981,7,4.97638941732367e-06,0.0523435403932458,0.14049441173522
"1725","Lamp5","GRIK5",-0.0670621984018389,0.0326481816017638,0.0399672927982601,-0.131051458502019,-0.0030729383016586,7,2.26638915048441e-06,0.0267001225243754,0.305843499326131
"1726","Lamp5","PRDM5",-0.0495488884535907,0.0526514968089865,0.346667583246654,-0.15274392593133,0.0536461490241485,7,0.00544228962190221,30.6331166871148,0.727134052964415
"1727","Lamp5","HRH3",0.105709450388432,0.0590181585869075,0.0732717400812353,-0.00996401487578011,0.221382915652644,7,0,0,0.390837082797276
"1728","Lamp5","RPL4",-0.00556208812926459,0.0583857790604335,0.924104792599612,-0.119996112297027,0.108871936038498,7,0.00399105784039011,16.8445760310617,0.98245099701607
"1729","Lamp5","PRRT4",-0.0846186872788373,0.062291027173331,0.174323781607604,-0.206706857098572,0.0374694825408974,7,0,0,0.565544848484534
"1730","Lamp5","GFRA1",-0.0286778051226051,0.114906130369645,0.802915309503385,-0.253889682249973,0.196534072004763,6,0.0237414850125409,32.1505847138733,0.945271134706732
"1731","Lamp5","DPY19L2",0.0196744877603636,0.0359498869628394,0.584189561064833,-0.0507859959350876,0.0901349714558148,7,1.13498869670379e-06,0.011378038113259,0.859312277671569
"1732","Lamp5","ZNF415",-0.041957435970067,0.0512195709602323,0.412690541985511,-0.142345950355716,0.0584310784155819,7,0,0,0.771625852727355
"1733","Lamp5","CDIP1",0.00951888011887029,0.0410657978411795,0.816696606940059,-0.0709686046462442,0.0900063648839848,7,0,0,0.95036243284968
"1734","Lamp5","ARRDC4",0.0783479209695405,0.0780716924672903,0.315601284820605,-0.0746697844784355,0.231365626417517,6,0.0104280972448758,30.247811221555,0.701147271998814
"1735","Lamp5","ALDH5A1",-0.032806666559413,0.0426880901525723,0.442178097423009,-0.116473785827254,0.0508604527084278,6,0.00201402852771691,18.4418922050925,0.789483969423664
"1736","Lamp5","ZNF568",0.0448807500433839,0.0334966388117689,0.180291412460937,-0.0207714556308297,0.110532955717598,7,4.59480372564072e-06,0.0510310324410439,0.572750900978019
"1737","Lamp5","NDST1",-0.0294769027259644,0.0487797086889665,0.545653407874483,-0.125083374932694,0.0661295694807653,7,0.00354109317636181,22.3644372543281,0.843410767063583
"1738","Lamp5","PAIP2B",0.168916923571253,0.0650960807655666,0.00946222344701667,0.0413309497360315,0.296502897406474,7,6.38030472691397e-06,0.0185582486374236,0.160281487539479
"1739","Lamp5","RTN4RL2",0.157279185992041,0.100298930030725,0.11685678732136,-0.0393031045560834,0.353861476540165,5,3.03682154781649e-06,0.00574152293670865,0.473561011652999
"1740","Lamp5","PCCA",0.0305209891484661,0.0442884215131315,0.490734227589687,-0.0562827219494006,0.117324700246333,6,0.0041990229743369,39.3461277826721,0.815933061061596
"1741","Lamp5","MCRS1",-0.0894460444024367,0.0855568518809782,0.295811616940371,-0.257134392719782,0.0782423039149084,7,0.0199823074118871,44.1758568315691,0.686247051424637
"1742","Lamp5","PCYOX1L",-0.108527561489011,0.0675235261324038,0.107998322843989,-0.240871240817671,0.02381611783965,7,0.00422321357804889,13.026293739219,0.462647066984863
"1743","Lamp5","PROCA1",0.0433745446116458,0.101604967808024,0.669456582620294,-0.155767532942432,0.242516622165724,6,3.47751373020632e-06,0.00473261087360759,0.897939801655013
"1744","Lamp5","CALCOCO2",0.0326206303390829,0.0353422826680061,0.356011578142101,-0.0366489708216431,0.101890231499809,7,9.17154601979432e-07,0.0089536353170273,0.732294203682725
"1745","Lamp5","SLC39A8",0.09373648634499,0.106673705986654,0.37955226062918,-0.115340135486266,0.302813108176246,5,1.28774650039277e-06,0.00203096777255032,0.749678608577033
"1746","Lamp5","ADCY2",0.096402477784655,0.0651937390610839,0.139218478724877,-0.0313749027925715,0.224179858361881,7,0.0160775058037819,62.1814734313887,0.513314608610651
"1747","Lamp5","NPR2",-0.0189127168191327,0.0801960921824423,0.813563887430029,-0.176094169197574,0.138268735559308,7,0.0142139842781326,35.8513294143044,0.948840504171613
"1748","Lamp5","PRELID3A",-0.0472106728422683,0.0596267006983901,0.428494406332802,-0.164076858728062,0.0696555130435257,6,0.00779351205177218,40.0270552270452,0.780942735653234
"1749","Lamp5","CCDC47",-0.0445286880700084,0.0636250524540853,0.484014162043241,-0.169231499394487,0.0801741232544705,7,0.00900827750989513,36.4532749702738,0.812496136694637
"1750","Lamp5","SLBP",0.0449527226226088,0.0429598983067146,0.295381924882202,-0.0392471308380551,0.129152576083273,7,1.47185560883371e-09,9.78239150237469e-06,0.685916978575971
"1751","Lamp5","EHD1",-0.160148986346392,0.0535508925060604,0.00278435272619492,-0.265106806998246,-0.0551911656945381,6,0,0,0.0889743697013272
"1752","Lamp5","ANAPC7",-0.184722872164242,0.0417709204469058,9.76629771197604e-06,-0.266592371841265,-0.102853372487219,7,0,0,0.00834251102410868
"1753","Lamp5","CHRM5",-0.155498349688384,0.0711932798313731,0.0289496308891105,-0.295034614099157,-0.0159620852776114,7,5.36960752618794e-06,0.0130366344927254,0.265227822244642
"1754","Lamp5","SLC25A40",0.0519554703512505,0.0682836950518667,0.44673073588732,-0.0818781126817242,0.185789053384225,6,0.014979372145506,63.0339220482704,0.790888655881045
"1755","Lamp5","NLE1",-0.227013847079542,0.118991019430148,0.0564140498350613,-0.460231959646338,0.00620426548725386,6,0.0229899165907747,28.5696759776313,0.350214090220282
"1756","Lamp5","STEAP3",0.0413000719823394,0.0696359521449548,0.553123948420561,-0.0951838862509268,0.177784030215606,7,0,0,0.847358654329107
"1757","Lamp5","EFNB2",-0.0990562849903174,0.0556801976026312,0.0752361890839625,-0.208187466943548,0.0100748969629132,7,1.80068606310093e-06,0.00764124738393177,0.396540143347337
"1758","Lamp5","GOLT1B",-0.0788902609546496,0.0437661241690567,0.0714602305313585,-0.164670288068909,0.00688976615960947,7,9.20728269211098e-07,0.00594933651779257,0.387043884476683
"1759","Lamp5","ZNF66",0.0149169070145671,0.0438551532893008,0.733750839466094,-0.0710376139689457,0.10087142799808,7,0,0,0.920044423350121
"1760","Lamp5","GRAMD4",-0.135787131124125,0.0390142810812127,0.000500578160214788,-0.212253716926024,-0.0593205453222256,7,0,0,0.0450106332181102
"1761","Lamp5","GAL3ST3",0.00724224376662476,0.0737777224868352,0.921802849395284,-0.137359435168963,0.151843922702213,6,0,0,0.982375103729229
"1762","Lamp5","ANKRD16",0.0579734779376943,0.0546989368341793,0.28920610994567,-0.0492344682499284,0.165181424125317,7,0.0079237890513143,44.5489919187112,0.679242595612287
"1763","Lamp5","CXXC4-AS1",-0.0318158736513474,0.0515969186599945,0.537483076660854,-0.132943975938179,0.0693122286354845,5,0,0,0.83913317412365
"1764","Lamp5","PFKFB1",0.0959344598267331,0.138439050581731,0.488326787598202,-0.175401093367377,0.367270013020844,5,0.0248858020958286,26.5396718142167,0.814652322725058
"1765","Lamp5","GABRD",-0.194051514277147,0.0509262330138026,0.000138717926098967,-0.293865096852495,-0.0942379317017992,7,0,0,0.0251144329005997
"1766","Lamp5","ITGA10",0.0231671592482854,0.155055110969122,0.881228212578158,-0.280735273870056,0.327069592366627,5,0.0462437303887103,39.5764474217019,0.972169230111958
"1767","Lamp5","DDX25",-0.000267209075172227,0.0412465706263812,0.994831073200702,-0.081109001988667,0.0805745838383226,7,0.00143667150610288,11.6936754442562,0.998808560940909
"1768","Lamp5","BAALC",-0.0258824843166313,0.0385537278201168,0.502006854490416,-0.10144640231382,0.0496814336805576,7,0.00015677053569033,1.34018420809481,0.822107574858433
"1769","Lamp5","SMOX",-0.187144380256797,0.0593349330840924,0.00161030473467557,-0.303438712126712,-0.0708500483868816,7,0,0,0.0709709000283925
"1770","Lamp5","DIRC3",0.153104102011211,0.0521069970590685,0.00330056074118471,0.050976264432902,0.25523193958952,7,1.81799292359724e-06,0.00881516703272694,0.0968978980799766
"1771","Lamp5","ZNF530",0.132378094327266,0.169393622609358,0.434518964468917,-0.199627305197846,0.464383493852378,6,0.0962395912597556,62.5401286361393,0.783680562952395
"1772","Lamp5","LARGE1",0.0734799777936742,0.0451964475459815,0.103994122916265,-0.0151034316256033,0.162063387212952,7,0.00280300933440485,20.0818299059887,0.455085911390479
"1773","Lamp5","COL9A3",-0.122691340745146,0.104632327581913,0.240958268542079,-0.327766934424293,0.0823842529340012,6,0,0,0.632489010863634
"1774","Lamp5","RCSD1",0.180912670998357,0.257379409178953,0.482116414179307,-0.323541701354589,0.685367043351303,5,0.224161296638881,72.0020308457948,0.811720289507115
"1775","Lamp5","STAB2",-0.00145857477390749,0.089468386816691,0.986992916878191,-0.17681339068952,0.173896241141705,5,4.74335123435747e-06,0.0102408027761238,0.997442851983139
"1776","Lamp5","VDAC3",-0.0123615774510855,0.0397074258774967,0.755560013372985,-0.0901867020897728,0.0654635471876019,6,0,0,0.926555528105898
"1777","Lamp5","C16orf95",0.0370761120693799,0.0581082546951593,0.523439562712733,-0.0768139743376127,0.150966198476373,7,6.72045014845008e-09,2.54595109222496e-05,0.832258470458554
"1778","Lamp5","EZH1",-0.0248619862114067,0.0296117578264748,0.401133564086512,-0.0828999650702194,0.0331759926474059,7,0,0,0.763635194668991
"1779","Lamp5","ADPRHL1",-0.0295412638532305,0.0660326949801883,0.654605559378335,-0.158962967816518,0.0998804401100573,7,3.2863320239351e-06,0.00959525126885898,0.891493106653993
"1780","Lamp5","PPP4R4",0.0891738895112153,0.0443041760423164,0.0441393703835492,0.00233930010355288,0.176008478918878,7,1.33210017679404e-06,0.00849840952938372,0.317621447622866
"1781","Lamp5","RNGTT",0.0312111415808097,0.027564769705567,0.257515147920703,-0.0228148142842424,0.0852370974458617,7,0,0,0.64851427145998
"1782","Lamp5","CYB561D1",0.0184105998302617,0.0674202829834007,0.784797774985439,-0.113730726644702,0.150551926305226,7,0.00716258503103418,23.5559988614292,0.93807062379319
"1783","Lamp5","WWC3",-0.0248405518600327,0.0400279313186944,0.534875702278116,-0.103293855620317,0.0536127519002511,7,0,0,0.838235948570828
"1784","Lamp5","ASB6",-0.0226781253329475,0.0641277047159274,0.723608648486692,-0.148366116987385,0.10300986632149,6,0,0,0.916541762286275
"1785","Lamp5","ZBTB18",0.0145554383280493,0.0588188471351746,0.804550581206199,-0.10072738366906,0.129838260325159,7,0,0,0.945989699577391
"1786","Lamp5","HACL1",0.026728806246134,0.02623581009806,0.308302216720361,-0.0246924366512959,0.0781500491435639,7,0,0,0.696394528456476
"1787","Lamp5","LINC01807",0.084514895861042,0.0829703982688943,0.308385759461491,-0.0781040965289353,0.247133888251019,5,0,0,0.696394528456476
"1788","Lamp5","ATP6V0E2",-0.0745587194993352,0.0594100340272755,0.209484095625193,-0.191000246513094,0.0418828075144239,7,0.00656569175681048,29.5237493655282,0.599470244150471
"1789","Lamp5","CCR10",-0.0114445268466458,0.153105151501615,0.940414057193469,-0.31152510963736,0.288636055944069,6,0.0725136729208309,61.5511809038894,0.987071639145024
"1790","Lamp5","FAM227A",-0.00777404031235872,0.080921851547622,0.923466174643795,-0.166377954907995,0.150829874283277,6,9.84542570331587e-07,0.00218773497789357,0.982375103729229
"1791","Lamp5","MCF2",0.0981055826001936,0.0377660418626968,0.00938451251303772,0.0240855007106759,0.172125664489711,7,5.90604521377818e-06,0.0521608364121773,0.159190617224707
"1792","Lamp5","RILPL1",-0.0545393781660933,0.0396420661172899,0.16888493949012,-0.132236400028737,0.0231576436965504,7,4.46912321045672e-06,0.0338504782763075,0.557003582835726
"1793","Lamp5","RNF14",-0.108288234685806,0.0662652739290458,0.102224705832325,-0.238165785012417,0.0215893156408047,7,0.0141588069261079,54.5440031034119,0.45322728894802
"1794","Lamp5","ORAI2",-0.140072213645853,0.0509544777668558,0.00597832767621211,-0.239941154919938,-0.040203272371769,7,1.37505309690224e-06,0.0064196631586867,0.130942895017987
"1795","Lamp5","BAG5",0.0439157470996354,0.0551265857628808,0.425663260738636,-0.0641303755862696,0.15196186978554,7,0.003583021724236,16.9523386427077,0.778374496725226
"1796","Lamp5","CLOCK",0.0694180783970733,0.0270656405948939,0.0103233935436421,0.016370397612576,0.122465759181571,7,1.45057757677623e-06,0.0249489057784543,0.167286535756661
"1797","Lamp5","PLPPR5",-0.023913551069678,0.0422737807036387,0.571609422699273,-0.106768638739154,0.0589415365997981,7,2.79774419981429e-08,0.00020509925449932,0.855339975733309
"1798","Lamp5","TOB2",0.0198149502467275,0.0428709636874492,0.643938056626324,-0.0642105945631974,0.103840495056652,7,0,0,0.886929185222919
"1799","Lamp5","ACSL1",-0.0689888272079135,0.035999670983119,0.0553175299706925,-0.139546885790118,0.00156923137429146,6,0,0,0.348723719878398
"1800","Lamp5","ENTPD1",0.0640461445618992,0.0831024456180367,0.440891266067979,-0.0988316558766511,0.22692394500045,6,1.66293616780237e-07,0.000349895082519321,0.78860584069802
"1801","Lamp5","ZNF507",0.0558448646668633,0.0314878278440754,0.0761395723101581,-0.00587014385892189,0.117559873192649,7,0,0,0.399669497716042
"1802","Lamp5","ZBTB10",0.0207227917514833,0.0484485352652725,0.668849212153109,-0.0742345924721696,0.115680175975136,7,0,0,0.897891293405697
"1803","Lamp5","ASPHD2",-0.0216377313835363,0.0537618962210824,0.687335685144236,-0.127009111717438,0.0837336489503652,6,4.56447406494836e-06,0.0228656175202016,0.903181005962289
"1804","Lamp5","MOB4",0.0561329850585641,0.0503999438168661,0.265386046993092,-0.0426490896453356,0.154915059762464,7,1.16488992758193e-06,0.00545499917599804,0.654477926053113
"1805","Lamp5","SMIM29",0.0288766743615263,0.0603521137334322,0.632315739375237,-0.0894112949468659,0.147164643669919,5,1.92608306676233e-06,0.008541370458998,0.882993296421211
"1806","Lamp5","ABRAXAS2",-0.019890378532564,0.0360344704050743,0.580960695420251,-0.0905166427284841,0.0507358856633562,5,0,0,0.858378677238391
"1807","Lamp5","SLC25A19",0.0105303514549375,0.0949097896226172,0.911655074512107,-0.175489417985666,0.196550120895541,5,5.34431915840183e-07,0.00108288801553201,0.980489742157131
"1808","Lamp5","ARAP3",-0.115691122278102,0.12418915531018,0.351557831961428,-0.359097393956506,0.127715149400301,6,2.21411070057947e-07,0.000217995177946762,0.729691855166932
"1809","Lamp5","TBC1D8",0.0241341042941621,0.0357998949991447,0.500222966656651,-0.0460324005544771,0.0943006091428014,7,0.000760139679639156,7.90838161994121,0.821839051826747
"1810","Lamp5","IGSF21",-0.0629931296865625,0.175645014866992,0.719865264416613,-0.407251032889869,0.281264773516744,6,0.109398725964697,66.7480590003256,0.915252891469092
"1811","Lamp5","BRD3",-0.0784539871075443,0.0379092543568849,0.0384972496822813,-0.152754760327807,-0.00415321388728182,7,0,0,0.301301445648169
"1812","Lamp5","EMB",-0.0933229093852292,0.0778459095897098,0.230599562511925,-0.245898088524822,0.0592522697543632,7,0.00378188261778245,8.53653020255429,0.622173557622513
"1813","Lamp5","PCSK6",0.0327465750073775,0.044072632944046,0.457473318288235,-0.0536341982668062,0.119127348281561,7,2.35820297769942e-06,0.0138991862020291,0.798045646246186
"1814","Lamp5","WDR49",-0.196049425133253,0.111211984583979,0.0779267352577294,-0.414020909567076,0.0219220593005697,6,6.03301930712093e-07,0.000734938253152126,0.403955711723964
"1815","Lamp5","DBR1",-0.00711795201407314,0.0601347902205714,0.905777171197215,-0.124979975064265,0.110744071036118,7,0.0014185305763023,5.08148162409349,0.979410581352243
"1816","Lamp5","SDE2",-0.0704565074200641,0.0635828816618161,0.267816483155659,-0.195076665510496,0.0541636506703676,7,5.39321444422907e-06,0.016893210256283,0.65698816862739
"1817","Lamp5","ADD3-AS1",0.281371660888231,0.0969516172254752,0.00370568023149065,0.0913499828833864,0.471393338893075,5,0.0147114973907066,32.754472056578,0.102367773426522
"1818","Lamp5","CBX4",-0.000210937484815596,0.0664673116728099,0.997467875927526,-0.130484474512722,0.130062599543091,6,0,0,0.999557426530693
"1819","Lamp5","KLHL35",-0.00261111424506646,0.0722803346373729,0.971182829903646,-0.14427796692482,0.139055738434687,6,8.73052361895386e-08,0.000247379027576833,0.996343438519147
"1820","Lamp5","SNHG21",0.00526914720405173,0.124599578239985,0.966268597981559,-0.2389415386352,0.249479833043304,6,0.0130002181111561,13.6038849666685,0.994629554420852
"1821","Lamp5","PSMB2",0.00713001660020382,0.0388149799904987,0.854254776031244,-0.0689459462418165,0.0832059794422241,7,0.000956771169511319,8.48916443998503,0.961977979343438
"1822","Lamp5","SAV1",0.0999773758964371,0.0467584129273611,0.0325030521607736,0.00833257058455718,0.191622181208317,7,6.59285437946565e-07,0.0035491637097232,0.280676130976357
"1823","Lamp5","LPAR1",-0.255357152910064,0.114097263791063,0.0252167822458637,-0.478983680675115,-0.0317306251450137,6,0.0158534911321191,20.4683558754778,0.250545956095864
"1824","Lamp5","PCGF2",0.10344052801495,0.0556471449423507,0.0630462815101292,-0.00562587191453726,0.212506927944438,7,0,0,0.368689721554834
"1825","Lamp5","ATCAY",-0.045151223496667,0.0278307798943512,0.104728753485879,-0.0996985497512569,0.00939610275792282,7,0,0,0.456100205002778
"1826","Lamp5","ERMAP",-0.101646351126817,0.0918141125640736,0.268255653095714,-0.281598705024908,0.0783060027712732,6,9.77716771365329e-07,0.00171957828024502,0.657660794459133
"1827","Lamp5","TBCC",0.00836701937542521,0.0946447387905478,0.929555196869356,-0.17713325998025,0.1938672987311,5,0.00876481602547665,19.3512031686853,0.984673393915223
"1828","Lamp5","DLGAP1",0.0617672973237917,0.0342825953148224,0.0715910323673976,-0.00542535478982186,0.128959949437405,7,0,0,0.387226212610451
"1829","Lamp5","C12orf60",0.149989550039851,0.151477323020047,0.322087003429252,-0.146900547553981,0.446879647633684,6,0.0668485673119568,52.7712320096087,0.706734763099365
"1830","Lamp5","FTSJ3",-0.0785698495892569,0.0662101020596109,0.235355978521416,-0.208339265038816,0.0511995658603017,5,6.26679994712637e-06,0.0245057998872264,0.625332625447147
"1831","Lamp5","DCTN5",0.0040387385803713,0.032517924216685,0.90115662049994,-0.0596952217363342,0.0677726988970768,7,0,0,0.977956078464346
"1832","Lamp5","RBM48",-0.0320883757849004,0.047861436482398,0.502575288190727,-0.125895067538752,0.061718315968951,7,0,0,0.822278216591144
"1833","Lamp5","IGSF22",0.0475641801531297,0.0853156985653493,0.57718042933972,-0.119651516350831,0.21477987665709,6,1.4941598284959e-06,0.00280105342756092,0.857671876115575
"1834","Lamp5","LYRM7",0.0695747585136151,0.0684087294038066,0.309132006603715,-0.0645038873459921,0.203653404373222,6,0.0156000300973717,63.8022005314505,0.696879927838551
"1835","Lamp5","AMOTL2",0.259440616817484,0.254653400822523,0.3082984253559,-0.239670877335303,0.758552110970272,6,0.270063952835695,82.298181276794,0.696394528456476
"1836","Lamp5","FUBP1",0.0395300313645146,0.0381224709454296,0.299772178899961,-0.035188638690202,0.114248701419231,7,0.00325406962735479,36.4233612408671,0.689823538523001
"1837","Lamp5","EPB41L4A",0.057456713712424,0.0993617069318386,0.563089865711813,-0.137288653316403,0.252202080741251,5,2.369658836057e-07,0.00042623868847349,0.852935819308762
"1838","Lamp5","XRCC5",-0.00877358213226387,0.024027291476219,0.714998922023477,-0.0558662080716994,0.0383190438071716,7,0,0,0.914305209849174
"1839","Lamp5","CIB4",-0.0848319289884311,0.0901436836468963,0.346666642586198,-0.26151030237012,0.0918464443932579,6,0.00155605964296261,2.90580396200182,0.727134052964415
"1840","Lamp5","LRP5L",0.181897955463478,0.125857980262575,0.148383862863002,-0.0647791530181226,0.428575063945078,5,0,0,0.5270337439794
"1841","Lamp5","CCDC170",0.0843639498757652,0.0707965245778915,0.233402548219846,-0.0543946885275068,0.223122588279037,7,2.58873687759542e-06,0.00661755206921987,0.623519319975768
"1842","Lamp5","FIGN",0.0883145175932081,0.0457549893480174,0.0535868337024509,-0.00136361364191975,0.177992648828336,7,2.73573547045424e-06,0.0170462518046974,0.344725628965901
"1843","Lamp5","EHD3",-0.0640790136252214,0.0488516846976168,0.18961958855553,-0.159826556216657,0.0316685289662139,7,0,0,0.583096081135402
"1844","Lamp5","SAXO2",0.216249664127033,0.0915502909169625,0.0181724240533589,0.0368143911556225,0.395684937098444,7,0.0226738544638792,42.9997679302539,0.215599225450515
"1845","Lamp5","DECR2",-0.00454504337244481,0.0821584046231297,0.955883136842395,-0.165572557461048,0.156482470716158,5,1.15844201189369e-06,0.0032602747574897,0.992625038162505
"1846","Lamp5","CLUH",-0.0211766548448936,0.0427437697299181,0.62029482274283,-0.104952904079006,0.0625995943892191,7,0,0,0.87748384928008
"1847","Lamp5","FLOT1",-0.0744987012620482,0.0352758749665494,0.0346960466009294,-0.143638145719623,-0.00535925680447326,7,0.000784356110561894,8.55528808019442,0.287703178241735
"1848","Lamp5","ZHX2",-0.0452205308209585,0.0639421472071706,0.479435937504798,-0.170544836441171,0.0801037747992543,7,0.0114694880150739,45.8922427587618,0.810399205175954
"1849","Lamp5","NAGA",-0.251172209438078,0.0829176497936765,0.00245221243034447,-0.413687816716389,-0.0886566021597674,6,0,0,0.0833125240184361
"1850","Lamp5","ECD",0.00424575004413033,0.0328292636209956,0.897097947039503,-0.0600984242919921,0.0685899243802527,7,0,0,0.976551460826999
"1851","Lamp5","MOSPD1",-0.0089109230705488,0.0838390567264902,0.9153553909079,-0.17323245475228,0.155410608611183,7,0.0213428574383338,51.1588356101485,0.980734315041589
"1852","Lamp5","FZR1",-0.0620800510054263,0.0397289668719247,0.118149271246908,-0.139947395217384,0.0157872932065311,7,0,0,0.475075320016034
"1853","Lamp5","EFNA3",0.103461430604705,0.0995927964459044,0.298877053313555,-0.0917368635488962,0.298659724758306,7,0.0261728331199851,41.7814695048629,0.688669251234218
"1854","Lamp5","HRK",0.00221041880642933,0.0759583250211991,0.976784504548273,-0.146665162561109,0.151086000173967,7,0,0,0.997093441046833
"1855","Lamp5","SLC35B4",-0.0712607419555157,0.0379432044178931,0.0603688931425581,-0.145628056072627,0.00310657216159584,7,0,0,0.362972143334264
"1856","Lamp5","SF3B4",0.0300977961229021,0.0706352612126896,0.670033831869414,-0.108344771892548,0.168540364138353,5,5.61201894775915e-06,0.0201011668190004,0.898216865810935
"1857","Lamp5","BRD2",0.00522716327457357,0.0358747456081049,0.884153537621478,-0.0650860460718485,0.0755403726209957,7,0,0,0.973192565272888
"1858","Lamp5","MAPK7",-0.0209993068065857,0.123207890703018,0.864665687515774,-0.262482335195648,0.220483721582476,5,0.0156393359941169,20.494081447899,0.966846072686111
"1859","Lamp5","PER2",-0.0367567578273113,0.118312520662818,0.7560476051019,-0.268645037246586,0.195131521591964,7,0.0412820412052261,47.490935043077,0.926555528105898
"1860","Lamp5","ARHGAP12",0.0550596233890287,0.0353871634200124,0.119726928186754,-0.0142979424292289,0.124417189207286,7,0.000754869071285009,8.18979873574638,0.478707567430755
"1861","Lamp5","POLR1E",-0.0178541245510429,0.0755713895553961,0.813234742674263,-0.165971326341266,0.13026307723918,6,0,0,0.948815753829332
"1862","Lamp5","HELLS",0.0815770510435103,0.0543555188493626,0.133405926173958,-0.0249578082622284,0.188111910349249,7,2.15813886075261e-06,0.00934731246152539,0.503337448771391
"1863","Lamp5","PNRC2",0.0211435265068026,0.104182019977272,0.839175721931389,-0.183049480485282,0.225336533498887,7,0.0365715795742444,55.7737980802223,0.958356578693386
"1864","Lamp5","NOTCH2",-0.122143195349299,0.111974220199025,0.275354151925295,-0.341608634136345,0.0973222434377477,7,0.0378831504297112,49.9041973192244,0.664907607133436
"1865","Lamp5","WFS1",0.00179451572112971,0.0679894305869586,0.978943048230884,-0.131462319558695,0.135051351000955,5,2.25890502535122e-07,0.000896864645372809,0.997093441046833
"1866","Lamp5","USHBP1",-0.0220907808292371,0.159769492199039,0.890029739280441,-0.335233231367607,0.291051669709132,6,0.0854480957660839,63.1816895054688,0.975244527597324
"1867","Lamp5","LINC00658",-0.101199402145587,0.10894009695753,0.352917382135646,-0.314718068654647,0.112319264363473,6,1.47478121706769e-06,0.00182975918471993,0.730623184965952
"1868","Lamp5","POLR2F",-0.040564258171227,0.0384019645048363,0.290828047296441,-0.115830725536292,0.0347022091938377,7,0.000942770355520889,8.65542695942882,0.680628590637295
"1869","Lamp5","NUP210",-0.0434684181544954,0.0350119990202741,0.214410328438114,-0.112090675260984,0.0251538389519936,7,0,0,0.60503377012539
"1870","Lamp5","KCTD12",0.151165240061911,0.113179135429731,0.181670842160472,-0.0706617891817422,0.372992269305564,6,0.0151061388484822,19.8370442429054,0.574414962993401
"1871","Lamp5","SUPT16H",0.00911595786566668,0.0311219104492447,0.769589985297518,-0.0518818657449336,0.070113781476267,7,0,0,0.932100292964428
"1872","Lamp5","KCNT2",0.0994641860190426,0.0473143263147879,0.0355357427204669,0.00672981048928256,0.192198561548803,7,0.00409253047608064,27.515803333062,0.290275837467776
"1873","Lamp5","GEMIN2",0.0676034342615343,0.0494894089029746,0.171933244690249,-0.0293940248044718,0.16460089332754,7,0,0,0.56276410520658
"1874","Lamp5","ACOXL",0.0342998525687732,0.113190205151883,0.76186817935837,-0.187548872931617,0.256148578069163,5,0,0,0.927629969145464
"1875","Lamp5","AP2A1",-0.0682572768080005,0.0372713156825842,0.0670465068850571,-0.141307713202288,0.00479315958628741,7,0,0,0.377144485342614
"1876","Lamp5","GUCD1",0.0262963173108863,0.0706034105623644,0.709557020253509,-0.112083824577043,0.164676459198815,7,4.26951034700231e-07,0.00105086953247627,0.912274097920567
"1877","Lamp5","NFKBIE",-0.152770144302141,0.0957375721447737,0.110551821321102,-0.340412337673203,0.0348720490689201,6,0,0,0.464366405717271
"1878","Lamp5","DUSP3",0.0413171575888749,0.0482096767406237,0.391428094950081,-0.0531720725290658,0.135806387706816,7,0,0,0.757948281656092
"1879","Lamp5","CAPS2",0.042041759383244,0.0479018274965865,0.380125521497827,-0.051844097303716,0.135927616070204,7,0.00223425542852648,13.6661435682024,0.750399655264528
"1880","Lamp5","DNAJC8",-0.00202848922935544,0.04295326871995,0.962333510858456,-0.0862153489387283,0.0821583704800174,7,0,0,0.994163912108515
"1881","Lamp5","CASC3",-0.0332504345824389,0.02877084093311,0.247804261982924,-0.0896402466162654,0.0231393774513875,7,7.70954371205433e-07,0.0114134821972674,0.638821118571629
"1882","Lamp5","ARPC5L",-0.0734843452644931,0.0527182836277831,0.16334591540178,-0.176810282501716,0.0298415919727292,7,3.1115668844709e-09,1.3649158843316e-05,0.549649353486183
"1883","Lamp5","TRMT1L",0.134185932038078,0.0468153155060073,0.0041532309182921,0.0424295997214238,0.225942264354732,7,0.00143100778920551,8.83200560606213,0.109643462586877
"1884","Lamp5","ATF2",0.0865508993002865,0.0303762825344981,0.00438166435179381,0.0270144795484571,0.146087319052116,7,6.89758081323985e-07,0.00925160680765028,0.112602218202757
"1885","Lamp5","ANKRD33B",-0.03062225616298,0.195392812912234,0.87546433613215,-0.413585132308932,0.352340619982972,5,0.135516142678087,74.3651988592874,0.970043361049234
"1886","Lamp5","TRIM5",-0.131013618499324,0.174689951105547,0.453267960601974,-0.473399631127259,0.211372394128612,6,0.0687170446511948,42.2929102956942,0.795232079328724
"1887","Lamp5","CEP63",0.101899614231163,0.0511414143917329,0.0463154834916465,0.00166428390492779,0.202134944557398,5,3.07543431232155e-06,0.0177483747520855,0.323836123956005
"1888","Lamp5","MPP4",0.0922421620740518,0.0927221754637957,0.31982230899588,-0.0894899624031912,0.273974286551295,6,0,0,0.704062213401684
"1889","Lamp5","DEXI",-0.0626160915902224,0.0603868885038344,0.299775309783764,-0.180972218196174,0.0557400350157288,7,0.00196024482993401,6.93044213160536,0.689823538523001
"1890","Lamp5","PCDH8",-0.180958197949309,0.0751379171810651,0.016024929641518,-0.32822580949755,-0.0336905864010675,7,0,0,0.204091729055286
"1891","Lamp5","TMEM248",-0.0108272966724435,0.038364739129302,0.777774823690707,-0.0860208036421499,0.0643662102972629,7,0.00221587471999522,22.5367971815167,0.935120512712187
"1892","Lamp5","NATD1",-0.176501132660792,0.0940691030329271,0.0606151552891194,-0.360873186663316,0.00787092134173276,5,0.00121516828825184,2.5705060787204,0.363356712833373
"1893","Lamp5","ATR",-0.0747905939312363,0.0313193083546156,0.016940215829656,-0.136175310326987,-0.0134058775354853,7,0,0,0.207796316006413
"1894","Lamp5","VPS51",-0.0356377523521492,0.0332080659728192,0.283196844967215,-0.100724365655105,0.0294488609508065,7,0,0,0.673049340026877
"1895","Lamp5","COL7A1",-0.0711770079757968,0.0525018191252496,0.175192870416881,-0.174078682584122,0.0317246666325286,7,1.69382774897852e-06,0.00769547413486178,0.566864593429512
"1896","Lamp5","MRPS2",0.0490397193161623,0.0751898673502118,0.514264543692473,-0.098329712692597,0.196409151324922,5,0.000307287343379657,0.978137797778348,0.826624956722888
"1897","Lamp5","NAB1",0.0171229477964648,0.0714286074423328,0.81054643895135,-0.122874550256357,0.157120445849287,7,0.0115218573799377,35.8602371704262,0.948297482554282
"1898","Lamp5","FOCAD",0.0448507606628699,0.0387138519431028,0.246652011568508,-0.0310269948484275,0.120728516174167,7,0.00311386186267577,32.9289958128107,0.637913366424694
"1899","Lamp5","SLC39A10",0.0207886418821991,0.0320183709707637,0.516162376238302,-0.0419662120641405,0.0835434958285387,7,0,0,0.827895098904754
"1900","Lamp5","MRPS12",-0.0790492608878881,0.0914148758166473,0.387186547128933,-0.258219125139718,0.100120603363942,5,5.12037812126674e-06,0.011070010131008,0.755827226879962
"1901","Lamp5","PRKD2",-0.0223152749538501,0.0711130681839158,0.753673006786057,-0.161694327424466,0.117063777516766,7,1.20934008615238e-08,2.97697578841362e-05,0.926555528105898
"1902","Lamp5","CNOT1",-0.0340823276303174,0.0237290889696201,0.150914151553806,-0.0805904873967195,0.0124258321360847,7,2.28857206393579e-06,0.0473505469065721,0.530362942293128
"1903","Lamp5","SASS6",-0.055132702386328,0.0845849430199106,0.514528397512067,-0.220916144339725,0.110650739567069,7,0.0173318487791719,38.89852484221,0.826716383934247
"1904","Lamp5","PPFIBP1",0.0514369371855914,0.0763622623511678,0.500571338909383,-0.0982303468006964,0.201104221171879,7,0.0209493529107794,58.6409491416484,0.821845066799594
"1905","Lamp5","EI24",-0.0772798710301429,0.0408565050268519,0.0585583106843291,-0.157357149416952,0.00279740735666636,7,0,0,0.357419723652026
"1906","Lamp5","ATF1",0.0144505552122097,0.0347651395975833,0.677657188067802,-0.0536878663165608,0.0825889767409802,7,0,0,0.901357169625497
"1907","Lamp5","PSMG3",0.0141897602506574,0.064916713213931,0.826974052650499,-0.113044659643363,0.141424180144678,7,6.16692957076071e-07,0.00180204634200703,0.954612229309587
"1908","Lamp5","LINC02360",0.0450783180824663,0.111483723164698,0.685956189366433,-0.173425764182776,0.263582400347708,5,3.11980529460379e-06,0.00440862599305993,0.903181005962289
"1909","Lamp5","STAM",0.0361438588940658,0.0300527907950898,0.229100582578551,-0.022758528699227,0.0950462464873587,7,0,0,0.620850352829784
"1910","Lamp5","ZNF121",-0.0961844435724195,0.0420745154501196,0.0222513370490142,-0.178648978521628,-0.0137199086232111,7,0,0,0.235913209565378
"1911","Lamp5","DAZAP1",-0.0322460679790066,0.0386942586175497,0.404644340568915,-0.108085421277883,0.0435932853198694,7,0.00172851194700225,16.5551090803536,0.766619574934442
"1912","Lamp5","NIM1K",0.0133808762367201,0.0446937644185507,0.764642318772535,-0.074217292357157,0.100979044830597,7,0.00270691862538627,19.7993191076229,0.9297770706864
"1913","Lamp5","MOK",0.0580501285518113,0.0340282844137707,0.088019705290148,-0.00864408335486486,0.124744340458488,7,0,0,0.424014694316402
"1914","Lamp5","ARL8B",0.0670057930017891,0.0459467875536732,0.144748319924771,-0.0230482558087236,0.157059841812302,7,0.00513750500376805,41.3433569064646,0.521123798862538
"1915","Lamp5","NTHL1",-0.0892880745850306,0.0701734303133454,0.203234061100751,-0.226825470670819,0.0482493215007575,6,1.83084465860239e-06,0.00559924588414561,0.593161131697475
"1916","Lamp5","ZIM2",-0.0985870766644134,0.12302466881964,0.422923132881191,-0.339710996760875,0.142536843432048,7,0.0567998436969848,60.4474223406039,0.777218103596689
"1917","Lamp5","ZDHHC13",0.0486126971950741,0.0350421783828832,0.165361757806698,-0.0200687103752051,0.117294104765353,7,2.17440365361008e-06,0.0218003184293927,0.55192890360321
"1918","Lamp5","MACC1",-0.151998608420283,0.134584081263916,0.258731178603635,-0.415778560589969,0.111781343749403,6,0.0373068236923896,37.5603688299152,0.650171499247925
"1919","Lamp5","CAP1",-0.0541248521569744,0.057254110778657,0.344483085279146,-0.166340847250009,0.0580911429360598,7,0.00676487845862863,33.4501509758091,0.72433889877292
"1920","Lamp5","LINGO1",-0.0173568834432116,0.0408090312600314,0.670603661080549,-0.0973411149568423,0.0626273480704192,7,0.000479584987770596,3.53224187115327,0.898470668032969
"1921","Lamp5","PXYLP1",-0.00939603782565428,0.0547529507797533,0.863745811752076,-0.116709849401265,0.0979177737499565,7,0.00738231657971165,39.4199708901958,0.966512624578573
"1922","Lamp5","ZNF629",-0.0797486965908661,0.0780878926143324,0.307127296929263,-0.232798153743589,0.0733007605618567,6,0.00137913715605818,3.31922504637886,0.6957260731822
"1923","Lamp5","MFAP1",0.0685343769703809,0.0471273556701561,0.145880418196596,-0.0238335428297346,0.160902296770496,7,0,0,0.522330515333261
"1924","Lamp5","ACCS",-0.0777504585613353,0.103992355757546,0.454667968481559,-0.281571730513602,0.126070813390932,5,0.0226694250035377,44.4906819604624,0.796305590023421
"1925","Lamp5","MIR2052HG",-0.0047443246785522,0.0770118326089763,0.950877284119005,-0.155684742975573,0.146196093618469,7,4.14197742404101e-09,9.26235065747445e-06,0.990120895882608
"1926","Lamp5","DCDC2",0.0676747583039403,0.0861536000317862,0.43215295006068,-0.10118319489683,0.23653271150471,7,0.00206249002373269,3.65147382365843,0.783166711588979
"1927","Lamp5","C9orf40",0.0167872055611305,0.0719655697437959,0.8155539416931,-0.124262719263615,0.157837130385876,7,0,0,0.949515906610951
"1928","Lamp5","CLSTN2",-0.0831141268247813,0.0652848533683363,0.202982667651334,-0.211070088162699,0.0448418345131363,7,0.00903823166080557,31.8354768618795,0.593161131697475
"1929","Lamp5","OTUD5",-0.0177991978085852,0.0491267954759754,0.717119343725189,-0.114085947617362,0.0784875520001918,7,0.00562507978782256,38.5412234493421,0.914462798800233
"1930","Lamp5","FRK",-0.0946025982454045,0.111182951665521,0.394839771753645,-0.312517179204683,0.123311982713874,6,5.70443723887515e-06,0.00669340551730981,0.759634625225521
"1931","Lamp5","RSBN1",0.0831248784003844,0.0323598220494866,0.0102060732510163,0.0197007926372656,0.146548964163503,7,4.18304804434982e-06,0.0495318066265801,0.16618188896275
"1932","Lamp5","ACTR8",-0.0349197199444053,0.0549657958212424,0.525233368440671,-0.142650700135623,0.072811260246812,7,3.5238778365372e-08,0.000138139895891712,0.833638877814301
"1933","Lamp5","IGSF8",-0.0525287579271953,0.0487800913903365,0.281548048354968,-0.148135980214827,0.0430784643604367,7,0.00341430386396858,21.2457077419055,0.670857364071939
"1934","Lamp5","SPA17",0.216862515423964,0.119862885194099,0.0704114081119378,-0.0180644226395283,0.451789453487457,5,2.89974898748817e-06,0.00323264835234325,0.385313666944408
"1935","Lamp5","KDM4B",-0.0323175627982058,0.0326241130766166,0.321879195045499,-0.0962596494559365,0.0316245238595248,7,8.98056250219786e-07,0.0100756986651398,0.706734763099365
"1936","Lamp5","SLC2A9",0.0639408690893463,0.0706782103489079,0.36563714578778,-0.0745858776862593,0.202467615864952,7,0.00579622921249854,16.6342647815377,0.737993677404189
"1937","Lamp5","VPS18",-0.0346847084864272,0.076098076603523,0.648541315652255,-0.183834197922102,0.114464780949248,6,0,0,0.888623464010692
"1938","Lamp5","GNPAT",-0.0441434380107132,0.0385550657974932,0.252231853307112,-0.119709978395372,0.0314231023739455,7,0.000911489315930073,8.12970647108357,0.642479389499415
"1939","Lamp5","LAMC1",0.0417988455879307,0.0388800817243355,0.28234297363344,-0.0344047143077408,0.118002405483602,7,2.03144602570071e-06,0.0170721169732126,0.672081931067338
"1940","Lamp5","CLDN12",-0.0345332790885335,0.0932160789281351,0.71103617488323,-0.217233436567721,0.148166878390654,7,0.0347460196033591,64.4123711349225,0.913088011417587
"1941","Lamp5","GPR12",0.096143403750156,0.0749251465496409,0.199424560476564,-0.0507071850235257,0.242993992523838,7,0.0154308902377252,48.3654503433251,0.591146851544706
"1942","Lamp5","ZNF227",0.0482333686834621,0.0590977254453577,0.414406994958948,-0.0675960447576754,0.1640627821246,7,0.00870794369637091,41.8894603494458,0.772206678128822
"1943","Lamp5","THAP3",-0.105567370251595,0.0621552327141053,0.08942342258085,-0.227389387821947,0.0162546473187573,7,0.00171596996003181,5.95225471056994,0.427253180441225
"1944","Lamp5","LINC00290",0.0542550074007374,0.081808063551086,0.507203256980935,-0.106085850804355,0.21459586560583,7,2.54492418692704e-06,0.00476414354162932,0.82335329852518
"1945","Lamp5","EIF5A",0.114749975508669,0.0993900989508195,0.248278310591903,-0.0800510388548098,0.309550989872147,6,0.0142367760389621,24.782355381524,0.639261212239815
"1946","Lamp5","CNN3",0.137595670420922,0.0717596588567479,0.055180588228381,-0.00305067648118512,0.278242017323028,7,0.0134070564270545,42.6469270430406,0.34837800237059
"1947","Lamp5","CEP290",0.0374126476807183,0.0307437819791594,0.22363558958232,-0.0228440577469857,0.0976693531084222,7,1.7727095797431e-06,0.0236716327213372,0.614441310358189
"1948","Lamp5","PPP1R8",-0.00894850222500147,0.0436628878986833,0.837614887707142,-0.0945261899674305,0.0766291855174276,7,3.63767960824258e-06,0.0237502395001485,0.95829297255235
"1949","Lamp5","KIAA1191",0.122871422736261,0.06388327551664,0.0544331137305483,-0.00233749649080278,0.248080341963325,7,0.0120803913180695,51.7714584503537,0.348296204977864
"1950","Lamp5","TMEM232",0.138514740264451,0.0800071488779658,0.0834019179996988,-0.0182963900420961,0.295325870570998,7,0.027288498088337,68.1664904666292,0.415478190849305
"1951","Lamp5","C19orf81",-0.0368591384591532,0.10385420389846,0.722655264015248,-0.240409637743214,0.166691360824907,5,6.94197565982137e-07,0.00113276395586976,0.916060917780033
"1952","Lamp5","NPDC1",-0.135931520490059,0.0721804266295554,0.0596707521848752,-0.277402557072723,0.00553951609260536,7,0.00604089790619323,16.7066155110831,0.361134881264637
"1953","Lamp5","UVSSA",-0.089922801782852,0.0436867072699242,0.0395559595481697,-0.175547174635047,-0.00429842893065652,7,0,0,0.305062331986465
"1954","Lamp5","KCNJ11",-0.142596466084994,0.135786536251696,0.293648357835677,-0.408733186723761,0.123540254553773,5,0.0452276181815228,56.7646282112304,0.683883293350899
"1955","Lamp5","YOD1",-0.0172015846416141,0.0727781495957441,0.813156091367125,-0.159844136710741,0.125440967427513,6,0,0,0.948815753829332
"1956","Lamp5","FUZ",-0.0431688703001406,0.120046217902103,0.719144723859848,-0.278455133868509,0.192117393268228,5,0.0364598132806474,53.3089216454296,0.915104576999517
"1957","Lamp5","ZNF514",0.0259835586266932,0.0794717743371774,0.743703209234969,-0.129778256861669,0.181745374115055,6,0.0117850396441092,33.5792000700205,0.923731562184063
"1958","Lamp5","SLC22A4",-0.031239467699997,0.0609064683539061,0.608015070313836,-0.150613952099182,0.0881350166991874,7,9.54086499479735e-06,0.0318325087823602,0.871748258707968
"1959","Lamp5","FGD5",-0.0119892569648953,0.0791597915639004,0.879615702669051,-0.167139597453838,0.143161083524047,7,0,0,0.971323130524652
"1960","Lamp5","ELAVL2",0.0990869277372416,0.0346832460080232,0.00427786519189207,0.0311090146945736,0.16706484077991,7,3.97171806370572e-06,0.0420415738111155,0.110733744220427
"1961","Lamp5","UBFD1",-0.102617650400225,0.0429692724324339,0.0169328042902251,-0.186835876809686,-0.0183994239907649,7,0,0,0.207796316006413
"1962","Lamp5","TCF20",0.0173377934975777,0.0303375877725045,0.567663841015063,-0.0421227859143539,0.0767983729095093,7,0,0,0.853498876246994
"1963","Lamp5","NEAT1",-0.0791501608418946,0.0615358643436632,0.198357780386942,-0.199758238713017,0.0414579170292278,7,0,0,0.590236550297945
"1964","Lamp5","PHF19",0.121847387152652,0.0833590105534921,0.14381843365261,-0.0415332713190869,0.285228045624391,6,1.81000263395843e-06,0.00384501915741675,0.520137255457636
"1965","Lamp5","EDIL3",-0.0928345104613984,0.0715787381188661,0.194646150651372,-0.2331262592332,0.0474572383104034,7,0.00510666650025876,14.1017542235148,0.587583280058094
"1966","Lamp5","ARNT",-0.0133059034309179,0.0278303628192811,0.632573739273496,-0.0678524122333914,0.0412406053715556,7,0,0,0.882993296421211
"1967","Lamp5","LINC01588",0.120705121959831,0.0860316909892384,0.160607620919064,-0.0479138939081553,0.289324137827817,5,0,0,0.544726755125096
"1968","Lamp5","RAD17",-0.0216882036452116,0.0534506039138676,0.684917761175729,-0.126449462268308,0.0830730549778845,7,0.00685908415313928,38.8364204873337,0.903181005962289
"1969","Lamp5","WDR74",-0.0947332637097346,0.0957543902109599,0.322498784682156,-0.282408419884811,0.0929418924653414,7,0.0186796232438772,31.6352880247811,0.706734763099365
"1970","Lamp5","CCDC40",0.00907202060978133,0.0548491883031479,0.868629657844272,-0.0984304130456442,0.116574454265207,7,8.49150544304612e-07,0.00343395810756842,0.967580297891175
"1971","Lamp5","TRIM41",-0.181087519243156,0.052978572156441,0.000630535407188524,-0.284923612622137,-0.077251425864175,7,0,0,0.0477310537533186
"1972","Lamp5","ADCK5",-0.158329823437283,0.0914107844736757,0.0832612050692763,-0.337491668804241,0.0208320219296743,6,0.0281362692861059,63.3667554298605,0.415478190849305
"1973","Lamp5","SNRPC",-0.0662122025803578,0.0504645797907047,0.189502257432909,-0.165120961465087,0.0326965563043713,7,0,0,0.583096081135402
"1974","Lamp5","SEC61B",-0.0614610196853465,0.066576629101959,0.355922744581765,-0.191948814937267,0.0690267755665744,7,0.00310171889371434,9.45909801876013,0.732294203682725
"1975","Lamp5","PPP5C",0.00613153327233414,0.0278919558604171,0.826002308642052,-0.0485356956724642,0.0607987622171325,7,0,0,0.954415053359983
"1976","Lamp5","DUS1L",-0.0449101435221883,0.0474938324810043,0.344352907157909,-0.137996344672735,0.0481760576283587,7,0.00146304452350362,8.58061732926548,0.72433889877292
"1977","Lamp5","STK32B",0.0502864259440422,0.0870863714569628,0.563647908226525,-0.120399725655882,0.220972577543966,5,3.63761608651772e-07,0.000772847621576711,0.852935819308762
"1978","Lamp5","TXN2",-0.044791192798008,0.0558368256472031,0.422448760870471,-0.154229360077568,0.0646469744815525,6,0.000469604155679236,2.23711879909794,0.776643309953876
"1979","Lamp5","IK",-0.0309428673968623,0.0430567183938205,0.472354354518191,-0.115332484741234,0.0534467499475091,7,0,0,0.805854730251114
"1980","Lamp5","MYT1L",0.0341775735301452,0.031247156994735,0.274050661361685,-0.0270657287988043,0.0954208758590947,7,0,0,0.663569924929013
"1981","Lamp5","DNASE1",0.0331581681569358,0.0430917976540018,0.441609904429407,-0.0513002032739953,0.117616539587867,7,0.00343805600061503,28.4521108891138,0.789183031540836
"1982","Lamp5","IL6ST",0.144550789448209,0.0425239916346908,0.000675644676814227,0.0612052973653323,0.227896281531085,7,0.00128523820983171,9.670747990583,0.0486749077712129
"1983","Lamp5","SLC5A8",0.0604294855902498,0.180263582104121,0.737452744135814,-0.292880643058007,0.413739614238506,5,0.0487173848218802,30.9407376288051,0.921463278270996
"1984","Lamp5","B3GALT5",0.155992005103008,0.0789514686920844,0.0481778736535253,0.00124996993998056,0.310734040266035,7,0,0,0.328369581480014
"1985","Lamp5","CDK10",-0.0837287875979889,0.0424360863596393,0.0484891481800011,-0.166901988507713,-0.000555586688264359,7,0,0,0.328781094033537
"1986","Lamp5","HSBP1",-0.0838477438852488,0.0768049029236316,0.274965950596379,-0.234382587451662,0.0666870996811642,7,0.0142830599751514,40.2864867117189,0.664306626905474
"1987","Lamp5","MIR34AHG",0.0169354241887906,0.0779942133593881,0.828101633064315,-0.135930424998143,0.169801273375724,5,6.81428169313359e-06,0.0193763835922863,0.954801237292379
"1988","Lamp5","SELENON",0.00720354937320152,0.0867755205485669,0.933840716352136,-0.162873345641705,0.177280444388108,5,0.00963102753591068,26.1096778842707,0.985315638798959
"1989","Lamp5","MMP24",0.0287237183685348,0.0310655263895475,0.355165090704439,-0.0321635945157569,0.0896110312528266,7,1.06832610749479e-06,0.0134954228091025,0.732176133728425
"1990","Lamp5","INAFM2",0.128951376141627,0.07362114878647,0.0798506252190038,-0.0153434239803189,0.273246176263573,5,3.11721420296792e-06,0.0101308965568348,0.407618221956026
"1991","Lamp5","RGS20",0.148232103011248,0.0819320068431964,0.0704185800556484,-0.0123516795825061,0.308815885605002,7,0,0,0.385313666944408
"1992","Lamp5","PTBP1",-0.113196916726676,0.0422828552283846,0.00742546823941039,-0.196069790137831,-0.0303240433155213,7,0,0,0.145337438093468
"1993","Lamp5","KLHL4",-0.021142846759461,0.0791418067305981,0.789352571428394,-0.176257937622863,0.133972244103941,7,0,0,0.939383759748449
"1994","Lamp5","PPP1R16A",-0.0669879309651753,0.0535006391662101,0.210534921386033,-0.17184725688082,0.0378713949504695,7,0,0,0.60080774843497
"1995","Lamp5","CLPP",-0.0873848291898793,0.0763422912971973,0.252356204422953,-0.237012970629652,0.0622433122498929,6,0.00817564665600223,24.2149690818995,0.642522428932104
"1996","Lamp5","TAP1",0.163829107406312,0.125258293520017,0.190896978353762,-0.0816726366578671,0.409330851470492,7,0.041272602486022,41.1034141160935,0.585277331840707
"1997","Lamp5","FNDC10",-0.244680323676729,0.14268138368808,0.0863686794128939,-0.524330696969707,0.0349700496162481,7,0.07324471832099,61.6097620581379,0.420554982532084
"1998","Lamp5","PLCL1",-0.00519718403697378,0.0539940758264477,0.923318281268265,-0.111023628035336,0.100629259961389,7,6.72428157108563e-08,0.000299905426602645,0.982375103729229
"1999","Lamp5","LRRC8D",0.0871241851167536,0.0429919155214852,0.0427110289357052,0.00286157906825409,0.171386791165253,7,1.92889558561957e-06,0.011415201339244,0.311919424079451
"2000","Lamp5","LIG4",0.00414671953669747,0.0477857271671603,0.930848479046181,-0.0895115846859939,0.0978050237593888,7,6.58778032514116e-07,0.00365264898513957,0.984877831080086
"2001","Lamp5","LRRFIP2",-0.0520558113611986,0.0347594969249607,0.134237290791607,-0.120183173454852,0.0160715507324552,7,0.0016668615532371,20.0917281648246,0.504296621235883
"2002","Lamp5","SOX15",0.0962641233501454,0.118656525942049,0.417202681605942,-0.136298394026913,0.328826640727204,6,0.0335929415341356,41.4378962891032,0.773600796141458
"2003","Lamp5","ZC3H6",0.0341531998355743,0.0300446125575545,0.255642998500038,-0.0247331587066924,0.0930395583778409,7,0,0,0.646743296219872
"2004","Lamp5","XAB2",-0.0778870968991049,0.0661774540697027,0.239218224084323,-0.207592523464276,0.0518183296660659,6,5.12524659626801e-07,0.00166987086845985,0.629818021824534
"2005","Lamp5","ZNF804B",0.159173128855441,0.0754525695259382,0.0348946659581952,0.0112888100435977,0.307057447667284,7,0,0,0.288056987331306
"2006","Lamp5","ZNRF1",-0.0118405988072548,0.0321787053123462,0.712900223966847,-0.0749097022885811,0.0512285046740714,7,0,0,0.913599521330833
"2007","Lamp5","ZNF12",-0.0115455004347766,0.0480697900792177,0.810189133147678,-0.105760557734444,0.082669556864891,7,0.00135654185819437,7.78170365816684,0.948140898650854
"2008","Lamp5","GOLGA6L4",0.15906764034268,0.143430109712706,0.267419208031671,-0.122050208992851,0.440185489678212,6,0.0564676163858445,51.5758336496683,0.656687127074077
"2009","Lamp5","SLC16A9",0.123409636670577,0.129494996255307,0.340586528821856,-0.130395892167973,0.377215165509127,7,0.0466803074525586,45.3796822962269,0.72115338140591
"2010","Lamp5","UHRF2",0.0295749815326699,0.0424925532815223,0.486426406111098,-0.0537088925102632,0.112858855575603,7,0.00211652452130616,16.7702890861712,0.814160026687561
"2011","Lamp5","ZNF782",0.152482803721644,0.0558536176847341,0.00633259765322476,0.0430117246532954,0.261953882789992,7,0.00956658357015043,49.2159782547126,0.133778891851704
"2012","Lamp5","LAMP5-AS1",0.135038672148908,0.136244409101997,0.321612247779856,-0.131995462785946,0.402072807083762,6,0.0497272761364698,50.2602396026206,0.706627719871122
"2013","Lamp5","CYB5A",-0.0419660165768123,0.056378350269626,0.456656267880148,-0.152465552613063,0.0685335194594388,7,0,0,0.797481353326327
"2014","Lamp5","GPHN",0.0823049381125399,0.0367821047729269,0.0252448439503,0.0102133374820243,0.154396538743056,7,0.00167839015841954,17.7287898784133,0.250545956095864
"2015","Lamp5","MMAA",0.0854224666368809,0.128151418889914,0.505043968469365,-0.165749698955056,0.336594632228818,6,0.0564618231245864,63.3067202978678,0.822477819723869
"2016","Lamp5","LDHAL6A",0.0347680145063,0.18720712360563,0.852664730901938,-0.332151205410072,0.401687234422672,6,0.118349760554428,67.5657591396128,0.961255756921795
"2017","Lamp5","SMIM13",-0.0111058849629579,0.039355438950351,0.777794442674816,-0.0882411279014107,0.0660293579754949,7,0,0,0.935120512712187
"2018","Lamp5","GLI3",0.191936681929845,0.161692599727225,0.235209163829148,-0.124974990102167,0.508848353961858,5,0.054085038780821,43.6842729324092,0.625081420051728
"2019","Lamp5","DCUN1D1",0.082458628488123,0.0337794147778196,0.0146429607265752,0.0162521921047565,0.14866506487149,7,0,0,0.193813450444137
"2020","Lamp5","UPK2",0.0660476969554617,0.0963228034850372,0.492907868657026,-0.12274152876514,0.254836922676064,6,0,0,0.816718467937254
"2021","Lamp5","ANKS1A",-0.0375474127101,0.0330619549243901,0.256095430481,-0.102347653620391,0.0272528282001914,7,0.000947024639875721,12.1534464108342,0.647027760417143
"2022","Lamp5","SUFU",0.00279629302808691,0.0374818111177094,0.940529791636777,-0.0706667068379565,0.0762592928941304,7,0,0,0.987071639145024
"2023","Lamp5","LUZP2",0.0530704277538583,0.0476572561199392,0.265457064499964,-0.0403360778432235,0.14647693335094,7,0,0,0.654477926053113
"2024","Lamp5","FSD1L",0.0233661482473284,0.0284141230805439,0.410881849841625,-0.0323245096428258,0.0790568061374827,7,0,0,0.770661236238393
"2025","Lamp5","SMIM2-AS1",-0.0792666936287389,0.231562432637459,0.732115799717038,-0.533120721770641,0.374587334513163,6,0.217094025514624,75.1913675929666,0.919666801398003
"2026","Lamp5","PPM1H",-0.0488653305327072,0.0290181701330213,0.0921901136884704,-0.105739898890685,0.00800923782527044,7,0,0,0.433884915230389
"2027","Lamp5","LRRK2",0.0682537129450554,0.0531572863768391,0.199143553357178,-0.035932653869431,0.172440079759542,7,0.00533150357095211,29.2030128577338,0.591146851544706
"2028","Lamp5","CBARP",-0.153160356547846,0.143129857563914,0.284583430955885,-0.433689722485465,0.127369009389774,7,0.0646711686806599,52.541972501799,0.674194384073184
"2029","Lamp5","CD81",-0.073986971089375,0.0550959236614657,0.179312261144857,-0.181972997160816,0.0339990549820659,7,0,0,0.571991285951278
"2030","Lamp5","DUS3L",-0.091953926589609,0.133876699758861,0.492173890258132,-0.35434743648606,0.170439583306841,5,0.0288985620968324,33.6053751566377,0.816204797966937
"2031","Lamp5","BCLAF1",0.000395492462581638,0.027307427257609,0.988444671279627,-0.0531260814727793,0.0539170663979426,7,0,0,0.997674559800997
"2032","Lamp5","RND2",-0.0444248192183288,0.0893948358761649,0.619223872935894,-0.219635477939481,0.130785839502824,6,0,0,0.877471007323414
"2033","Lamp5","ESR2",0.107205301968314,0.0459959488149631,0.019766265817717,0.0170548988562381,0.197355705080389,7,0,0,0.224914151202738
"2034","Lamp5","MMS22L",-0.0287479214355276,0.0644947260409976,0.655784593829836,-0.15515526166866,0.0976594187976053,7,0.00214137092546231,6.65006762582499,0.892108742760893
"2035","Lamp5","GIGYF1",-0.0501979558794158,0.0376502819755073,0.182443524861451,-0.123991152559188,0.0235952408003561,7,4.51167152990378e-07,0.00401077620211509,0.575260279028009
"2036","Lamp5","CPEB1",-0.00594257285848218,0.0353027241554618,0.866322218867546,-0.0751346407593395,0.0632494950423752,7,4.40819870709795e-06,0.0444854804925946,0.966974913429347
"2037","Lamp5","KIF20B",0.0523026190581408,0.0665396720124792,0.431846032045826,-0.0781127416294261,0.182717979745708,6,2.56230509830784e-06,0.00869247532163253,0.78284776371624
"2038","Lamp5","TMEM201",-0.019074216205552,0.0544870885116647,0.726287250933628,-0.125866947310861,0.0877185148997569,7,2.15568637806545e-06,0.00913836599125657,0.917855778708154
"2039","Lamp5","IL34",-0.0248337032724221,0.0579372142076134,0.668191565689353,-0.138388556483927,0.0887211499390825,7,0.00241048030056582,9.8093098994569,0.897383922366512
"2040","Lamp5","TMEM245",0.0586847776669083,0.0366647338840267,0.109470350271326,-0.0131767802485294,0.130546335582346,7,0.00360015903544465,44.0577233751589,0.463734401407849
"2041","Lamp5","GREB1",-0.0862852974210867,0.0390976948268407,0.0273199835427038,-0.162915371160232,-0.00965522368194101,7,7.89212815575677e-08,0.000669020354135806,0.258183514841743
"2042","Lamp5","UFL1",-0.0264168304554508,0.0329032252083862,0.422053074259872,-0.0909059668390981,0.0380723059281965,7,5.35993608365324e-05,0.616956351667088,0.776339973084618
"2043","Lamp5","PARP4",0.227029697574293,0.101176032615794,0.0248383285841595,0.0287283175486865,0.425331077599899,6,2.77178423354831e-07,0.00039231649903654,0.249778839204143
"2044","Lamp5","LINC00964",-0.235205579237055,0.153410935890785,0.125233115430548,-0.535885488417576,0.0654743299434659,6,0.0717695521552372,60.8748507470808,0.487679201378678
"2045","Lamp5","EIF3I",-0.0250661200563539,0.0657166310624125,0.702886174119585,-0.153868350123989,0.103736110011281,7,0.00227686595509,6.90888908087613,0.909107987358836
"2046","Lamp5","GTF2IRD2",-0.0360371904429165,0.0611554101255999,0.55567860967378,-0.155899591748868,0.0838252108630354,7,0,0,0.849033503044357
"2047","Lamp5","LINC02458",-0.102163170208519,0.105779741426582,0.33413908322269,-0.309487653698579,0.10516131328154,5,0,0,0.715689813838028
"2048","Lamp5","PPP1R21",-0.00352248698684077,0.0293647005929546,0.904517599469322,-0.0610762425658338,0.0540312685921523,7,0,0,0.978961685897185
"2049","Lamp5","FBXO36",-0.0430417903091768,0.0351686074903218,0.221001415470107,-0.111970994376633,0.0258874137582795,7,2.9444984978697e-06,0.0280077056876483,0.611688037855222
"2050","Lamp5","ACTN1",-0.0332299209241387,0.0332404346784327,0.317463599908669,-0.098379975724323,0.0319201338760457,7,0,0,0.701947766322472
"2051","Lamp5","C12orf75",0.0592302789472513,0.0924592850772331,0.521776548340949,-0.121986589840447,0.24044714773495,7,0.0188510875950283,35.4425057579837,0.831546607357331
"2052","Lamp5","AGAP4",0.00749732306842358,0.0431672701447903,0.862116381165448,-0.0771089717262765,0.0921036178631236,7,3.86226770151505e-06,0.0261668402411501,0.965631713248814
"2053","Lamp5","ATP8B4",0.0196300250748007,0.0763948401882344,0.797213623727828,-0.130101110298832,0.169361160448433,7,0.00553622379945483,13.3926205729258,0.943226894493407
"2054","Lamp5","ZCCHC7",0.0754947422890858,0.03076205610211,0.0141217520972261,0.0152022202385497,0.135787264339622,7,5.48710186745459e-06,0.0743287172148109,0.190803221185105
"2055","Lamp5","GNG3",0.0171233141435982,0.0883245003287721,0.846279064049744,-0.155989525453291,0.190236153740488,6,0.00671920260902772,13.9700821393354,0.959421815061179
"2056","Lamp5","CDC40",0.0227305788182181,0.0292586517330677,0.43722720325783,-0.0346153248147951,0.0800764824512313,7,0.000178742968919136,2.6640062737307,0.785813063384488
"2057","Lamp5","SUCLG2",-0.0740201315189434,0.121257488770089,0.541571961208734,-0.311680442364088,0.163640179326201,6,0.0365876184738358,46.7239053089646,0.84090599831901
"2058","Lamp5","RPS6KA1",-0.0449185958331449,0.0900347059756732,0.617847635071045,-0.221383376904117,0.131546185237828,6,0.00192293620222689,3.60171542301107,0.877117743092904
"2059","Lamp5","SETBP1",-0.0204105610915517,0.0279069841658014,0.464548149871584,-0.075107244973652,0.0342861227905485,7,0,0,0.800596104093666
"2060","Lamp5","CEND1",0.124202532990772,0.075111146129246,0.0982122186845704,-0.0230126082600756,0.271417674241619,7,0.00998343995150633,27.4840688209372,0.444220848429946
"2061","Lamp5","PVR",0.00391206723978783,0.0697057977094386,0.955244178544643,-0.132708785784346,0.140532920263922,7,0.011429025896235,40.3417838418733,0.99250674134453
"2062","Lamp5","ZNF732",-0.0327317538053663,0.175970186887563,0.852438972213278,-0.377626982457771,0.312163474847039,7,0.102076913514688,59.600027579975,0.961255756921795
"2063","Lamp5","TBC1D10A",-0.144971924601105,0.0812836129928172,0.074499744206472,-0.304284878600319,0.0143410293981089,6,4.27052509494008e-06,0.00961939562300715,0.394262063860936
"2064","Lamp5","C14orf119",0.0633656662235167,0.108571603897457,0.559469141483923,-0.149430767159247,0.27616209960628,5,0.00492913708427066,7.79508819710286,0.850691857979177
"2065","Lamp5","ANAPC2",-0.104280301653033,0.0826273802497628,0.206928981963826,-0.266226991079464,0.0576663877733987,6,0.00446902261436339,10.2740360220022,0.595994637532837
"2066","Lamp5","SSX2IP",-0.0154630853227684,0.0393551977001845,0.694385306163459,-0.0925978554195835,0.0616716847740467,7,0.00206425843666431,19.6741959598093,0.905973584596204
"2067","Lamp5","RELCH",0.0551491167277589,0.0281303865917739,0.0499394791606979,1.45721366936608e-05,0.110283661318824,5,0,0,0.334019145012744
"2068","Lamp5","ZGLP1",0.00905348396771262,0.0674685078722973,0.893253682256821,-0.123182361552647,0.141289329488072,7,5.73704496967545e-06,0.0157497242588368,0.975921257738596
"2069","Lamp5","NR1H2",-0.0732678080940846,0.0666655547143679,0.271752602383166,-0.20392989434363,0.0573942781554608,7,0.00646188476693023,21.6261047871151,0.661223251865873
"2070","Lamp5","MOCS2",0.12455135817513,0.0779397236369592,0.110032470029059,-0.0282076931183155,0.277310409468575,7,0.0159100654085021,42.9188233618996,0.463734401407849
"2071","Lamp5","LMNA",-0.0667315606578358,0.0465516200042942,0.151716143742805,-0.157971059288247,0.0245079379725751,7,1.57715088710499e-06,0.00888440783642231,0.531613109772583
"2072","Lamp5","UBR2",0.0859634961928365,0.0269379527205022,0.00141699524568237,0.0331660790434093,0.138760913342264,7,0,0,0.066687732691207
"2073","Lamp5","TMEM170B",0.0691674534036959,0.0340482321758045,0.0422088543056685,0.00243414460186119,0.135900762205531,7,7.63205822698589e-07,0.00832584363021552,0.31114492884268
"2074","Lamp5","TFAP4",0.0674124037078817,0.0742710152543797,0.364060914859848,-0.0781561112859273,0.212980918701691,7,0.00726150075055658,19.1859399897524,0.737658430833555
"2075","Lamp5","FNTB",0.0111119555257117,0.108139026085998,0.918156467536708,-0.200836640926082,0.223060551977505,6,0.0344636078318638,56.5866019485983,0.982043931246892
"2076","Lamp5","PDE6D",0.0507425201594515,0.0661303874663315,0.442897111416701,-0.0788706575582371,0.18035569787714,7,0.0121074472734339,45.4712890521438,0.789496392228061
"2077","Lamp5","GID8",0.0598587122590782,0.0541534896507389,0.26900674071138,-0.0462801770935326,0.165997601611689,7,0.00432301228722419,21.9169541055222,0.658961821418966
"2078","Lamp5","ERG28",0.021764247354578,0.0669276312966303,0.74503670066385,-0.109411499557393,0.152939994266549,5,0,0,0.923879500543237
"2079","Lamp5","PTPA",-0.0346354695600949,0.0709189050135844,0.625279759565895,-0.173633969209737,0.104363030089548,7,0.0112791069083732,34.313243364907,0.87996431216605
"2080","Lamp5","LEPR",0.24333846232074,0.119859362107092,0.0423362262525105,0.00841842938089499,0.478258495260584,7,0.0552565050416186,63.0125584047532,0.311172210364113
"2081","Lamp5","DNAJB12",-0.0775730585458233,0.0403727700621193,0.0546787457572057,-0.156702233823694,0.00155611673204745,7,0,0,0.34837800237059
"2082","Lamp5","HSBP1L1",-0.129739855398467,0.082700858895018,0.116698077196912,-0.291830560323231,0.0323508495262973,7,0.0165431755009008,38.6416937791052,0.473561011652999
"2083","Lamp5","NOVA2",0.0283881579866386,0.0391805364574483,0.468729704146241,-0.0484042823649187,0.105180598338196,7,4.23277781015579e-06,0.0344230913878567,0.804007247832028
"2084","Lamp5","FAM177A1",0.0142523019974443,0.0303222676071411,0.63833531470019,-0.0451782504421377,0.0736828544370264,7,2.98371518693019e-06,0.03903556502974,0.885186923527317
"2085","Lamp5","CEMIP",0.0985263646603524,0.0616483540509713,0.109998599284684,-0.0223021889857254,0.21935491830643,7,0,0,0.463734401407849
"2086","Lamp5","COPG1",-0.0431037703432305,0.0425556758050963,0.311117735797747,-0.126511362258982,0.0403038215725208,7,0,0,0.697928531683597
"2087","Lamp5","PIK3R3",0.0274001392784973,0.0413821791135048,0.507891673548204,-0.0537074413857579,0.108507719942752,7,0.000736217179691932,5.24768389465099,0.823688164356248
"2088","Lamp5","FAM120A",0.0108570433041563,0.0296034865262572,0.713806398294539,-0.0471647241041245,0.0688788107124371,7,0.000509284495354022,7.84368309554667,0.91414776398771
"2089","Lamp5","SCAND1",0.110365685485847,0.0881479557684433,0.210551490399779,-0.0624011331311314,0.283132504102826,6,0.00662120527321486,13.7863110632928,0.60080774843497
"2090","Lamp5","DDX17",-0.02149161480575,0.0231228504768929,0.352654101629652,-0.0668115689603648,0.0238283393488648,7,0,0,0.730623184965952
"2091","Lamp5","NOP56",-0.0843160977186578,0.0626594401146633,0.178423543573709,-0.207126343634842,0.0384941481975266,7,0.00863865676889814,35.446788252068,0.570942672194801
"2092","Lamp5","IRF3",0.068832652845834,0.0624461498811126,0.270343366570909,-0.0535595518943369,0.191224857586005,7,0.00231101148433993,7.75822380644151,0.660072748228155
"2093","Lamp5","CPNE1",-0.0764326426844513,0.0496904199631892,0.124005433650236,-0.173824076188972,0.0209587908200698,7,0.00565614682622794,37.5449441828861,0.486420153219607
"2094","Lamp5","CRISPLD1",-0.00724060632402797,0.0972978904065882,0.940678670473083,-0.197940967292666,0.18345975464461,7,0.0186564346299647,30.4322901364364,0.987071639145024
"2095","Lamp5","SH2B2",0.00251243262368297,0.0821192073726854,0.975592573660468,-0.158438256265757,0.163463121513122,7,0.0115976926526035,26.3706519214991,0.997093441046833
"2096","Lamp5","GPR35",0.0530409638801042,0.113753237543385,0.641014436529004,-0.169911284829759,0.275993212589967,5,1.84089603670046e-06,0.00260520935423784,0.885922991615667
"2097","Lamp5","ELK4",0.0584319933032629,0.0608562866158675,0.336972866308101,-0.0608441366966843,0.17770812330321,7,0.00765094815559037,32.7611970102132,0.718334849942705
"2098","Lamp5","PLK2",-0.152111362683224,0.0575176367930563,0.00817866098297408,-0.26484385927347,-0.0393788660929776,7,0,0,0.150328399543524
"2099","Lamp5","TECPR2",-0.0922638296440639,0.0439136304910512,0.0356383836779817,-0.178332963836924,-0.00619469545120366,7,0.00389832618600158,31.6310604245997,0.290275837467776
"2100","Lamp5","NRP2",0.172863044204267,0.109379871281528,0.114017183879837,-0.0415175641411546,0.387243652549689,6,0,0,0.469877796733769
"2101","Lamp5","KPTN",-0.313215690693,0.145837065722545,0.0317368188508253,-0.599051087120189,-0.0273802942658112,5,0.0621655674656802,62.1518481657422,0.276858605411434
"2102","Lamp5","TNXB",0.00458802154582914,0.105469956329867,0.965302371645499,-0.202129294311723,0.211305337403381,7,0.0240775124788642,34.0790446906636,0.99444464399303
"2103","Lamp5","BTBD8",-0.000616037792639423,0.0324844085257616,0.984869738880918,-0.064284308562218,0.0630522329769391,7,2.27578075374183e-07,0.00265652863591986,0.997296915565468
"2104","Lamp5","RPSA",0.0209285355254362,0.0640993349811684,0.744044877823244,-0.104703852470622,0.146560923521495,7,0.00172728646585787,5.48290676009116,0.923731562184063
"2105","Lamp5","SLC25A28",0.083996290401651,0.0393578568486097,0.0328290066766556,0.00685630846969291,0.161136272333609,6,5.52181646478785e-07,0.0053484451051135,0.28229071710246
"2106","Lamp5","TACC3",0.0384314437481113,0.127773269431759,0.763583455350258,-0.211999562525069,0.288862450021292,6,0.0465798854153376,55.9366981340474,0.929339969726616
"2107","Lamp5","SAMD4B",0.0233130019910038,0.0330377432022914,0.48040735654829,-0.0414397848159704,0.088065788797978,7,0,0,0.811124040231681
"2108","Lamp5","KIF9",-0.121311017413335,0.0928483125273053,0.191365387147068,-0.303290365992173,0.0606683311655024,7,0.0209667065945699,40.4777883310838,0.585603547822871
"2109","Lamp5","RASGRP2",-0.14952916250172,0.0630054650528531,0.0176312318858735,-0.273017604834509,-0.0260407201689312,7,0,0,0.213179713420626
"2110","Lamp5","TMEM147-AS1",-0.118677726012801,0.0869464682294638,0.172268244298752,-0.289089672325506,0.0517342202999038,6,0,0,0.56276410520658
"2111","Lamp5","TRO",-0.10076006124729,0.0445912855462438,0.0238438692908048,-0.188157374942269,-0.0133627475523108,7,0.00109010837975121,7.25495253085521,0.242886569717832
"2112","Lamp5","CELF5",-0.0371106810299049,0.0335860593120581,0.269184289876477,-0.102938147664165,0.0287167856043551,7,0.0010094651318947,12.3025366610341,0.658979599213106
"2113","Lamp5","HENMT1",-0.117192759663566,0.0682608703388521,0.0860090339271197,-0.250981607081075,0.0165960877539425,6,0,0,0.420172400626807
"2114","Lamp5","CNBP",0.0578241821831603,0.0505030076609276,0.252223606799303,-0.0411598939432083,0.156808258309529,7,0.00400340201374062,23.7167146361962,0.642479389499415
"2115","Lamp5","PLPPR4",0.0111683806893308,0.0280692535745181,0.690713756444041,-0.0438463453896468,0.0661831067683085,7,6.7958895520159e-08,0.00111295989431028,0.904736671775935
"2116","Lamp5","NAP1L1",-0.0181515986004915,0.0440449748572357,0.680255071739267,-0.104478163020646,0.0681749658196626,7,0.00622124522272829,58.8885318246948,0.901733822525915
"2117","Lamp5","PDE4D",0.058678303019076,0.0425542524657318,0.167923817945673,-0.0247264992027832,0.142083105240935,7,0,0,0.555746521175771
"2118","Lamp5","SPAAR",0.169585034180792,0.174677277496642,0.331624122207071,-0.172776138630135,0.511946206991719,5,0.05243453515766,36.4035247440787,0.713820774310415
"2119","Lamp5","PABPC5",-0.0442927231218623,0.0939599906080578,0.637355240990471,-0.228450920701377,0.139865474457653,5,4.44715748912684e-06,0.00920645145889406,0.884899791820756
"2120","Lamp5","NRIR",0.190141817932342,0.331513167424222,0.566267371500521,-0.45961205061993,0.839895686484614,5,0.436243730206605,82.8917684342341,0.853477723042833
"2121","Lamp5","TTLL4",-0.00758070164102079,0.0876781661283557,0.931100322618233,-0.179426749483118,0.164265346201076,7,0,0,0.984877831080086
"2122","Lamp5","AHCY",-0.0383985982628078,0.107803393495107,0.721697533381622,-0.249689366924418,0.172892170398802,7,1.21969372114414e-07,0.000136061082140198,0.915635561395164
"2123","Lamp5","C3orf18",-0.102746663292179,0.074180954487817,0.166027566284208,-0.248138662427105,0.0426453358427471,6,0,0,0.552916643050083
"2124","Lamp5","SCUBE2",0.0301486230568242,0.0568653122673257,0.595989918463087,-0.0813053409567579,0.141602587070406,7,3.84299580337693e-06,0.0156554599069647,0.865749755049829
"2125","Lamp5","ABTB2",0.0676088044845964,0.0935276523616395,0.469756665794625,-0.1157020257028,0.250919634671992,6,0,0,0.804834027168301
"2126","Lamp5","XPOT",0.0504496472532071,0.0423226597548243,0.233251639554247,-0.0325012415961913,0.133400536102606,7,0.00336950558952976,29.2452914556692,0.623486995608806
"2127","Lamp5","RPL24",-0.0442778827445437,0.0738176627897066,0.548621035834568,-0.188957843235291,0.100402077746204,7,0.00385934137897704,9.72340171864797,0.844764971297428
"2128","Lamp5","SYS1-DBNDD2",0.0114598959970811,0.0536164967188206,0.830751184009576,-0.0936265065490172,0.116546298543179,5,0.00146834021075185,8.96344924349292,0.9557195814756
"2129","Lamp5","ADCY5",-0.0691444742099901,0.0294090066826861,0.0187163629554392,-0.126785068129153,-0.0115038802908276,7,3.12405509477627e-06,0.0450802734371234,0.219225254244954
"2130","Lamp5","DCLK2",0.0206160776965744,0.0259679579378856,0.427251051430666,-0.0302801846137323,0.0715123400068812,7,0,0,0.779974636794798
"2131","Lamp5","RPL18A",-0.0486369110202259,0.125104722783365,0.697446602823124,-0.293837661971488,0.196563839931036,5,0.015722291616511,19.8263500464583,0.906391554342484
"2132","Lamp5","HTR5A",0.0851515175456209,0.0673627173640545,0.206203158900635,-0.0468769823886768,0.217180017479919,7,0.00204979567926575,5.9939970910456,0.595073257068699
"2133","Lamp5","LIN7B",-0.00866548071363975,0.0636528967008577,0.891713396368247,-0.133422865758969,0.11609190433169,7,0,0,0.975663358386813
"2134","Lamp5","CFLAR",0.0968696110791937,0.0307405452555201,0.00162601018386088,0.0366192495132507,0.157119972645137,7,0,0,0.0709709000283925
"2135","Lamp5","NAP1L4",-0.0132940430255129,0.0241475663467624,0.58195354002414,-0.0606224033794588,0.0340343173284329,7,0,0,0.858571722816271
"2136","Lamp5","MYL5",-0.262976796243698,0.113460475206948,0.0204611003925421,-0.485355241318114,-0.0405983511692807,5,2.96910728303961e-06,0.00406932951409187,0.228556883214449
"2137","Lamp5","IQCE",-0.0348086059807928,0.0348345966167,0.317671718829163,-0.103083160765506,0.0334659488039201,7,1.07408392418547e-06,0.0107234314953468,0.702095007480679
"2138","Lamp5","MRPL11",-0.0455907770426451,0.0985472278981867,0.643630525089228,-0.238739794499352,0.147558240414062,6,0.0227318381462987,41.8809021866231,0.886929185222919
"2139","Lamp5","HCFC1",-0.144881761812623,0.0540909793789203,0.00739565144631418,-0.250898133283805,-0.0388653903414403,7,0,0,0.144991140404051
"2140","Lamp5","GRM4",0.027381065823281,0.0478659069110866,0.567296964527687,-0.0664343878097956,0.121196519456358,7,2.78038482371657e-06,0.0150530262720989,0.853478978335213
"2141","Lamp5","TESK1",-0.0787595879924288,0.0536899878776861,0.142394419171362,-0.183990030563086,0.0264708545782282,7,0,0,0.519185987154668
"2142","Lamp5","PPARA",0.0278424638177769,0.0663541575310166,0.674774832940761,-0.102209295167513,0.157894222803067,7,0.00614445282820222,20.5874787312558,0.899925529958577
"2143","Lamp5","C1orf220",0.124323471571298,0.166522945371844,0.455314328969347,-0.202055503957048,0.450702447099644,5,0.0426556632186714,32.2748262533398,0.796305590023421
"2144","Lamp5","HDDC3",-0.0579931396693407,0.0729771753507502,0.426802555723051,-0.201025775050275,0.0850394957115939,7,0,0,0.779613832884063
"2145","Lamp5","EXOC5",0.0917748767935592,0.0276107257457422,0.00088772798719757,0.0376588487448917,0.145890904842227,7,0,0,0.054585113815654
"2146","Lamp5","C2CD2L",-0.0577033018664664,0.0433481667176145,0.183136701876468,-0.142664147428829,0.027257543695896,7,0,0,0.575744431582724
"2147","Lamp5","SLC43A1",0.128881329526174,0.107459529418884,0.230392810628833,-0.0817354779304608,0.339498136982808,5,2.29863232338574e-07,0.00035621041055227,0.621816209052182
"2148","Lamp5","MYO3B",0.136187163422369,0.0824936752652988,0.0987630685455459,-0.0254974690499588,0.297871795894698,7,0.0200807016518011,47.2579225294977,0.445196960699655
"2149","Lamp5","FGD1",-0.00473768590596336,0.0365211647346429,0.896784483269202,-0.0763178534593178,0.0668424816473911,7,0.000284598844951264,2.71543508171499,0.976532292201911
"2150","Lamp5","UBE2D4",-0.017332731368328,0.0392232014793408,0.658561595841573,-0.0942087936261941,0.0595433308895381,7,0,0,0.892964921996311
"2151","Lamp5","IGDCC3",-0.15885825921155,0.0490713611692466,0.00120670436905162,-0.25503635977563,-0.062680158647469,7,7.85986062742073e-07,0.00428995634217338,0.0603806592028799
"2152","Lamp5","MVB12A",-0.099819347597169,0.125373217834488,0.425928815667688,-0.34554633917866,0.145907643984322,7,0.057959358807577,64.3247089967175,0.778374496725226
"2153","Lamp5","LETM1",-0.0192577794157702,0.0460996033936849,0.676135144005371,-0.109611341768973,0.0710957829374326,6,0.00264988962945075,21.1431775298491,0.900334059365352
"2154","Lamp5","SOX9",-0.205535231295349,0.150739137928399,0.172719935152961,-0.500978512695626,0.0899080501049279,5,0.0569353364900993,51.4184896551823,0.563117247989338
"2155","Lamp5","TMEM240",-0.101189417167092,0.0823345589576917,0.21907069395713,-0.262562187407158,0.0601833530729729,6,0.0108884111230251,29.6258480171119,0.608563630437471
"2156","Lamp5","SC5D",0.116393050000045,0.0464247888494688,0.012171542430152,0.0254021358652093,0.20738396413488,7,3.97059875282705e-06,0.0220265150836263,0.178940236991961
"2157","Lamp5","ARAF",-0.11753469885337,0.0960378856493533,0.221013798107903,-0.305765495877479,0.0706960981707382,6,0.0182670125234428,34.778772517834,0.611688037855222
"2158","Lamp5","SP8",0.127981363835333,0.0919654151927934,0.164036007674045,-0.0522675377658149,0.30823026543648,6,0,0,0.550591979769544
"2159","Lamp5","ADAMTS3",-0.130356875573097,0.122283764764992,0.286414835215397,-0.370028650406449,0.109314899260255,5,0.0162912629964971,21.5782933826364,0.676255679040658
"2160","Lamp5","RTN4",0.0283739016701721,0.0287274308897788,0.323302695122127,-0.0279308282421577,0.0846786315825019,7,0,0,0.707350334973566
"2161","Lamp5","FYN",0.0519362353208252,0.0285096878327575,0.0684997884627377,-0.00394172604185919,0.10781419668351,7,0.000198463403818533,3.17477511282728,0.380574627344018
"2162","Lamp5","PHF7",-0.126613900465943,0.0530213740626188,0.0169413335652021,-0.230533884039502,-0.0226939168923838,7,0,0,0.207796316006413
"2163","Lamp5","FAM218A",0.0601876185317357,0.127870323265214,0.637860249443945,-0.190433609759578,0.310808846823049,6,0.0406336981487016,45.3324310055678,0.885086808739919
"2164","Lamp5","WDHD1",0.00725408169511507,0.0505017493451461,0.885784589813129,-0.0917275281776406,0.106235691567871,7,0,0,0.974011298943957
"2165","Lamp5","GREM2",0.0307741587236735,0.0942050359955628,0.743915890150523,-0.153864318989929,0.215412636437276,7,0.0139882288306511,23.2813221415558,0.923731562184063
"2166","Lamp5","WAS",0.160158809050262,0.174045561310425,0.357461999693535,-0.180964222787228,0.501281840887752,5,0.0748533730790701,53.1802779474578,0.733660185504581
"2167","Lamp5","FOXRED2",-0.0468229338001928,0.0586900877801342,0.424986741602779,-0.16185339209875,0.0682075244983645,7,0.00582112467921318,25.6968505331491,0.778050998360332
"2168","Lamp5","ZNF500",-0.128805329884272,0.0650717545544081,0.0477670141460702,-0.256343625221742,-0.00126703454680152,7,5.65672425983668e-07,0.00169699555424724,0.326856584927945
"2169","Lamp5","NRAV",0.184435650245551,0.0901406806809312,0.040747838709237,0.00776316256900075,0.361108137922102,6,0.00542004795389649,10.4237999934142,0.308615201471669
"2170","Lamp5","CTU1",0.0775037533823552,0.0913319756751411,0.396107327124286,-0.10150362957781,0.25651113634252,6,0,0,0.760604933378185
"2171","Lamp5","MPP7",-0.0742482567139612,0.070302202569294,0.290908881152044,-0.212038041783617,0.0635415283556942,7,0,0,0.680628590637295
"2172","Lamp5","L3MBTL3",0.201049684571578,0.0693521279353645,0.00374391640150475,0.0651220115670489,0.336977357576106,7,0,0,0.102671912000786
"2173","Lamp5","CANX",0.034202191076363,0.0372101860306063,0.358010814859394,-0.0387284334016608,0.107132815554387,7,1.12992364546096e-06,0.010135240859469,0.734070103206193
"2174","Lamp5","TRIM25",0.0921476235377278,0.064799849258249,0.155016225474266,-0.0348577472120648,0.21915299428752,7,0.00606693793232162,21.2519546641028,0.537033325737761
"2175","Lamp5","FLNB",0.0113885860773036,0.0388024566183223,0.769138718083669,-0.0646628314062859,0.0874400035608932,7,0.00248959536050279,24.8713169066657,0.932057462987723
"2176","Lamp5","RCC1L",-0.0464417517755146,0.0500626852244809,0.353577732338034,-0.144562811784863,0.0516793082338334,6,0.00296130966885964,19.748313429184,0.73118383209935
"2177","Lamp5","RFC4",-0.00814448304680289,0.0735593258595173,0.911838445211286,-0.152318112458503,0.136029146364897,6,4.6837859590783e-06,0.0125960147767871,0.980489742157131
"2178","Lamp5","CENPT",-0.0741389856151413,0.0441872486447167,0.0933789907428745,-0.160744401534702,0.0124664303044197,7,0,0,0.435876457306665
"2179","Lamp5","DCAF17",0.0513443671135034,0.0343541313289216,0.135028881772947,-0.0159884930113421,0.118677227238349,7,0.000375102882786602,4.01141620905491,0.505892981554723
"2180","Lamp5","ATPAF1",0.0877714393915041,0.0308241387261066,0.00440654219574299,0.0273572376338689,0.148185641149139,6,4.19190926539192e-06,0.0642643550137424,0.112602218202757
"2181","Lamp5","SELENOW",-0.0453384816302629,0.0646020831204524,0.482796757192417,-0.171956237872613,0.0812792746120868,5,0,0,0.811720289507115
"2182","Lamp5","NIPA2",-0.0237149090057672,0.0473898312214307,0.616778041636423,-0.116597271433203,0.0691674534216689,7,0.00185860481673072,11.3193674804526,0.876537990474976
"2183","Lamp5","PPP6R2",-0.126034644338385,0.0397033281056382,0.00150141411039246,-0.203851737491812,-0.0482175511849568,7,0.00271331130631625,26.2849602512326,0.0687946794872928
"2184","Lamp5","ZNF239",-0.0305682099501345,0.0693269596156706,0.659264993822678,-0.166446553954512,0.105310134054243,7,0.00201916997380306,5.46972641555271,0.892964921996311
"2185","Lamp5","LINC01340",-0.167450666730327,0.0998576012086918,0.093563105077688,-0.363167968681926,0.0282666352212728,6,3.97616752298608e-07,0.000609683401879166,0.436226578410944
"2186","Lamp5","THAP6",-0.0834449706506553,0.0390269835611572,0.0325057648133,-0.15993645285576,-0.00695348844555045,7,0,0,0.280676130976357
"2187","Lamp5","FOXP1",0.116470143335557,0.0419197940946867,0.00546265731842334,0.0343088566706358,0.198631430000478,7,6.85004626137326e-07,0.00497928360852939,0.126013142205599
"2188","Lamp5","UEVLD",-0.0735615246308901,0.0557117661011483,0.186703248593244,-0.18275457970426,0.0356315304424801,7,0.00581176115316049,29.0853700938726,0.579579406254291
"2189","Lamp5","RANBP3",0.0673440680816263,0.0411764776076938,0.101944585221191,-0.0133603450396736,0.148048481202926,7,0.00118381905292714,9.47927597296397,0.452712697608698
"2190","Lamp5","ZNF546",0.0956729005512266,0.0438781610012919,0.0292262066817569,0.00967328528084442,0.181672515821609,7,0.000308153258455976,2.06099638370987,0.265589821965905
"2191","Lamp5","ZNF793",0.0301226858253881,0.0334967613178141,0.368508015819874,-0.035529759956262,0.0957751316070382,7,0,0,0.740794648039986
"2192","Lamp5","TXNIP",0.532727688882824,0.238110983738982,0.0252661947530405,0.0660387364310158,0.999416641334631,5,0.154779638343356,63.2954551360887,0.250545956095864
"2193","Lamp5","IDH3A",-0.0702363689491043,0.0353142750106308,0.0467128439510454,-0.139451076110084,-0.0010216617881251,6,8.22384013663261e-07,0.00943810054944635,0.324790058610786
"2194","Lamp5","PHYKPL",-0.0992998368707737,0.0448747849061375,0.0269100342837587,-0.187252799100785,-0.0113468746407625,7,0,0,0.256837270550256
"2195","Lamp5","GFM2",0.0332072198321184,0.0326561298222364,0.309212637984303,-0.0307976184939293,0.0972120581581661,6,0,0,0.696879927838551
"2196","Lamp5","COG8",0.049214137149201,0.0764840346244007,0.519928034544176,-0.100691816106939,0.199120090405341,7,0.0135032940813852,37.5536343368674,0.829927838376108
"2197","Lamp5","ATP6V1G1",0.020805742746168,0.0671710522488052,0.756756632480198,-0.110847100465148,0.152458585957484,7,0.00485548669917119,15.2654591318877,0.926555528105898
"2198","Lamp5","ITGA1",0.0383606607050739,0.135405280630961,0.776944926000197,-0.227028812648149,0.303750134058296,5,0.00745509281314865,7.0663592719312,0.934945096602572
"2199","Lamp5","DIP2A",0.0278971243665734,0.0247955902160809,0.260553397208124,-0.0207013394323589,0.0764955881655057,7,9.54226671343215e-08,0.00192262591882972,0.651489759092311
"2200","Lamp5","CXorf38",0.0236364999115635,0.0513476162439666,0.645284238628623,-0.0770029786185949,0.124275978441722,7,4.80390387539981e-06,0.0223533840550535,0.88705623514573
"2201","Lamp5","APOLD1",0.157182397388317,0.085762260669393,0.0668369577060949,-0.0109085447564296,0.325273339533063,7,2.50184958834381e-06,0.00411332163650655,0.376316455554383
"2202","Lamp5","PFKP",0.0106809063281513,0.0490141855284952,0.827495656203167,-0.0853851320392635,0.106746944695566,7,0,0,0.954753550654479
"2203","Lamp5","LINC00839",-0.0454715240246629,0.115151280667589,0.692927692874271,-0.271163886906801,0.180220838857475,6,7.11329318013347e-07,0.000789059414689751,0.905316768423022
"2204","Lamp5","MTF2",0.0668443713095846,0.0343067111888974,0.0513630241940115,-0.000395547048671563,0.134084289667841,7,0.00135308280797071,16.5516584489891,0.338977801469153
"2205","Lamp5","SUPT20H",0.09032951371035,0.0304473361405738,0.0030096945227841,0.0306538314496405,0.150005195971059,7,0,0,0.0913526314669418
"2206","Lamp5","MZT2B",-0.105044727660747,0.0570385588168345,0.0655272198637405,-0.216838248671812,0.00674879335031778,7,1.90828784846967e-06,0.00722302791814709,0.373672580884055
"2207","Lamp5","POP4",-0.178817406116674,0.121185234271656,0.140059119875531,-0.416336100747169,0.0587012885138215,6,0.0291360999221833,35.3437845039507,0.515335205612892
"2208","Lamp5","HGFAC",-0.141290021601907,0.0863836382937859,0.101921044682328,-0.310598841511262,0.0280187983074486,6,2.21576912448682e-07,0.000433538503991159,0.452712697608698
"2209","Lamp5","IDH1",0.0675373765404963,0.0931068714679308,0.468222139889168,-0.114948738249848,0.25002349133084,7,0.0264827953104825,52.9998533261699,0.803943800564904
"2210","Lamp5","NINL",0.0105739606793522,0.0323577764418684,0.743832265508239,-0.0528461157665085,0.073994037125213,7,0,0,0.923731562184063
"2211","Lamp5","CDNF",0.00510362182999321,0.162810892851988,0.974992863226425,-0.313999864450713,0.3242071081107,5,0.02726637189932,19.9812520741323,0.997093441046833
"2212","Lamp5","CDKL2",0.0248860922779447,0.0402734793413772,0.536623099844128,-0.0540484767632726,0.103820661319162,7,0.00419598117278943,43.0984815311585,0.839104775803267
"2213","Lamp5","B3GALNT1",-0.0273583224440598,0.0629134823002056,0.663666755671112,-0.150666481894461,0.0959498370063413,7,0.0107552082962013,45.0596306582973,0.895353753120906
"2214","Lamp5","SLC39A6",0.0112856269850548,0.0479354288574704,0.813871944301387,-0.0826660871590693,0.105237341129179,7,0.00241534082923651,14.8861739674161,0.948913065478652
"2215","Lamp5","ZFP1",0.000866614639355439,0.0453584296641946,0.984756606866075,-0.0880342738977592,0.08976750317647,7,0.000240624818241921,1.43993970656087,0.997296915565468
"2216","Lamp5","KIAA1549",0.011971089384001,0.0311823953287511,0.701048577360774,-0.0491452824120412,0.0730874611800431,7,0,0,0.90763667171782
"2217","Lamp5","ARFIP2",0.0442959941111393,0.0777291654145147,0.568761731976736,-0.108050370649666,0.196642358871944,7,0.0106188705213581,27.1318974081967,0.85385658457316
"2218","Lamp5","SUGP2",-0.120842496002068,0.0428248505594322,0.00477572689939001,-0.204777660741865,-0.0369073312622713,7,0.00501946057847246,45.9745235107237,0.118072529571483
"2219","Lamp5","LRRC75A",-0.0834615864169486,0.109525791560512,0.446044020260406,-0.298128193253793,0.131205020419896,7,0.0246344159997571,33.3025707171189,0.790240777561324
"2220","Lamp5","OAZ2",-0.0416848616641498,0.0469892487784771,0.375017055082879,-0.133782096930558,0.0504123736022579,7,0.00177132087093496,10.9730378742959,0.746369391384376
"2221","Lamp5","SEMA4G",-0.119096672918057,0.0440829146546107,0.00689960370477082,-0.205497597974647,-0.0326957478614673,7,0,0,0.14049441173522
"2222","Lamp5","PPARD",0.0218580235060385,0.0350603246867957,0.53299514406268,-0.0468589501663615,0.0905749971784386,7,0,0,0.837186823533913
"2223","Lamp5","RBM18",-0.0220573311350124,0.0448911371594403,0.623177804883235,-0.110042343192563,0.0659276809225382,7,7.30904647829635e-06,0.0437363480858739,0.878842378372477
"2224","Lamp5","USP2",0.0468006466239701,0.0441351911115091,0.288965856609072,-0.0397027384053801,0.13330403165332,7,0,0,0.679017553618742
"2225","Lamp5","PAPOLA",0.109354093686697,0.0366232695293705,0.00282728092073818,0.0375738044130272,0.181134382960366,7,8.4153372885152e-07,0.00797357023305957,0.0892122758076725
"2226","Lamp5","CPED1",0.000997885234427761,0.119584416581968,0.993342042344182,-0.233383264378464,0.235379034847319,6,0,0,0.998686458313853
"2227","Lamp5","THOC2",0.0592851710484995,0.0256374554753409,0.0207532474019021,0.00903668166158214,0.109533660435417,7,0.000118850603533781,2.27328642092889,0.22867109709499
"2228","Lamp5","FNDC5",-0.0703039232249596,0.0765980060576957,0.358708042255374,-0.220433256385624,0.079825409935705,6,1.83610414584041e-06,0.00459129365755581,0.734341772748556
"2229","Lamp5","NXNL2",0.127221284718893,0.0997719905434089,0.202266685804865,-0.0683282234120592,0.322770792849845,6,0,0,0.592800465709077
"2230","Lamp5","ABHD14B",-0.0844827572749496,0.125758984928553,0.501721806706526,-0.330965838467229,0.16200032391733,5,0.0243011889621526,32.1143514408509,0.821953006643139
"2231","Lamp5","COL16A1",-0.0367864521338764,0.0716686068897024,0.60775167011896,-0.177254340459852,0.103681436192099,5,4.21437828091395e-06,0.0149183028543635,0.871722852811632
"2232","Lamp5","COPS8",0.024822978913412,0.0584258183654964,0.670936418086759,-0.0896895208502399,0.139335478677064,7,0.00596559945802492,27.5847602634008,0.8984778953508
"2233","Lamp5","EPHB3",-0.117842823840648,0.0692515751282765,0.0888186123117291,-0.25357341696474,0.0178877692834438,5,0,0,0.426058504459175
"2234","Lamp5","ARMC1",-0.0205831766996799,0.0384135263663197,0.592075023270558,-0.0958723048968463,0.0547059514974865,7,0.00102713732848593,9.2863732651116,0.863643376990908
"2235","Lamp5","OVOL2",-0.0486057528300854,0.0863884267661446,0.573678720850094,-0.217923957972805,0.120712452312634,6,0,0,0.856247790013208
"2236","Lamp5","MAEL",-0.0614115534755357,0.121355167133655,0.612822873490737,-0.299263310395338,0.176440203444267,5,2.16003604010766e-06,0.00256411196131807,0.874360977628555
"2237","Lamp5","SMPDL3A",0.00253198217188525,0.0913448594533463,0.97788632199502,-0.176500652529547,0.181564616873317,6,0.0144772764514997,30.6658180494717,0.997093441046833
"2238","Lamp5","GLRA2",0.0644393183218792,0.0554498201019203,0.245186919453665,-0.0442403320271097,0.173118968670868,7,9.64624268286038e-08,0.000414281417227524,0.636602338199387
"2239","Lamp5","GALNS",-0.0457085593576062,0.055928694787539,0.413777058806307,-0.155326786843516,0.0639096681283033,7,0.00512450299044226,24.6715054850782,0.771625852727355
"2240","Lamp5","PFDN6",0.0616739095374122,0.0778318798064983,0.428128018806659,-0.0908737717323747,0.214221590807199,7,0.00430443095739262,9.47694782529239,0.780640574307744
"2241","Lamp5","DDX60",0.269220244683737,0.127084026370005,0.0341375816888892,0.0201401299881894,0.518300359379285,6,1.23681808658229e-06,0.0011626815421209,0.287321358732995
"2242","Lamp5","MYLK4",0.0456791100139189,0.081366497814301,0.574525234662712,-0.113796295250268,0.205154515278106,7,0,0,0.856247790013208
"2243","Lamp5","ZNF436-AS1",0.0386392716559404,0.118715956776366,0.744820353661096,-0.194039728015951,0.271318271327831,7,0.0350292032272266,40.0706673031049,0.923833556845838
"2244","Lamp5","ARFGAP2",-0.0248751644700302,0.0370622320314604,0.502110412540807,-0.0975158044383593,0.0477654754982989,7,0,0,0.822107574858433
"2245","Lamp5","ANLN",0.102283170084018,0.0788731673432971,0.19469806165023,-0.0523053972554455,0.256871737423481,7,8.13232625926963e-08,0.000168783834082355,0.587583280058094
"2246","Lamp5","LRRC73",-0.105175437896241,0.0807903128986271,0.192973723600402,-0.263521541477272,0.0531706656847896,6,0,0,0.587082599221091
"2247","Lamp5","SKA2",0.0238302141915548,0.0394661866093333,0.545967677982381,-0.0535220901698754,0.101182518552985,7,0.00172394760564254,15.7890736348605,0.843421483116018
"2248","Lamp5","OAT",0.0523503484865201,0.0414840767803545,0.206970961591594,-0.0289569479348691,0.133657644907909,6,4.19197836864698e-06,0.0361850068278923,0.595994637532837
"2249","Lamp5","OGFOD1",0.00164215740985351,0.0326181513725611,0.959847547975514,-0.0622882445226419,0.0655725593423489,7,0,0,0.993933458145851
"2250","Lamp5","CRLF1",-0.138022925504727,0.075554947303444,0.0677315424783918,-0.286107901073299,0.0100620500638451,6,0,0,0.37850538154163
"2251","Lamp5","AKT1",-0.0438357800446551,0.0425312777659038,0.302694847756305,-0.127195552682296,0.0395239925929855,7,9.47677182761083e-06,0.0641699908992402,0.692629309841654
"2252","Lamp5","CCKBR",0.00682670594143967,0.0874703905083663,0.937791536022247,-0.164612109168613,0.178265521051492,6,0,0,0.986380602969699
"2253","Lamp5","TMTC4",-0.196113374578568,0.0776498943954358,0.0115497512659591,-0.34830437099696,-0.0439223781601747,7,1.3508162450691e-06,0.00269642502422318,0.173959037014616
"2254","Lamp5","HSF5",0.031888045961924,0.137487265671542,0.816588855485451,-0.237582043087188,0.301358135011036,6,0.0507319852785646,49.7412640538379,0.950329517589579
"2255","Lamp5","RAB11B-AS1",-0.109588112912317,0.0757877535970886,0.14818082422511,-0.258129380431806,0.038953154607173,7,0,0,0.526805492887568
"2256","Lamp5","NDUFA8",-0.0114559574940448,0.0472198443613823,0.808308336827572,-0.104005151797941,0.0810932368098511,6,2.19686674678064e-06,0.0136631261917281,0.947362141179829
"2257","Lamp5","SNRNP25",-0.116200002424395,0.114013429828176,0.308118373191119,-0.339662218641506,0.107262213792715,7,0.0310931856656712,37.5443412247153,0.696394528456476
"2258","Lamp5","RPL7",0.0374733055548655,0.0756820615636188,0.620500464557066,-0.11086080938557,0.185807420495301,7,1.044021132343e-06,0.0023782537011925,0.877654057437961
"2259","Lamp5","TMC7",-0.0868999750220578,0.0616610148713796,0.158741173691147,-0.20775334342015,0.0339533933760348,7,0.00708684645055849,28.6273960006965,0.542861222811674
"2260","Lamp5","ZKSCAN2",-0.0440820254213501,0.0659238598290539,0.503699058809026,-0.173290416408163,0.0851263655654624,6,0.00419697368309832,15.8572583495476,0.822278216591144
"2261","Lamp5","LAMB3",0.0461315789794619,0.0909135797113177,0.611858532372471,-0.132055762960332,0.224318920919256,5,0,0,0.874121429918725
"2262","Lamp5","WDR90",-0.0984253423205551,0.0699021155714484,0.159117669205194,-0.23543097128375,0.0385802866426402,7,0,0,0.543481812227939
"2263","Lamp5","GOLGA7B",-0.000523826278192977,0.0571045687485564,0.992681022768512,-0.112446724378055,0.111399071821669,7,0.00259709323286477,10.9435029197781,0.998654866216999
"2264","Lamp5","ARMT1",-0.0832758708054741,0.0873483832710108,0.34039948940899,-0.254475556124456,0.0879238145135079,5,3.73689433510448e-06,0.00789687282280821,0.721012662742139
"2265","Lamp5","DALRD3",-0.0770884099179396,0.117206970944576,0.510723327092957,-0.306809851706342,0.152633031870463,7,0.0432185609081838,52.631082942412,0.824565023970019
"2266","Lamp5","LINC01122",0.0907575270818751,0.0593850324914833,0.126440652879468,-0.025634997822173,0.207150051985923,7,2.94756670075227e-06,0.0111472916122154,0.489988259165766
"2267","Lamp5","UBE2R2-AS1",-0.023307679700458,0.108431200386714,0.829803474415922,-0.235828927258863,0.189213567857947,5,0,0,0.955480430439053
"2268","Lamp5","TRABD",-0.0754168401461578,0.051146554362265,0.14034046482553,-0.175662244629517,0.0248285643372015,7,0,0,0.51569650107857
"2269","Lamp5","ZNF584",0.00696186212075387,0.0715638537991157,0.922502591090418,-0.133300713920403,0.14722443816191,6,0,0,0.982375103729229
"2270","Lamp5","TEK",0.124486886605054,0.0887515533962124,0.160722846828495,-0.0494629616235057,0.298436734833614,7,0.0113370884825045,21.1880671704418,0.544784249348815
"2271","Lamp5","MBD3",-0.104887159653784,0.0567034977660328,0.0643499345281045,-0.216023973072656,0.00624965376508757,6,0,0,0.371768534793044
"2272","Lamp5","ELOA",0.0721474624301935,0.0486698445631886,0.138237801484375,-0.0232436800468187,0.167538604907206,5,0,0,0.511570643833282
"2273","Lamp5","PWWP3A",-0.0762703926809678,0.0372401336811936,0.0405531617586123,-0.149259713475564,-0.00328107188637126,5,0,0,0.307932215189243
"2274","Lamp5","PIGV",0.0559101894398622,0.0899835212910102,0.534377195610004,-0.120454271492611,0.232274650372335,6,8.75649371513301e-07,0.00151258415221391,0.838037301304696
"2275","Lamp5","TMEM39B",-0.0988714753412737,0.0425720904116555,0.0202088138055059,-0.182311239294701,-0.015431711387846,7,4.08306999907199e-07,0.00283952954950022,0.227301561081054
"2276","Lamp5","CRNKL1",0.0438558821327806,0.0620460795759567,0.479673614400671,-0.0777521992180007,0.165463963483562,7,0.00666417387415084,27.116972928796,0.810567307823387
"2277","Lamp5","NQO1",0.170785157839318,0.079627382424016,0.0319684916272229,0.0147183561050494,0.326851959573587,6,0,0,0.277640661851822
"2278","Lamp5","ILF2",-0.00874334927223596,0.0539338180319063,0.871217216155542,-0.114451690163509,0.0969649916190373,7,0,0,0.968577940382375
"2279","Lamp5","RTN3",0.029455885113291,0.0242684358267273,0.224842085228699,-0.0181093750682159,0.077021145294798,7,9.60688478291126e-11,2.01272780851894e-06,0.615305834610987
"2280","Lamp5","PLPP6",-0.170187618285094,0.0828483866822318,0.0399557984937064,-0.332567472359516,-0.00780776421067178,5,0,0,0.305843499326131
"2281","Lamp5","CCNQ",-0.150542222763209,0.0815900632254881,0.0650222853541553,-0.310455808181511,0.00937136265509383,5,0,0,0.371880205906429
"2282","Lamp5","CHD7",-0.0613508724601045,0.100030835174027,0.539665031778665,-0.25740770674466,0.134705961824451,6,6.29839175680598e-07,0.000913522609925582,0.839580345393659
"2283","Lamp5","DHFR2",0.0346385461347411,0.0591022703711908,0.557823034606568,-0.0811997751973416,0.150476867466824,7,6.92089915644135e-07,0.00242796385301753,0.850476296218435
"2284","Lamp5","SVBP",0.0318259088481261,0.0755577183491318,0.673599401322532,-0.116264497870193,0.179916315566446,7,0.00732843347929516,18.5813302872067,0.899461281868709
"2285","Lamp5","MAP3K4",0.0248277706659748,0.0275112153912768,0.366812575708874,-0.0290932206718519,0.0787487620038014,7,4.0594830256778e-06,0.0672065160459256,0.738840871444988
"2286","Lamp5","DCC",0.0146614379912398,0.0696615451388283,0.83330341146937,-0.121872681588275,0.151195557570755,7,0.0133490360398491,41.3367086148562,0.956927024870186
"2287","Lamp5","PCDH10",-0.0345926676719851,0.0517828365516362,0.504112231794505,-0.136085162330516,0.0668998269865462,7,1.79682636578182e-06,0.00865873654033922,0.822278216591144
"2288","Lamp5","CHST12",-0.0726607362289498,0.0605590900797032,0.230204580318386,-0.191354371721685,0.0460328992637852,7,0.0073959613209147,31.86304362253,0.621816209052182
"2289","Lamp5","PLCG1-AS1",-0.0294157723397328,0.0993748099466851,0.767223713731018,-0.224186820805748,0.165355276126283,7,0.00999235648851734,14.1518660175383,0.931060416687648
"2290","Lamp5","KIF9-AS1",0.0587439788782341,0.057913496123762,0.310420517056547,-0.0547643877431394,0.172252345499608,5,4.30214671392805e-06,0.0227756647642198,0.697319631621997
"2291","Lamp5","PCBD1",0.112886268452706,0.111379003824984,0.310805759483014,-0.105412567678212,0.331185104583623,7,0.0302836457955196,38.6201526193232,0.697490350470512
"2292","Lamp5","TIGD4",-0.061070721894543,0.126432548433006,0.629074390148639,-0.308873963296851,0.186732519507765,6,0.040968629815875,46.3066041144673,0.88191549991279
"2293","Lamp5","TP53I11",0.0869443570400574,0.0635236810771881,0.171095557593103,-0.0375597700366399,0.211448484116755,7,0,0,0.561507072792513
"2294","Lamp5","MRPL1",0.00431832128792566,0.0357272581573566,0.903794722886069,-0.0657058179668581,0.0743424605427094,6,0,0,0.978585884200498
"2295","Lamp5","PAIP1",0.024996006399703,0.0355030139004475,0.481399716304166,-0.0445886221877989,0.094580634987205,7,0,0,0.811608774868689
"2296","Lamp5","DNER",-0.0261476013836677,0.0296391131440556,0.377669103999595,-0.0842391956797244,0.0319439929123889,7,0,0,0.748267861950159
"2297","Lamp5","ZNF575",-0.0524066478836453,0.0882454818994207,0.552596764760375,-0.225364614204891,0.1205513184376,6,0.0110095147674761,24.1566819575346,0.84702700714808
"2298","Lamp5","ATP6V1F",0.0130443209788377,0.0962283896548402,0.892172411220439,-0.175559857034936,0.201648498992611,6,0.013484343010036,25.0232495528776,0.975719237840442
"2299","Lamp5","MRPL43",-0.0446961528151963,0.0884787742918501,0.613444754201742,-0.218111363823471,0.128719058193078,6,0.0154683407840787,35.4672654908231,0.87460488978286
"2300","Lamp5","CNBD1",-0.0806412493565475,0.0979233019191697,0.410215530999982,-0.272567394365362,0.111284895652267,5,0,0,0.770505868011963
"2301","Lamp5","B4GALNT3",0.123977063269708,0.117122000475923,0.289814223049124,-0.105577839460383,0.3535319659998,7,0.0242923674290537,27.0480984356481,0.679711913966886
"2302","Lamp5","SLC39A9",0.00859764146998178,0.0319196360510519,0.78765824963111,-0.0539636955897062,0.0711589785296697,7,0,0,0.938643357904296
"2303","Lamp5","NCAPD2",-0.10791745680298,0.0663741254384195,0.103971679425426,-0.238008352167626,0.0221734385616657,7,0,0,0.455085911390479
"2304","Lamp5","NCK1",0.0271316880801659,0.0421272148617136,0.519548316664043,-0.0554361358177732,0.109699511978105,7,0.00308444521125403,26.6408431746119,0.829653934969326
"2305","Lamp5","ABHD17A",-0.000919360689922558,0.0503996024076583,0.98544625381517,-0.099700766244071,0.0978620448642259,7,0,0,0.997296915565468
"2306","Lamp5","ZC3HAV1L",0.0629404406882204,0.246224834742525,0.798242867175316,-0.419651367506454,0.545532248882895,5,0.146116880376509,56.114506537654,0.94359509133559
"2307","Lamp5","SAR1B",0.00326883756399041,0.0385990839900168,0.932510294399583,-0.0723839768926791,0.0789216520206599,7,0.00114100613580862,10.459691536973,0.985154855308785
"2308","Lamp5","NFKBID",-0.00228125741076612,0.0772389644618846,0.976437857696105,-0.153666845959229,0.149104331137697,6,3.76751129238101e-06,0.00944286874114339,0.997093441046833
"2309","Lamp5","VAPA",0.0716754929950778,0.031346812475658,0.0222231483474076,0.0102368695126573,0.133114116477498,7,0.000171066923206213,2.19453878514994,0.235913209565378
"2310","Lamp5","DNAJC13",-0.0285327301195417,0.0295921676161106,0.334946306304468,-0.086532312871591,0.0294668526325077,7,1.054208419825e-06,0.0146775603346369,0.71644122287518
"2311","Lamp5","RBBP5",-0.0671929551644444,0.0414323049885285,0.104856295987379,-0.148398780738439,0.0140128704095505,7,1.74712901464252e-06,0.0126997622621328,0.456489422538429
"2312","Lamp5","ZMYM1",0.0805117086870556,0.0424289451633385,0.0577533236608813,-0.00264749573511269,0.163670913109224,7,2.40902520117409e-06,0.0162554638980802,0.355096692004025
"2313","Lamp5","CACNA1G",-0.00124242196718335,0.079960354026126,0.987602988622019,-0.157961836049463,0.155476992115096,7,7.97843960716667e-07,0.00154249587812188,0.997613323839068
"2314","Lamp5","MRPL37",-0.0543941569190617,0.0426416956058621,0.202093553486777,-0.137970344546271,0.0291820307081478,6,0,0,0.592631191281858
"2315","Lamp5","TACC2",-0.0506273376138485,0.0265526292930923,0.0565621828974301,-0.102669534723153,0.00141485949545568,7,0,0,0.350298884137943
"2316","Lamp5","R3HCC1",-0.0448267752860412,0.0618404810754521,0.468527165847265,-0.166031890980558,0.0763783404084757,7,0.000764809308369402,2.4981585938412,0.804005793710352
"2317","Lamp5","YIPF6",-0.0120526946569486,0.0345451104526406,0.727166436342108,-0.0797598669860824,0.0556544776721851,7,0,0,0.918190625299891
"2318","Lamp5","GPATCH2",0.00128825419778915,0.0329064753209572,0.968771628568682,-0.0632072522894431,0.0657837606850214,7,0,0,0.995710659885361
"2319","Lamp5","PSME2",-0.0725558682668149,0.0786053620293403,0.355986526820809,-0.226619546836054,0.0815078103024245,6,0.00393136231003035,9.97900982727998,0.732294203682725
"2320","Lamp5","PIAS1",0.0754478106617335,0.0396284682892322,0.0569259378264661,-0.00222255994764915,0.153118181271116,7,0.00427600441123452,45.1336902926263,0.351822889130082
"2321","Lamp5","FGFR1OP2",-0.0162599982282501,0.0323571957196862,0.615304825100301,-0.0796789364795486,0.0471589400230484,7,1.49547236709572e-06,0.0175898696370114,0.875586673414386
"2322","Lamp5","ASAH2B",-0.0751151630999629,0.0729253692769071,0.302996920793529,-0.218046260441985,0.0678159342420588,7,0.00791277343882216,22.1304718952061,0.692703589672029
"2323","Lamp5","PLEKHB2",-0.0123156846371536,0.0404373046933141,0.76069942169372,-0.0915713454679216,0.0669399761936146,7,0,0,0.927056392951717
"2324","Lamp5","TOMM40",-0.0971330931594079,0.0489178393918693,0.047073596583538,-0.193010296568987,-0.00125588974982929,6,0,0,0.325269770004088
"2325","Lamp5","RUVBL1",-0.0578758663702162,0.0412315567425991,0.160414487241421,-0.13868823261223,0.0229364998717977,7,0,0,0.544692046747946
"2326","Lamp5","PRKAG2",0.0684507627895097,0.0342124755440973,0.0454188580541216,0.00139554290112152,0.135505982677898,7,2.4608408053269e-06,0.0263727351007218,0.320562118293661
"2327","Lamp5","RFK",0.0841665155710927,0.0624329067267881,0.177622543619997,-0.0381997330635604,0.206532764205746,6,3.45764154805056e-07,0.00131880417338702,0.570251811852764
"2328","Lamp5","KAT2A",-0.0600786710382628,0.0381692211513555,0.115485529743887,-0.134888969812864,0.0147316277363384,7,0,0,0.472168017164837
"2329","Lamp5","KBTBD3",0.104252486993371,0.0518574494461378,0.0443923973373117,0.00261375374883449,0.205891220237908,7,0.00311497717321592,16.6528266328045,0.317637901128817
"2330","Lamp5","NCOA5",0.0134281092996612,0.042148669771116,0.750038074474456,-0.0691817654479982,0.0960379840473206,7,0,0,0.925857280412884
"2331","Lamp5","PSMD10",0.121784114309548,0.144801098482537,0.400323210918601,-0.162020823638062,0.405589052257158,7,0.0712968520502908,59.2406801666913,0.762743492813461
"2332","Lamp5","PPID",0.122101370555222,0.0465366069617158,0.00869623929659328,0.0308912969475629,0.213311444162881,7,6.04382977728225e-08,0.000354413221953236,0.15407159370068
"2333","Lamp5","GMNN",0.25749934006131,0.080719296037029,0.00142243609021341,0.0992924269713064,0.415706253151314,7,0.00475832039701141,9.86282522650487,0.066687732691207
"2334","Lamp5","VSTM2B",-0.0237262945324051,0.0807322287706308,0.768842907953518,-0.18195855531449,0.13450596624968,7,0.0228573300803814,57.9277302339416,0.93204179789317
"2335","Lamp5","CRTC1",-0.00485976516887192,0.0401598741104085,0.903682743707285,-0.0835716720489351,0.0738521417111912,7,0.00219720828996985,20.107869305037,0.978585884200498
"2336","Lamp5","INCENP",-0.0684718167625215,0.0773383074662016,0.375965476694604,-0.220052114021562,0.0831084804965188,6,0.00566055776927081,15.4747355753289,0.746832307052066
"2337","Lamp5","PARN",-0.0216729657805537,0.0294297518316052,0.461468771106123,-0.0793542194444515,0.0360082878833441,7,0,0,0.799485491699775
"2338","Lamp5","OVGP1",-0.0239434187921362,0.0875377516321729,0.784452704255041,-0.195514259278807,0.147627421694535,7,0.0196520427901452,41.66590667544,0.938006965913192
"2339","Lamp5","FCSK",-0.0443420579331704,0.0540704788101488,0.412171138870724,-0.150318249027898,0.0616341331615573,5,0,0,0.771490283670635
"2340","Lamp5","TCEAL6",0.0132455386460487,0.114556225952532,0.907949921482388,-0.211280538425746,0.237771615717843,7,0.0397703765828769,51.1668250582479,0.979767074450202
"2341","Lamp5","CMPK1",-0.0867561747928907,0.0463530207105113,0.061256404324622,-0.177606425960132,0.00409407637435055,7,0.00364031911216174,26.3087390346234,0.365304355374284
"2342","Lamp5","TMEM69",0.00217855643630511,0.0512620061645347,0.966101337552958,-0.0982931294214531,0.102650242294063,7,1.07591163859787e-06,0.00506106031040005,0.994629554420852
"2343","Lamp5","XYLB",-0.0240109783374288,0.0389054006989562,0.537127141128846,-0.100264162511482,0.0522422058366248,7,0,0,0.839104775803267
"2344","Lamp5","RTP5",0.00563234030626905,0.105720297599838,0.957512109798618,-0.20157563542427,0.212840316036808,7,0.0207909198411041,28.5482270151511,0.993217221014664
"2345","Lamp5","STYX",0.143401485892274,0.0474748931668079,0.00252295032188596,0.0503524051154434,0.236450566669104,7,2.85985208120492e-06,0.0151183601712221,0.0844398622794294
"2346","Lamp5","MAL",-0.265407591376533,0.10606567019528,0.0123391077723633,-0.473292484955385,-0.0575226977976822,5,5.39900216229961e-07,0.000821145339869423,0.180395342114539
"2347","Lamp5","PSMB4",0.019469174030035,0.0670259741330862,0.771455108411133,-0.111899321299527,0.150837669359597,7,0.00634021505603881,21.1117635636979,0.93284445313334
"2348","Lamp5","UNG",0.0166013211393433,0.0585658029272944,0.776820855187136,-0.0981855433238242,0.131388185602511,6,9.47509072070577e-06,0.0404437610657015,0.934945096602572
"2349","Lamp5","DROSHA",0.0312824303837926,0.0412000688556648,0.447684467695025,-0.0494682207338808,0.112033081501466,7,0.00423397706414152,41.9070719187858,0.791522553099468
"2350","Lamp5","MED13L",0.0466807012565514,0.0323304408403079,0.148777742922235,-0.0166857983947549,0.110047200907858,7,0.00149746157498926,21.0124201594549,0.527805703828836
"2351","Lamp5","RALGAPB",-0.000157638750307083,0.0249870369908711,0.994966322307232,-0.0491313313327845,0.0488160538321703,7,0,0,0.998808560940909
"2352","Lamp5","CHD5",-0.0744557992357246,0.031521076353611,0.0181719500175798,-0.136235973642739,-0.01267562482871,7,0,0,0.215599225450515
"2353","Lamp5","RANGAP1",0.0159677227661852,0.0455076425400552,0.725678357430418,-0.0732256176336458,0.105161063166016,7,0,0,0.917618044281986
"2354","Lamp5","PRAM1",0.0429413804599169,0.126711646876239,0.734692179154762,-0.205408883839269,0.291291644759102,5,0.0225847517576728,28.7019095339674,0.92078041257867
"2355","Lamp5","LINC01963",-0.00388961580729845,0.112983572495576,0.972537144866881,-0.225333348743297,0.2175541171287,5,0.0222498253985549,38.1052878185277,0.996727391459769
"2356","Lamp5","CPPED1",-0.0950297486877605,0.0505458252395618,0.060098379309931,-0.194097745726157,0.00403824835063622,7,0.000325349348903995,1.60166832200273,0.361709369988659
"2357","Lamp5","DNAH7",-0.0454340120300374,0.0692309670781932,0.511652226017384,-0.181124214118174,0.0902561900580993,7,0,0,0.825264688974383
"2358","Lamp5","MTG2",-0.0571356862831348,0.0412190999175949,0.165702357619195,-0.137923637596779,0.0236522650305091,6,5.42651839887063e-05,0.480754893742668,0.552448980977964
"2359","Lamp5","XRCC4",0.011963774736978,0.0470067358706406,0.799100094134107,-0.0801677346002646,0.104095284074221,7,0,0,0.943887713826619
"2360","Lamp5","IGSF3",-0.0430218941369484,0.0860161139229801,0.616961810447886,-0.211610379516084,0.125566591242187,7,0.00363554369686594,6.5887155633389,0.876537990474976
"2361","Lamp5","OARD1",0.0410428608197631,0.0491309550476367,0.403505578834285,-0.0552520415996613,0.137337763239187,7,0,0,0.766114903985236
"2362","Lamp5","ZNF536",-0.0508775394805463,0.0285342161134602,0.074580415259891,-0.106803575390011,0.00504849642891814,7,1.3546183462644e-06,0.0218548019337037,0.394262063860936
"2363","Lamp5","RGL2",-0.0544814409172851,0.0506946292206612,0.282509744945305,-0.153841088399393,0.0448782065648226,7,0,0,0.672211309152586
"2364","Lamp5","RPP30",0.0581402624532992,0.0487920262305286,0.233420665724137,-0.0374903516912704,0.153770876597869,7,0.00364786816838682,23.0679014116359,0.623519319975768
"2365","Lamp5","GSDME",0.0219158582057015,0.0432359722769216,0.61223238854968,-0.0628250902936371,0.10665680670504,5,0,0,0.874126926297233
"2366","Lamp5","KBTBD8",0.156466343203066,0.114732808275566,0.172647699785097,-0.0684058288621835,0.381338515268315,6,0.0178594174160029,23.2207858461774,0.563117247989338
"2367","Lamp5","ADRA1D",-0.334937133571617,0.0928260789210237,0.000308302204758024,-0.516872905082896,-0.153001362060338,7,0,0,0.0343269289641934
"2368","Lamp5","RIMS4",-0.0254296462723919,0.0401284226953299,0.526272317490677,-0.104079909511638,0.0532206169668544,7,0,0,0.834153829671438
"2369","Lamp5","ARID3B",0.0891977024373212,0.0430386894559174,0.0382187961142644,0.00484342116191933,0.173551983712723,7,0,0,0.3002447653154
"2370","Lamp5","GATM",0.0527865994905479,0.0689853202408535,0.444160810256703,-0.0824221436434869,0.187995342624583,5,2.86136009269157e-07,0.00105309780091523,0.789771699774591
"2371","Lamp5","TACO1",0.0928439127026992,0.1178664790452,0.430869787414479,-0.138170141210438,0.323857966615836,6,0.0303417905047854,38.4084955898347,0.782421831476114
"2372","Lamp5","GDF11",-0.0857845394769808,0.0563476989806313,0.127905318292836,-0.196224000090722,0.0246549211367609,7,0.00383974101052552,17.5330098676119,0.491839132303546
"2373","Lamp5","LSM6",-0.0348780591502589,0.0413086985923567,0.398486572689995,-0.115841620639498,0.0460855023389808,7,0,0,0.76235817034069
"2374","Lamp5","B3GAT2",0.116208719975246,0.0702579267570762,0.0981214133797081,-0.0214942860970768,0.253911726047568,7,0.00785624949140708,23.453024516899,0.444220848429946
"2375","Lamp5","ZNF57",-0.0620966769270429,0.0852388873028592,0.466306509579695,-0.229161826122915,0.10496847226883,6,0,0,0.802036465995049
"2376","Lamp5","WDR36",0.0666988519644578,0.0410268827833438,0.104005975289546,-0.0137123606888424,0.147110064617758,7,8.76386049418251e-07,0.00652255485342572,0.455085911390479
"2377","Lamp5","ECH1",0.0398783251081674,0.13027282516939,0.759517910153812,-0.215451720388119,0.295208370604454,5,0.0426561571676521,53.5159997249114,0.926555528105898
"2378","Lamp5","C1orf43",-0.125864774124749,0.0685034972082636,0.0661585154013372,-0.260129161467985,0.0083996132184882,5,2.93656645590728e-07,0.00104243543999182,0.374261913758085
"2379","Lamp5","DIS3L",-0.0897086292545433,0.0364497402261424,0.0138488732288351,-0.161148807343623,-0.0182684511654633,7,0,0,0.188846835739611
"2380","Lamp5","ZSCAN12",0.0196798410934384,0.0568007975338857,0.728988616440521,-0.0916476763661292,0.131007358553006,7,1.69781331454883e-06,0.00642790190364076,0.91913282699127
"2381","Lamp5","TEX264",-0.142164227701285,0.0861603175348031,0.0989436392713239,-0.311035346966034,0.0267068915634643,6,0.0142719472298373,34.1932957654182,0.445255147257879
"2382","Lamp5","NUDT10",-0.0591791848855089,0.100112463698712,0.55443529976568,-0.255396008138558,0.13703763836754,5,4.39927782211096e-06,0.00792212395437158,0.848540024302249
"2383","Lamp5","VWA1",-0.0402773637634387,0.100609120380253,0.688909707732856,-0.237467616224989,0.156912888698112,6,0.014110847802521,23.6502202604163,0.904056972981151
"2384","Lamp5","CUTA",-0.0356812399477455,0.073025619890932,0.625115972001546,-0.178808824882684,0.107446344987193,7,0.00142431038744148,3.31932239008269,0.87996431216605
"2385","Lamp5","LZTS1-AS1",0.057704373945105,0.110626953809584,0.601940334539442,-0.159120471241056,0.274529219131266,5,0,0,0.8680338189747
"2386","Lamp5","DPYSL2",0.0741637395634501,0.0316171885335058,0.0189925138951678,0.0121951887453659,0.136132290381534,7,0,0,0.221289061903575
"2387","Lamp5","ASMTL-AS1",0.118211700799049,0.124977602693092,0.344218424211269,-0.126739899353567,0.363163300951666,5,0.00444956245335016,5.06987568100924,0.72433889877292
"2388","Lamp5","LINC02112",-0.0593038842726104,0.0836420916758527,0.478312299917941,-0.223239371548879,0.104631603003658,5,1.3612946066326e-06,0.00349644660104914,0.809837752289462
"2389","Lamp5","MTIF3",-0.00804475198130507,0.0566868225489178,0.887146566852688,-0.119148882575197,0.103059378612587,6,0.00932685050522106,54.9339536793583,0.974011298943957
"2390","Lamp5","CNDP2",-0.0407364151666789,0.0468920969968177,0.384996651504785,-0.13264323644,0.0511704061066425,7,0,0,0.754164611850241
"2391","Lamp5","C8orf34",-0.0599756209603753,0.0430251844217575,0.163328035366662,-0.144303432855214,0.0243521909344632,7,0,0,0.549649353486183
"2392","Lamp5","RBKS",-0.010048653451439,0.0430977471317644,0.81563747640267,-0.0945186856445115,0.0744213787416336,7,2.40521527464743e-06,0.0162559144526358,0.949515906610951
"2393","Lamp5","EPHB6",-0.155634636631846,0.0636432893472759,0.0144683139605182,-0.280373191610168,-0.0308960816535232,7,0,0,0.192265888474651
"2394","Lamp5","BAG3",0.147316072308643,0.142254747401268,0.30039845132245,-0.131498109227685,0.426130253844971,5,5.51952916616305e-07,0.000505314162081394,0.689991770313005
"2395","Lamp5","COX20",-0.0247393713041509,0.0449139818716193,0.581759334542769,-0.11276915817481,0.0632904155665079,6,0,0,0.858497023913742
"2396","Lamp5","YWHAE",-0.0587962339098606,0.0303806512115788,0.052951233288724,-0.118341216111428,0.000748748291707013,7,0,0,0.341371320161645
"2397","Lamp5","TSPYL2",-0.0441817388255411,0.0518570051612184,0.394218689767826,-0.145819601287637,0.0574561236365546,7,0.0079770398148903,51.9054875879079,0.75908083400383
"2398","Lamp5","MED14",-0.0474366787007232,0.0295564912299982,0.108504897280107,-0.105366337020894,0.0104929796194473,7,1.10191905601402e-06,0.015688609336108,0.463464486118256
"2399","Lamp5","TMEM138",-0.0623743739842613,0.060216387414772,0.300278100678396,-0.180396324596325,0.0556475766278027,7,0,0,0.689991770313005
"2400","Lamp5","SIRT5",-0.00497453497119337,0.0307870698165463,0.871637625334586,-0.0653160830011444,0.0553670130587576,6,0,0,0.968577940382375
"2401","Lamp5","MINAR1",-0.421354411862962,0.406765696021532,0.300265054478483,-1.21860052621153,0.375891702485609,5,0.710630544725957,92.9933935540989,0.689991770313005
"2402","Lamp5","ACO2",-0.0575543932961417,0.0276508945056894,0.0373912845761039,-0.111749150667609,-0.00335963592467403,6,0,0,0.297123388708532
"2403","Lamp5","CSNK2A1",-0.011865162582925,0.0225010930791547,0.597974899971371,-0.0559664946308516,0.0322361694650016,7,7.71144937002972e-05,1.88296053077445,0.866478626103989
"2404","Lamp5","C1QTNF9B",0.0937711995687866,0.290274576152353,0.746662599694351,-0.475156515317454,0.662698914455027,5,0.248852951639167,61.9916412686595,0.923981530672427
"2405","Lamp5","CD200",0.0165281605151018,0.0325999795942835,0.612155445737045,-0.0473666253864345,0.0804229464166381,7,0,0,0.874121429918725
"2406","Lamp5","TPRG1L",0.0587738168106143,0.0611797570586676,0.336715985793876,-0.0611363036072844,0.178683937228513,6,0,0,0.717915220914416
"2407","Lamp5","RPS26",-0.102900687404218,0.0915565787332508,0.26105429947122,-0.282348284269096,0.0765469094606592,7,3.0757917753783e-06,0.00471554570565369,0.65176375101802
"2408","Lamp5","LRTM2",-0.102877807681166,0.0728477440982611,0.157882096171441,-0.245656762468748,0.0399011471064155,6,0,0,0.541627076337997
"2409","Lamp5","STMN4",0.0560458619722092,0.0529665929679065,0.289993416783858,-0.0477667526286799,0.159858476573098,7,0.00235839875539505,11.5879358953523,0.679711913966886
"2410","Lamp5","FGF17",0.0150909492487876,0.0537815672638768,0.779019477071672,-0.0903189856205293,0.120500884118104,7,0,0,0.935790784300726
"2411","Lamp5","COX4I1",-0.0337349064517982,0.0649562683668544,0.603518103645394,-0.161046853020951,0.0935770401173549,6,0,0,0.868633169033008
"2412","Lamp5","ARFGAP1",-0.0827369329142184,0.039584181522073,0.0366042005547186,-0.160320503054977,-0.00515336277345939,7,0,0,0.29202777480579
"2413","Lamp5","SURF4",0.0114501891885712,0.038545893214752,0.766425729794086,-0.0640983732642696,0.086998751641412,7,0,0,0.93055735379163
"2414","Lamp5","PRKX",0.180058337506565,0.118135296291738,0.127466116948786,-0.0514825885282094,0.41159926354134,7,0.0485099737299556,56.8543032763845,0.491041355288606
"2415","Lamp5","KIAA1671",-0.0388760461753239,0.0779037649335373,0.617760688045426,-0.191564619705131,0.113812527354484,7,0.0193964456253236,56.6882725154341,0.877117743092904
"2416","Lamp5","MRPS14",0.0662942811408388,0.0503936660257387,0.188332497040152,-0.0324754893185488,0.165064051600226,6,0.000447379473458336,2.63111663912176,0.581487218360641
"2417","Lamp5","ZNF84",0.0476138454142699,0.0298670804548078,0.110893152569513,-0.0109245566005135,0.106152247429053,7,0,0,0.464802131967571
"2418","Lamp5","UBXN1",-0.0495576878001281,0.102750621348307,0.62958549829848,-0.250945205031923,0.151829829431666,6,0.0268570359032631,47.8889886929059,0.882260718789726
"2419","Lamp5","PFN2",-0.0335995731375571,0.0753480934277717,0.655651666618319,-0.181279122559749,0.114079976284635,7,0,0,0.892029383514047
"2420","Lamp5","OCRL",0.0958801042185166,0.0347645290288022,0.00581585870326447,0.027742879382567,0.164017329054466,7,1.80117576463441e-07,0.001806793217499,0.129038690598033
"2421","Lamp5","EIF4A3",-0.0156430272683957,0.0759364766354076,0.836789748073433,-0.164475786586662,0.13318973204987,6,0,0,0.958081489492012
"2422","Lamp5","ENOSF1",-0.0621024425917836,0.0864985534272126,0.472782370059567,-0.231636492023934,0.107431606840367,7,1.31629104219981e-05,0.021865475552169,0.806067831720807
"2423","Lamp5","TP53TG5",-0.0602267743569976,0.0733394251200962,0.411528951807305,-0.203969406239258,0.0835158575252631,7,0,0,0.770723852721724
"2424","Lamp5","UTP25",0.033230574167112,0.0573741787425542,0.562460700279223,-0.0792207498108578,0.145681898145082,5,0,0,0.852814428920204
"2425","Lamp5","FAM222A",-0.0749753336095634,0.144563889770844,0.604017995846978,-0.358315351025435,0.208364683806308,5,0,0,0.868754145856967
"2426","Lamp5","IQCJ-SCHIP1",0.041991333808904,0.0683522311004833,0.53899237502462,-0.0919765774110018,0.17595924502881,7,0,0,0.839382175581193
"2427","Lamp5","GHITM",-0.0168379348545137,0.0680436791917887,0.804553995685396,-0.150201095446017,0.11652522573699,6,0.00964193316861041,38.4458727100521,0.945989699577391
"2428","Lamp5","SGO2",0.035700944335866,0.0826789305626383,0.665885178452539,-0.126346781847193,0.197748670518925,6,1.34830128806328e-06,0.00292692277530717,0.89627405464491
"2429","Lamp5","P2RX4",-0.11258897747501,0.0528443133713983,0.033123851847427,-0.216161928470699,-0.00901602647932072,7,4.62650399898808e-07,0.00208810953748471,0.283240512106319
"2430","Lamp5","PIPOX",-0.0743633431775092,0.0713674123477986,0.297421426756064,-0.214240901049014,0.0655142146939952,7,0,0,0.687718038214807
"2431","Lamp5","ADAM23",0.0260671125929379,0.0279065631583197,0.35025985389903,-0.028628746129661,0.0807629713155368,7,0,0,0.729240527990685
"2432","Lamp5","MSS51",-0.0780963962347761,0.0506420016147604,0.123042743569499,-0.177352895504726,0.0211601030351736,7,0,0,0.484833005056882
"2433","Lamp5","CNOT6L",0.0409736629738866,0.0329049839103951,0.213054032108933,-0.0235189204023577,0.105466246350131,7,2.62235034711917e-07,0.00308987984127961,0.602909076634875
"2434","Lamp5","EDA",0.114491916849268,0.0571902152538054,0.0452901743613858,0.00240115468371653,0.22658267901482,7,2.71320862274138e-06,0.010656950676558,0.320160951118528
"2435","Lamp5","STXBP1",0.00288484943338488,0.031870080431175,0.927874755652661,-0.0595793603961129,0.0653490592628827,7,0.00210759559846253,33.2127078709558,0.983884112435921
"2436","Lamp5","MSTO1",-0.0471358717569458,0.0673154785847939,0.483787814493108,-0.179071785385219,0.0848000418713275,7,0,0,0.812496136694637
"2437","Lamp5","TCEAL4",-0.0469833217975067,0.0449666720289419,0.296093385986275,-0.135116379478857,0.0411497358838441,7,2.81495037052785e-06,0.0171588641505377,0.686502676039135
"2438","Lamp5","GDI2",-0.0425838780932073,0.027678745122105,0.123925272304059,-0.0968332216697969,0.0116654654833822,7,5.52326681326002e-06,0.0873183682800496,0.486420153219607
"2439","Lamp5","COL26A1",-0.133981470740142,0.105761125887767,0.205215732183484,-0.341269468444573,0.0733065269642882,7,0.0290770683274791,43.088498657054,0.59457486584747
"2440","Lamp5","TRAM1",0.0751137415260518,0.0351022110346729,0.0323662570706358,0.00631467212036853,0.143912810931735,7,0,0,0.280078197038881
"2441","Lamp5","ALAD",0.0535904169472307,0.0498114525679673,0.281987470615417,-0.0440382361036104,0.151219069998072,7,0,0,0.671503018934642
"2442","Lamp5","TMEM214",-0.105988100881778,0.10574399277811,0.316194627222399,-0.313242518308338,0.101266316544782,5,0.0217958017068174,40.4128214742448,0.70158239751328
"2443","Lamp5","IER5L",0.156030587390234,0.093212345205149,0.0941451030799529,-0.0266622521263732,0.33872342690684,5,0.00489962266790344,10.8880430340835,0.43681170653242
"2444","Lamp5","GAD1",-0.0302041910417371,0.03491225202556,0.386958724865808,-0.0986309476310202,0.038222565547546,7,0,0,0.755827226879962
"2445","Lamp5","ZNF615",-0.0802497697059944,0.0507923219469097,0.114116330504396,-0.179800891413101,0.0193013520011121,7,0,0,0.469877796733769
"2446","Lamp5","ZNF367",-0.23488164311237,0.126116974310335,0.0625451766137558,-0.482066370599789,0.0123030843750492,5,0,0,0.367678264177257
"2447","Lamp5","MRPL52",-0.0247811396069043,0.0801334489717172,0.757132591242557,-0.181839813548448,0.13227753433464,5,0.0095748220575694,30.3941292987661,0.926555528105898
"2448","Lamp5","TRA2B",0.0615592283376867,0.0297259354670128,0.0383688069836065,0.00329746541557984,0.119820991259794,7,0,0,0.300730925115179
"2449","Lamp5","NAA20",-0.00198714237968535,0.0383465997529382,0.958671670838274,-0.0771450968250167,0.073170812065646,7,0,0,0.993384495552569
"2450","Lamp5","PHLDA1",0.0933400295419584,0.0779507538925258,0.231141703538451,-0.0594406406551375,0.246120699739054,7,0,0,0.622328019279452
"2451","Lamp5","WASF1",0.0665912738734146,0.0315251573377756,0.0346588660174733,0.00480310088441574,0.128379446862413,7,0,0,0.287703178241735
"2452","Lamp5","WNT7B",-0.107136243519579,0.0923628457142135,0.246069337373191,-0.288164094629067,0.0738916075899091,6,7.72844117721664e-08,0.00013647002517447,0.637371281274852
"2453","Lamp5","SRSF12",0.0115914114105952,0.0394187613160921,0.768713403664093,-0.065667941084126,0.0888507639053164,7,0.00150001456077762,13.5243823633347,0.931979277617486
"2454","Lamp5","PCDHB9",-0.23253840585076,0.140714319764297,0.0984210964328767,-0.508333404697834,0.0432565929963146,5,0,0,0.44440007470944
"2455","Lamp5","KIAA0319",-0.0929085559425647,0.0426300869750067,0.0293010183236837,-0.176461991071388,-0.00935512081374158,7,0,0,0.26566404710609
"2456","Lamp5","PRR5",0.0188474798703084,0.120802533581971,0.876018114056676,-0.217921135191546,0.255616094932162,6,0.0173387552913296,19.9398624226851,0.970235528632185
"2457","Lamp5","WAC-AS1",-0.0125129849398955,0.0977063690658285,0.898095761838003,-0.204013949369098,0.178987979489307,5,0.0195754993982885,44.9842685230547,0.977171524170855
"2458","Lamp5","ZKSCAN8",0.0601167996840066,0.043226160366168,0.164301129461809,-0.0246049178236353,0.144838517191649,7,0,0,0.550591979769544
"2459","Lamp5","SGCE",0.0550736032402956,0.0351677507465033,0.117342588964197,-0.0138539216401324,0.124001128120724,7,0,0,0.474568826994533
"2460","Lamp5","RAP2C",0.0170410829972168,0.0874879700012794,0.845563603351752,-0.154432187285812,0.188514353280245,6,0.00295739245434691,5.93793187156123,0.959421815061179
"2461","Lamp5","NKAPD1",0.0244789838599409,0.0651213634965362,0.706992800905702,-0.103156543217411,0.152114510937293,5,0.00439897032787818,20.2129753645718,0.910874233816963
"2462","Lamp5","MRPS11",-0.0576131600709726,0.0556501342052231,0.300540775278907,-0.166685418848031,0.0514590987060853,6,0.00523548962734606,29.8938526865852,0.689991770313005
"2463","Lamp5","ZNF843",-0.104525185891163,0.201046450753549,0.603129336440043,-0.498568988587724,0.289518616805398,5,0.135979905532839,72.8244698527379,0.868633169033008
"2464","Lamp5","STAT2",0.0239127612300192,0.0436538733680932,0.583842304808479,-0.0616472583571157,0.109472780817154,7,0,0,0.859263732685249
"2465","Lamp5","SLC26A3",0.033865742094391,0.0839736693559472,0.686734888818444,-0.13071962549294,0.198451109681722,5,0,0,0.903181005962289
"2466","Lamp5","TRIM35",-0.0743419365369601,0.0669257616757921,0.26664929710312,-0.205514019059424,0.0568301459855035,7,2.50754556622038e-06,0.0068215131492733,0.655739038465189
"2467","Lamp5","CHCHD3",0.0197209339807239,0.0299699417532887,0.510522858973029,-0.0390190724744851,0.078460940435933,6,0.000494915090227631,8.72254875467781,0.824565023970019
"2468","Lamp5","ZFHX4-AS1",-0.0745956565075006,0.155115083139152,0.630583847392113,-0.378615632919175,0.229424319904174,6,0.0399923337054724,29.5517853952534,0.882993296421211
"2469","Lamp5","NPIPA5",-0.0372290944951847,0.105614052458085,0.724462317390538,-0.244228833574354,0.169770644583985,7,5.26340662169554e-06,0.00609046131530361,0.916906006315319
"2470","Lamp5","ATF6",0.105980528420575,0.0344643912822238,0.00210450845620983,0.0384315627583203,0.17352949408283,7,0.00179468222863498,22.501063280657,0.0801522822541825
"2471","Lamp5","TSPYL5",-0.00434316584953324,0.0576934437133952,0.939991887028952,-0.117420237671877,0.10873390597281,7,0.00250589053570124,10.2064304500026,0.987071639145024
"2472","Lamp5","MYDGF",-0.00442696955109262,0.106148904893362,0.966733646665199,-0.212475000140449,0.203621061038264,7,0.0359192225943762,56.2847213911337,0.995022607837948
"2473","Lamp5","PES1",-0.115961453310354,0.0663390852202232,0.0804621158580245,-0.245983671109325,0.0140607644886166,6,3.37893769521859e-08,0.000113461016862944,0.408527764623584
"2474","Lamp5","TRAIP",0.0680510602117718,0.10826635402611,0.529642230809055,-0.144147094416867,0.280249214840411,7,0.0102084952099671,12.0775769191923,0.83539935843094
"2475","Lamp5","CDC73",0.0579008239625861,0.0435870561384429,0.18404767671318,-0.0275282362608874,0.14332988418606,7,0.00502083936000308,43.7349759922654,0.576335733389085
"2476","Lamp5","LZTS1",-0.0554772604532372,0.0447969633802347,0.215561981253097,-0.143277695295257,0.0323231743887824,7,5.78594846619514e-06,0.0355811368888304,0.606518361590383
"2477","Lamp5","LEO1",-0.0350588047057485,0.034341093219033,0.307302058697811,-0.102366110604786,0.0322485011932889,7,0,0,0.6957260731822
"2478","Lamp5","ABCD3",0.0511962804280143,0.0316716659480614,0.105992853401428,-0.0108790441605697,0.113271605016598,6,0,0,0.459697846575712
"2479","Lamp5","TARDBP",0.053165731727608,0.0421561562255259,0.207250576789485,-0.0294588162010668,0.135790279656283,5,0.00283720132433014,35.4861308357518,0.596369020169744
"2480","Lamp5","GPR162",-0.0306083897041617,0.0534966391991412,0.567216716198143,-0.135459875828412,0.0742430964200887,7,0.00275770599550978,13.5481728395506,0.853478978335213
"2481","Lamp5","VSTM5",0.00364919748763506,0.0570797453176215,0.949024717892112,-0.108225047581622,0.115523442556892,7,0,0,0.989570721185087
"2482","Lamp5","ZNF862",-0.0388279020746253,0.0359787321407968,0.280502861513026,-0.109344921280001,0.0316891171307501,7,9.58859973158832e-07,0.0091037318724319,0.670241513052811
"2483","Lamp5","ATF7IP",0.000186726906460435,0.0357099317248602,0.99582788793992,-0.0698034531646499,0.0701769069775708,7,0.000806716104569826,8.55664644729712,0.999086049653818
"2484","Lamp5","TMEM219",-0.0687004256328697,0.0518424845817897,0.185112724174828,-0.17030982828225,0.0329089770165111,7,0,0,0.577834775128605
"2485","Lamp5","DCAF11",0.0492773345040888,0.104269440820807,0.636501342001296,-0.155087014192823,0.253641683201001,6,0.0153135437259145,24.0399174335416,0.884284334223222
"2486","Lamp5","NCOA4",-0.0212937529263441,0.0472618904588229,0.652315310519137,-0.113925356066914,0.071337850214226,7,0.00344030327172749,23.3596427669046,0.890224671744649
"2487","Lamp5","METRN",-0.0307076496030732,0.0965592867433418,0.750470824749221,-0.219960373992899,0.158545074786753,6,0.0264905992744343,52.2226845585937,0.925975950944022
"2488","Lamp5","MGAT4B",-0.101889606933343,0.0539192340141964,0.058801989647535,-0.207569363675155,0.00379014980846913,7,0,0,0.357957597987776
"2489","Lamp5","WDR93",0.0222285841849988,0.101558190214793,0.826747150628495,-0.176821810971064,0.221278979341061,5,4.59318571603981e-07,0.00079367883142357,0.954515500680704
"2490","Lamp5","WNK2",-0.0181816508314698,0.026190760025442,0.487556188780025,-0.0695145972090673,0.0331512955461278,7,1.9158788166233e-06,0.0334817207867534,0.814568938477273
"2491","Lamp5","DNAJC17",-0.0492548342244037,0.038160812036547,0.196801596749951,-0.124048651436838,0.025538982988031,7,0,0,0.589123978856738
"2492","Lamp5","MAK16",-0.00810214643109886,0.0652085266420461,0.901117492541925,-0.13590851013443,0.119704217272232,7,0,0,0.977956078464346
"2493","Lamp5","ANKDD1A",0.0521286491311805,0.0660735322521608,0.430141797930356,-0.0773730944144003,0.181630392676761,7,0.0162153823111985,63.1525102183319,0.782197070656728
"2494","Lamp5","PLEKHJ1",-0.155001408984938,0.0645990410966456,0.0164202498592772,-0.281613202970186,-0.0283896149996895,7,1.16512060150759e-06,0.00339408475873945,0.206054321161695
"2495","Lamp5","DCTN1-AS1",0.0160728701585031,0.13048324870402,0.901964905006584,-0.239669597887159,0.271815338204165,5,0.0451040644976226,56.9442623942713,0.977956078464346
"2496","Lamp5","NIF3L1",0.00271599740757453,0.0610527009355519,0.964516920523944,-0.116945097585002,0.122377092400151,6,0,0,0.99419564321202
"2497","Lamp5","ZNF354C",0.0701516436653152,0.0749213396896202,0.349099557820536,-0.0766914837998318,0.216994771130462,7,0,0,0.728372243580087
"2498","Lamp5","SCAMP5",-0.0784197116677603,0.0255721008495082,0.00216499673476249,-0.128540108341823,-0.028299314993698,7,0,0,0.0816161615188604
"2499","Lamp5","PPP1CA",-0.0378953750047317,0.0597005201031133,0.525586344062977,-0.154906244265143,0.0791154942556797,7,0,0,0.833840155034378
"2500","Lamp5","DVL1",-0.0607130385025807,0.0455308036514433,0.182384257158703,-0.149951773846574,0.028525696841413,7,0,0,0.575260279028009
"2501","Lamp5","TMEM106B",0.072299105581433,0.0365176768439678,0.0477216693971678,0.00072577416818384,0.143872436994682,7,0.00106866916703477,10.9761533422193,0.326856584927945
"2502","Lamp5","MBNL1",0.136670437094373,0.0363417673500572,0.000169439423624802,0.0654418819537277,0.207898992235019,7,7.43637524515142e-08,0.000727477078886884,0.0266621850938027
"2503","Lamp5","NME9",0.134782720895691,0.0505035348627356,0.00761277577219256,0.035797611472766,0.233767830318616,7,0,0,0.146311626191069
"2504","Lamp5","NSRP1",0.0115602270161474,0.0353210141564187,0.743448291961567,-0.0576676886278626,0.0807881426601575,7,0.00198669470079655,24.0666674725396,0.923731562184063
"2505","Lamp5","SNX11",-0.104177075594759,0.0654733988374097,0.111578994033973,-0.232502579261509,0.0241484280719902,6,0,0,0.465912426554568
"2506","Lamp5","PDYN",0.287817838129056,0.224634187301396,0.200097606925304,-0.152457078678105,0.728092754936218,5,0.164624610061326,70.8373298519441,0.591415610548944
"2507","Lamp5","SNTA1",-0.0846235174991778,0.0498773733845275,0.0897663707665086,-0.182381372976308,0.0131343379779528,7,0.00107368151874159,5.57914946002094,0.428427606439556
"2508","Lamp5","RPS14",-0.0867807258192665,0.0623752331995042,0.164143882690044,-0.209033936417582,0.0354724847790488,7,0,0,0.550591979769544
"2509","Lamp5","CAD",-0.0445899406863662,0.0567902708599699,0.432354689741322,-0.155896826244182,0.0667169448714493,7,0,0,0.783174983539044
"2510","Lamp5","GP6",-0.0575496129666567,0.154881498469193,0.710211612531045,-0.361111771837871,0.246012545904558,7,0.111530603307835,74.7194125996759,0.912486105958183
"2511","Lamp5","DLX2",-0.0373079464133042,0.071210671131665,0.600341493711099,-0.176878297146294,0.102262404319685,7,0,0,0.867414734693878
"2512","Lamp5","C1orf56",-0.125051660012609,0.0815233692898419,0.125045310835951,-0.284834527719057,0.0347312076938401,6,0,0,0.4874240131314
"2513","Lamp5","OSGEPL1-AS1",-0.076170746366337,0.12741447151544,0.549960950244862,-0.325898521645804,0.17355702891313,7,0.0343515130758676,32.5352959095487,0.845153303004151
"2514","Lamp5","OSTM1",-0.0727472648826607,0.0373858311199801,0.0516726145991128,-0.146022147409918,0.000527617644597023,7,0,0,0.339912216016716
"2515","Lamp5","SYT7",0.117149448526087,0.0425211740743484,0.00586768909662274,0.0338094787600056,0.200489418292168,7,0,0,0.129707382451962
"2516","Lamp5","PAXBP1-AS1",-0.0307656410935748,0.0544201601434268,0.571845678662397,-0.137427195007593,0.0758959128204438,7,3.33722028751753e-06,0.0143815917650465,0.855459320471905
"2517","Lamp5","MKRN3",0.0520554385357088,0.0667753860094312,0.43564974386529,-0.0788219130965362,0.182932790167954,7,0,0,0.784392545450919
"2518","Lamp5","NLRC4",0.00430212496460394,0.0942951861069232,0.963609928073215,-0.180513043720467,0.189117293649675,6,0,0,0.99419564321202
"2519","Lamp5","PLXNA1",0.0360405624882572,0.101054595949287,0.72135798400521,-0.162022806044594,0.234103931021108,7,0.0364245190438301,62.1673427876012,0.915502622105158
"2520","Lamp5","NFATC2IP",-0.136635217692636,0.0667749837518785,0.0407363351346442,-0.267511780914566,-0.00575865447070711,5,0.0040497862630357,17.4167517824834,0.308615201471669
"2521","Lamp5","ANTXR1",-0.0104290433728942,0.0590139707028793,0.859727072926227,-0.12609430053524,0.105236213789451,7,0.00276609197656339,10.9207148628926,0.96479616864265
"2522","Lamp5","ZNF232",0.0262618241369394,0.0798539360259942,0.742251487715319,-0.130249014497775,0.182772662771653,6,5.78085068874311e-06,0.0131384883956492,0.923528435962862
"2523","Lamp5","CNTN4",-0.0480432728609322,0.055753960028209,0.388851781459109,-0.157319026511708,0.0612324807898433,7,5.18936507344985e-07,0.00216258092651476,0.756251065354424
"2524","Lamp5","PRKACA",-0.0453387273781001,0.035058132439192,0.195926603715288,-0.114051404324152,0.0233739495679515,6,0,0,0.588272573234939
"2525","Lamp5","TLK1",0.0458289091412796,0.028695302488646,0.110246202360503,-0.0104128502619491,0.102070668544508,7,0,0,0.46385296790362
"2526","Lamp5","MRPL48",-0.146781981927285,0.034134558336904,1.70721786307858e-05,-0.213684486895798,-0.0798794769587713,6,0,0,0.0102083092122784
"2527","Lamp5","CPNE6",0.0940015397768196,0.0746700593268988,0.208069346454303,-0.0523490872273711,0.24035216678101,7,0.0143528130421547,45.7042265732443,0.597342427787001
"2528","Lamp5","MFSD9",-0.0613583957254297,0.0701479500549942,0.381737285722181,-0.198845851422533,0.0761290599716735,5,0,0,0.751967748303667
"2529","Lamp5","SLC51A",-0.0744126406253023,0.104272813921739,0.475453436714051,-0.278783600478558,0.129958319227953,7,0.0172546557818274,24.1925005804744,0.808237050414121
"2530","Lamp5","RARG",0.020252943447475,0.0675450368604353,0.764296496811294,-0.112132896133408,0.152638783028359,7,0,0,0.929545591921719
"2531","Lamp5","NAT14",-0.157609697533562,0.0542132831230873,0.00364661872573869,-0.263865779938486,-0.0513536151286377,7,0.00151466668922103,6.74071539689746,0.102367773426522
"2532","Lamp5","AP3S1",0.0321702764960089,0.0290033414267409,0.267347330124538,-0.0246752281317217,0.0890157811237395,7,0.000827059457464936,13.8767855000722,0.656645455115908
"2533","Lamp5","ABHD8",-0.0310119162956572,0.0519123421156745,0.550246999845466,-0.132758237195501,0.0707344046041866,7,0.00533487035655414,31.2986673156359,0.845267035472309
"2534","Lamp5","ATL3",0.0511069078377037,0.0364185667804653,0.160521398344514,-0.0202721714205751,0.122485987095983,7,9.28736756345937e-07,0.00843809467939326,0.544726755125096
"2535","Lamp5","PLK1",0.000803647304584659,0.0934311011712754,0.993137083242312,-0.182317946027033,0.183925240636202,6,0,0,0.998654866216999
"2536","Lamp5","STEAP1B",-0.0134833309684984,0.106745968806185,0.899484704435041,-0.222701585323458,0.195734923386461,7,0.0131972506910441,16.4805795173459,0.977903416394423
"2537","Lamp5","PREPL",0.0359353593352875,0.037624998021032,0.339530841945114,-0.0378082817043261,0.109679000374901,6,0.00192626802866461,23.3295983283413,0.720537124804784
"2538","Lamp5","POLI",0.0938215790918446,0.0432685928329796,0.0301318457861033,0.00901669547747672,0.178626462706212,7,0.00101509061671782,7.16126871273909,0.269410856803269
"2539","Lamp5","CTBS",0.096705897455772,0.10532283518372,0.358521771641293,-0.109723066253967,0.303134861165511,5,2.33189709287365e-06,0.00375669338507574,0.734341772748556
"2540","Lamp5","HMGB3",-0.134624239310772,0.0876435747685328,0.124528003017098,-0.30640248933344,0.0371540107118952,6,0.0046057974886959,9.45907123978216,0.486676597412247
"2541","Lamp5","PLEKHM1",-0.114557673473799,0.0418286858178236,0.00616761200646903,-0.196540391197375,-0.0325749557502233,7,5.60157820389785e-07,0.00396682599047093,0.132420955090418
"2542","Lamp5","ZNF34",-0.0529962566153107,0.0614092842457604,0.388137070218237,-0.173356242053384,0.0673637288227626,7,0.00324010545248745,11.6840852848892,0.755859179732925
"2543","Lamp5","DYRK2",0.0581915310158235,0.0600830226347436,0.332785384070608,-0.0595690294305788,0.175952091462226,7,0.00454135886395295,18.2706078899821,0.714502766265781
"2544","Lamp5","ARHGAP15",0.0565352392280708,0.182522260103664,0.756755372077312,-0.301201816951963,0.414272295408105,5,0.0871960272484513,53.5230474663971,0.926555528105898
"2545","Lamp5","TVP23A",-0.0358012549130459,0.0357598031695983,0.316749861874981,-0.1058891812197,0.0342866713936082,7,2.35484330343858e-06,0.0225073574977325,0.701947766322472
"2546","Lamp5","ZBTB2",0.0736819174042394,0.0829030929199999,0.374125823305154,-0.088805158925938,0.236168993734417,6,0,0,0.745695120151057
"2547","Lamp5","RNF217",0.122677241611732,0.0370192930155676,0.00092013236356758,0.0501207605680842,0.19523372265538,7,0.000622531005853279,6.13048323098922,0.054585113815654
"2548","Lamp5","NUTF2",-0.0773137259714082,0.0503466326060258,0.12462951011305,-0.175991312622089,0.0213638606792722,7,0,0,0.486741613913492
"2549","Lamp5","ZBTB39",-0.0826895506084373,0.104751243829165,0.429884287064187,-0.287998215849373,0.122619114632499,6,0.010615811552116,15.9304390334778,0.781980608660896
"2550","Lamp5","CCDC107",0.0344190455375533,0.0675956849876593,0.61061906529674,-0.0980660625485737,0.16690415362368,7,0,0,0.873910172556691
"2551","Lamp5","METTL23",0.0741223918564074,0.0947087746166084,0.433841544046122,-0.111503395412066,0.259748179124881,6,0.0159422968535947,31.832626942778,0.783377778234573
"2552","Lamp5","PRDX3",-0.0273539542695365,0.0673600641879414,0.684679682060985,-0.159377254074208,0.104669345535135,6,0.00828457005784873,32.9184856149059,0.903181005962289
"2553","Lamp5","ANAPC10",0.00548523221765904,0.0489141079829668,0.910712334772404,-0.090384657764859,0.101355122200177,5,1.266080003474e-06,0.00836880415622038,0.98021428859374
"2554","Lamp5","CNTNAP1",-0.0674049470399801,0.0361285018087182,0.0620833449722033,-0.138215509400458,0.00340561532049773,7,0,0,0.36755184283296
"2555","Lamp5","P4HA3",-0.0588214230389669,0.0672280468260942,0.381599141205506,-0.190585973569084,0.0729431274911501,7,0.0019207925761682,5.74016125875553,0.751961693293674
"2556","Lamp5","GPR19",0.0373195135895198,0.045162186603847,0.408608834050396,-0.0511967456170977,0.125835772796137,7,2.61376375040144e-06,0.0160226567996062,0.769644856022005
"2557","Lamp5","CITED2",-0.131346682416439,0.0734026177504705,0.0735503355556149,-0.275213169578322,0.0125198047454436,7,3.19427711263535e-07,0.000723736292044152,0.391787266894827
"2558","Lamp5","TMEM38B",-0.0332102317786469,0.0335624632816782,0.322416029328313,-0.0989914510431841,0.0325709874858903,7,0,0,0.706734763099365
"2559","Lamp5","KIF2A",0.0408090535202658,0.0392888055069206,0.298946989945892,-0.0361955902688976,0.117813697309429,5,0,0,0.688669251234218
"2560","Lamp5","ABRAXAS1",-0.0588039452725228,0.112420186154438,0.600923569971024,-0.279143461270509,0.161535570725464,5,0,0,0.867718543019014
"2561","Lamp5","LINC02240",-0.0153942174450216,0.143401122338957,0.914510727701574,-0.296455252571999,0.265666817681956,5,0.0396064734747335,42.9616508989011,0.980734315041589
"2562","Lamp5","CNTNAP3B",-0.0705179246069201,0.178699587898928,0.693125444353006,-0.420762680940969,0.279726831727128,7,0.118796636331781,60.9819861648319,0.905326788850651
"2563","Lamp5","CAPNS1",0.0330147311593647,0.0536554215807451,0.538349846102414,-0.0721479627142089,0.138177425032938,7,0,0,0.839254438282793
"2564","Lamp5","TDRKH",0.145706987505079,0.0653051404348932,0.0256697514069131,0.0177112642473575,0.2737027107628,6,0.000968874616822702,3.40210177460892,0.251144289597949
"2565","Lamp5","SPAST",-0.0224911282086057,0.0233666398789214,0.335782660477638,-0.068288900811009,0.0233066443937977,7,0,0,0.717302587286027
"2566","Lamp5","CDHR2",-0.0769632171191076,0.0708690139176354,0.277482313412849,-0.215863932017541,0.0619374977793255,6,0,0,0.667554010481647
"2567","Lamp5","FAM3C",-0.0299284656241968,0.0374913020722007,0.424709429688467,-0.103410067419222,0.0435531361708284,7,5.00523862623965e-06,0.0447779679995757,0.778050998360332
"2568","Lamp5","RAB1B",0.0669135429070818,0.143361768549456,0.640681560227151,-0.214070360209819,0.347897446023983,7,0.0941161528738884,80.9176222260988,0.885770032226185
"2569","Lamp5","SLC31A2",0.0857072136968576,0.0921244648594914,0.352194292251731,-0.0948534195227713,0.266267846916487,6,0,0,0.730596971559142
"2570","Lamp5","MRPS15",-0.0573672762794068,0.0568974193473002,0.313330636784253,-0.168884169013388,0.0541496164545741,6,0,0,0.698925605264866
"2571","Lamp5","ARRDC3-AS1",-0.155325112520256,0.0702253896067107,0.0269799006658641,-0.292964346949702,-0.0176858780908096,6,5.83502107665631e-05,0.167965503565909,0.257135637641898
"2572","Lamp5","PRICKLE1",0.0476730875373258,0.0382926586390923,0.213143965330528,-0.0273791442675816,0.122725319342233,7,0,0,0.602909076634875
"2573","Lamp5","MIEN1",0.0256232357694871,0.135851314700303,0.850396652344073,-0.240640448295523,0.291886919834498,6,0.0512026426182677,50.1644211826543,0.960692760757866
"2574","Lamp5","SEC62",-0.0165889490693806,0.0434311032336882,0.702490951239729,-0.10171234721625,0.0685344490774892,7,1.49274861385401e-06,0.0100557445789884,0.908913695323587
"2575","Lamp5","ALG8",0.0243933427939868,0.0416922937371034,0.558493674964211,-0.0573220513636008,0.106108736951574,7,0,0,0.850476296218435
"2576","Lamp5","SGPP2",0.035623066856398,0.0903266103495567,0.693300031275036,-0.141413836274316,0.212659969987112,7,0.016951449585634,32.9526240217994,0.905446660917129
"2577","Lamp5","SNRPD3",-0.0714601086634781,0.07804574319991,0.359867143415978,-0.224426954481963,0.0815067371550073,5,0,0,0.73483363923243
"2578","Lamp5","ENTPD4",-0.0102573574957737,0.0480522608290891,0.830966206987801,-0.104438058096513,0.0839233431049658,7,0.00641599453192744,47.1379107500152,0.9557195814756
"2579","Lamp5","SPOP",-0.0330117058087105,0.0287060753344783,0.250147900565717,-0.0892745796017816,0.0232511679843606,7,0,0,0.640774217224803
"2580","Lamp5","GRK6",0.030046163012165,0.0607416856440623,0.620843851562285,-0.0890053532104508,0.149097679234781,7,3.99403465543746e-06,0.0134981279955572,0.8777964007189
"2581","Lamp5","STAMBP",0.0186734734605291,0.0319134100096954,0.55846073253479,-0.0438756607823339,0.0812226077033922,7,0,0,0.850476296218435
"2582","Lamp5","BAZ1A",0.0366142118539266,0.0612094940127811,0.549720742573641,-0.0833541919230443,0.156582615630898,7,0.00625567014920579,25.3466340663416,0.844892733638115
"2583","Lamp5","GXYLT1",0.0161188906488918,0.0426295564100625,0.705344888175806,-0.0674335045917492,0.0996712858895328,7,0,0,0.910144531473291
"2584","Lamp5","MAD2L1",0.0467700268715687,0.135568029422104,0.730099601645137,-0.218938428250821,0.312478481993958,5,0.0306989542693811,34.1151647794514,0.91930803926833
"2585","Lamp5","OGFOD3",-0.138401930033624,0.050388003313357,0.00601937948090065,-0.237160601780688,-0.0396432582865592,7,0,0,0.131360874474618
"2586","Lamp5","METAP1",-0.0132931132755697,0.0411146658909288,0.746454391569196,-0.0938763776581876,0.0672901511070482,7,0.00168174490971325,14.0318613053896,0.923981530672427
"2587","Lamp5","ANKDD1B",0.0756046260740838,0.0685695563305328,0.270201966696274,-0.058789234769651,0.209998486917819,7,0,0,0.660034089013833
"2588","Lamp5","CYP4F26P",-0.054265309908327,0.117853542330228,0.645195406165958,-0.285254008326041,0.176723388509387,5,1.17983320849086e-06,0.00148993581535639,0.88705623514573
"2589","Lamp5","PLXNB1",-0.0617651631533448,0.0952615572418844,0.516742768631364,-0.248474384458639,0.124944058151949,5,3.57145220439454e-07,0.000667710307291951,0.828159577869536
"2590","Lamp5","PGBD5",-0.0833983885329972,0.0274661587300577,0.0023941734329399,-0.137231070437571,-0.0295657066284239,7,8.3830137756614e-07,0.0141502663199724,0.0833125240184361
"2591","Lamp5","KLHL13",0.0404293453759009,0.136859550803472,0.76768256211247,-0.227810445139234,0.308669135891036,7,0.0881464541111071,75.0637372740104,0.931267977441557
"2592","Lamp5","CDK9",-0.187978548925912,0.0634409689875998,0.00304610427168958,-0.31232056328593,-0.0636365345658936,7,0.00965339623251673,38.9293174818467,0.0919908105685244
"2593","Lamp5","ADAM15",-0.0277963578046499,0.0684638580034201,0.684742262832217,-0.161983053734018,0.106390338124718,7,0.00934400481889965,30.9909826008839,0.903181005962289
"2594","Lamp5","FOXO1",0.250485450987792,0.0950995022244888,0.00844028368619635,0.0640938516801068,0.436877050295477,7,0.0140384525920924,22.7919215220676,0.152361418855278
"2595","Lamp5","G6PD",0.000357971768817121,0.0835257916435421,0.996580466134384,-0.163349571632722,0.164065515170356,6,0,0,0.99942186955984
"2596","Lamp5","NPAS1",-0.0524150572792965,0.0800139154922879,0.512419937182526,-0.209239449906212,0.104409335347619,7,2.96089348454331e-06,0.00598017440675469,0.825880057785152
"2597","Lamp5","ZNF609",-0.0407881691365592,0.0440865856806637,0.354870612295159,-0.127196289271999,0.0456199509988808,7,0.00490183922684928,41.2809611177291,0.731958891417351
"2598","Lamp5","MAPT-AS1",-0.0390204065362428,0.0897770564377989,0.663826127515407,-0.214980203792349,0.136939390719863,5,8.98666148384513e-08,0.00018114021959654,0.895353753120906
"2599","Lamp5","TMEM182",0.0663433301806237,0.0552803911277824,0.230091143325065,-0.0420042454811174,0.174690905842365,7,0,0,0.621816209052182
"2600","Lamp5","SOHLH1",-0.180349298449377,0.0763151456870423,0.018117026551676,-0.329924235470907,-0.0307743614278464,5,0,0,0.215599225450515
"2601","Lamp5","CPSF1",0.0263484329270467,0.0828183958333873,0.750373353304118,-0.135972640163774,0.188669506017868,7,0.0161406599122431,39.9944581284026,0.925975950944022
"2602","Lamp5","RFC5",-0.0162962868440772,0.0905119192267633,0.857116647699943,-0.193696388700132,0.161103815011977,7,0.0210356300314623,41.882579910268,0.963551230479753
"2603","Lamp5","ENPP6",0.198470316942051,0.100191671581523,0.0476017785349429,0.00209824909140072,0.394842384792702,5,0,0,0.326856584927945
"2604","Lamp5","TMF1",0.0111473646891407,0.0292796422957777,0.703410538204492,-0.0462396796907993,0.0685344090690806,7,4.69923678748145e-06,0.0670659344567984,0.909136562102872
"2605","Lamp5","PLOD2",0.0227129401056782,0.110088269503698,0.836544303305185,-0.19305610324191,0.238481983453266,5,6.25604720240296e-06,0.00938853675161614,0.958076357328741
"2606","Lamp5","NAT9",-0.102819399509108,0.059466158242832,0.0838018362478771,-0.219370927964019,0.0137321289458022,7,0.00335081171561656,13.1935953148804,0.416190265651313
"2607","Lamp5","ADCY8",-0.0495527878232143,0.058839147952915,0.399690686314515,-0.164875398691951,0.0657698230455227,7,0.00647428547412641,27.9752193645383,0.762743492813461
"2608","Lamp5","DLG1",-0.0298081637414005,0.0411149629042359,0.468454781354315,-0.110392010259403,0.0507756827766021,7,0,0,0.803996947505204
"2609","Lamp5","SGPL1",0.0450147258113198,0.0311808978947715,0.148833638695646,-0.0160987110680532,0.106128162690693,7,0,0,0.52784741552824
"2610","Lamp5","SOX4",0.0563030049216733,0.0673337279573691,0.403054581329365,-0.0756686768195879,0.188274686662934,7,0,0,0.7657638185376
"2611","Lamp5","CCDC25",-0.00427875573620704,0.0584647233740095,0.9416586990791,-0.118867507915363,0.110309996442949,7,0.00952553905115905,47.9791485178557,0.987324146208743
"2612","Lamp5","RPL27",-0.0260780063383787,0.0648937014920549,0.68778906441162,-0.153267324086299,0.101111311409542,6,0,0,0.903181005962289
"2613","Lamp5","FBRSL1",-0.0364928697815759,0.0349854350196336,0.296907771695218,-0.105063062403524,0.0320773228403723,7,6.07289767036091e-06,0.0615554273987386,0.687324824177916
"2614","Lamp5","TOX3",0.0271376313152719,0.0427783796842979,0.525834646016262,-0.0567064521829319,0.110981714813476,7,0.00116912210852617,8.65174192183319,0.833902205504373
"2615","Lamp5","GAL3ST1",0.0747823364304922,0.105331117403014,0.477720367301701,-0.131662860130774,0.281227532991759,6,0,0,0.809614045747174
"2616","Lamp5","OVCH1",0.181196623227277,0.148839465091142,0.223453446802094,-0.110523367829568,0.472916614284121,7,0.0850600367022173,63.9357741644853,0.614317188576149
"2617","Lamp5","RASSF8",0.0803147319121852,0.0358456602868452,0.025053904083466,0.010058528747911,0.150570935076459,7,0,0,0.250179263646175
"2618","Lamp5","MST1",0.0207720808116447,0.128278684683659,0.871361509625291,-0.230649521152496,0.272193682775786,5,0.00839445390421881,9.4358384895293,0.968577940382375
"2619","Lamp5","CBLN2",-0.0962853436377053,0.111411125260417,0.387459056451134,-0.314647136625204,0.122076449349793,5,0.00482062121342028,7.35710963313103,0.755827226879962
"2620","Lamp5","ZNF555",0.0336355725613044,0.056058724377347,0.548502217998172,-0.0762375082375532,0.143508653360162,7,4.20273226918398e-06,0.0175379117616398,0.844764971297428
"2621","Lamp5","KLF8",-0.0479697780865134,0.109571232008157,0.661534627394576,-0.262725446564183,0.166785890391157,6,0,0,0.89383037046794
"2622","Lamp5","FEM1C",-0.0167603579744919,0.0798674831512249,0.833783118992657,-0.173297748486752,0.139777032537768,7,0.0142586525878621,36.0644355822875,0.957066814410865
"2623","Lamp5","NDFIP1",0.0155861144085264,0.0266018671280729,0.557940684703071,-0.0365525870840165,0.0677248159010693,7,3.33972239394922e-05,0.582596491415654,0.850476296218435
"2624","Lamp5","ARHGAP24",-0.141157006548772,0.0970783245311553,0.145931676880354,-0.331427026309327,0.0491130132117836,6,0.00869675854565044,14.983974787362,0.522357654538209
"2625","Lamp5","DGCR8",-0.0496725143318567,0.0408450464007923,0.22393887242621,-0.129727334224277,0.0303823055605634,7,2.52064106222564e-06,0.0181843428117719,0.614623319452782
"2626","Lamp5","COA5",-0.110234598831538,0.0597234818169959,0.0649285567148034,-0.227290472224183,0.00682127456110633,6,0.00571225873303002,27.9554557879074,0.371880205906429
"2627","Lamp5","PXDC1",0.0301887106241173,0.092090059012537,0.743049837838443,-0.150304488374623,0.210681909622858,6,0.00839061146104836,16.1243827418171,0.923731562184063
"2628","Lamp5","USP37",-0.0123564721815136,0.032671279662606,0.705277609838391,-0.0763910036490572,0.05167805928603,7,0.00129953913991304,17.6051695733048,0.910144531473291
"2629","Lamp5","TAF13",-0.10343214906539,0.0854718241069913,0.226228427128352,-0.270953846008035,0.0640895478772558,7,0.0188283738143333,42.8864699160417,0.617545254514487
"2630","Lamp5","GSTM5",0.13603375555694,0.13956290393348,0.329702718085438,-0.137504509730504,0.409572020844385,7,0.025628321346388,19.014457372932,0.711783928617913
"2631","Lamp5","SYT2",-0.0224954586822134,0.0952331222278673,0.813266111708909,-0.209148948384134,0.164158031019707,6,0,0,0.948815753829332
"2632","Lamp5","GPANK1",-0.0375159229931097,0.0813756447990803,0.644783169735704,-0.197009256018031,0.121977410031812,6,0,0,0.886929185222919
"2633","Lamp5","KCNMB4",-0.00521267438220638,0.0439589165487493,0.905607641572038,-0.0913705676171569,0.0809452188527441,7,0,0,0.979396073933803
"2634","Lamp5","ZNF41",-0.0175001787644409,0.040965865714134,0.669241467215022,-0.0977918001596478,0.0627914426307659,7,0.00093963879396098,7.34236068999929,0.897891293405697
"2635","Lamp5","LMNB1-DT",-0.231652186065302,0.0776593058468225,0.00285504330512741,-0.383861628589454,-0.0794427435411487,5,0,0,0.089332763337019
"2636","Lamp5","ZNF22",-0.0228183027724261,0.0825163727522586,0.782140553601293,-0.184547421501735,0.138910815956883,7,0.0186924222981543,45.4588290956261,0.937343620161761
"2637","Lamp5","SF3A2",-0.0118909085885983,0.0640249858141668,0.852662037900963,-0.137377574895053,0.113595757717857,7,3.42276048800942e-08,0.000106012741023128,0.961255756921795
"2638","Lamp5","KIAA0930",0.0183869088730792,0.0783625902439022,0.814489045184115,-0.135200945740239,0.171974763486397,7,0.0216104971975612,62.3056772346428,0.949269912804318
"2639","Lamp5","LAMTOR4",-0.120932819206538,0.0510764910673453,0.0178999793472433,-0.221040902155217,-0.0208247362578599,7,4.66288188487523e-06,0.0218920074998288,0.214616481827272
"2640","Lamp5","LHPP",-0.0596521760576882,0.0365317132306512,0.102492670126429,-0.13125301828331,0.0119486661679335,7,0,0,0.453295059926764
"2641","Lamp5","ARRDC1-AS1",0.084363644604607,0.128108841150642,0.510196977315271,-0.166725070151814,0.335452359361028,7,0.057435162139529,57.7165586958318,0.824565023970019
"2642","Lamp5","SLC5A6",-0.176829398116213,0.0692643441272207,0.0106810442143649,-0.312585018018354,-0.0410737782140719,6,0.00224074114038178,7.2767269226567,0.168803505780448
"2643","Lamp5","SUN3",-0.136429691669659,0.101842199142604,0.180369413750388,-0.336036734095519,0.0631773507562012,6,9.2423559342208e-07,0.00132866019936915,0.572750900978019
"2644","Lamp5","PACRG-AS3",-0.150760487010544,0.130597086530793,0.248338693058321,-0.406726073096759,0.10520509907567,5,0.0167264294046625,19.2099747966895,0.639261212239815
"2645","Lamp5","YWHAG",0.0872412489292082,0.0457203173886252,0.0563717603603635,-0.00236892651423756,0.176851424372654,7,6.83414121000808e-07,0.00406474984725401,0.350214090220282
"2646","Lamp5","POLR3K",-0.0277253481911148,0.135649999682453,0.838049638350939,-0.293594462071593,0.238143765689364,5,0.0502661189212012,58.567385435697,0.958345542185359
"2647","Lamp5","ZFP3",0.0182090488082414,0.0704848644308088,0.796144639344996,-0.119938746931332,0.156356844547815,7,0,0,0.943187190133141
"2648","Lamp5","SCO1",-0.0864182279767145,0.0482304631221682,0.0731687162398642,-0.180948198653851,0.00811174270042243,6,0,0,0.390461703486183
"2649","Lamp5","BOD1L1",-0.00955095793488737,0.0276410719449441,0.729692198653044,-0.0637264634410584,0.0446245475712837,7,0,0,0.91930803926833
"2650","Lamp5","USP51",-0.0499029805094249,0.0683740654343507,0.465480368165332,-0.183913686237337,0.0841077252184875,7,0,0,0.801191669961025
"2651","Lamp5","KCTD5",-0.105548189673117,0.0680353788781347,0.120812533598162,-0.238895081948798,0.0277987026025643,7,0,0,0.480999259384963
"2652","Lamp5","SNX13",0.0780472596131541,0.0250137399880505,0.00180743295975847,0.0290212301179258,0.127073289108382,7,4.79880447980816e-06,0.0962031232057929,0.0742786624252629
"2653","Lamp5","CHST9",-0.0486839789205917,0.104254128332673,0.640518400444274,-0.253018315692248,0.155650357851065,7,2.76504658633354e-06,0.00301911250726352,0.885646843671299
"2654","Lamp5","PHF8",0.00228740275709285,0.0516567988001116,0.964680601027159,-0.0989580624477578,0.103532867961943,7,0.0064767021587113,39.1898052950373,0.994264938032609
"2655","Lamp5","B3GLCT",0.00549056624470604,0.0638809008155748,0.931506129196751,-0.119713698653796,0.130694831143208,7,0.00646634489982683,23.0014518551112,0.984934594908954
"2656","Lamp5","SMTN",-0.200582827324278,0.100325465960559,0.045573615760195,-0.397217127339172,-0.00394852730938319,5,0,0,0.320761019645749
"2657","Lamp5","MRPL15",-0.0656259729570538,0.0655905419725811,0.317049160871262,-0.194181072949775,0.0629291270356679,6,0.00441645236838083,16.9811411507779,0.701947766322472
"2658","Lamp5","CPNE8",0.128032767403979,0.0603017317959271,0.033736914771243,0.00984354487856821,0.24622198992939,7,0,0,0.285534156935099
"2659","Lamp5","TMEM106C",0.0423820106055427,0.0534008162331789,0.427394278108642,-0.0622816659565299,0.147045687167615,7,4.94528974825231e-06,0.0219414727833962,0.779974636794798
"2660","Lamp5","GRK4",-0.00841290245604099,0.0327503528568245,0.797271603275875,-0.0726024145363954,0.0557766096243134,7,0,0,0.943226894493407
"2661","Lamp5","IRF1",0.0276839384764286,0.0955368052872199,0.771990290944666,-0.159564759084538,0.214932636037395,5,0,0,0.933114199454948
"2662","Lamp5","APTX",0.0236154566714027,0.0321379051379958,0.462451376254666,-0.0393736799376339,0.0866045932804392,7,0,0,0.800026241469996
"2663","Lamp5","SMPD1",-0.0864832151189555,0.0753718066612952,0.251207549115831,-0.23420924162481,0.0612428113868993,7,0,0,0.64193208701728
"2664","Lamp5","APEH",-0.263348324367864,0.072261823654714,0.00026805475833804,-0.404978896188287,-0.12171775254744,5,0,0,0.0320924146154616
"2665","Lamp5","GTF2E1",-0.126399305585621,0.12315711374567,0.304738107802342,-0.367782812967037,0.114984201795795,6,0.0428632160354905,55.5790914997571,0.694164386896801
"2666","Lamp5","TBC1D24",-0.0514062137854014,0.0661520565267774,0.437104673000792,-0.181061862081143,0.0782494345103401,5,1.94428705622506e-06,0.00492976557779815,0.785813063384488
"2667","Lamp5","DENND6B",-0.166881081069993,0.0466157535939467,0.000343687777263917,-0.258246279226322,-0.0755158829136635,7,0,0,0.0372551910790984
"2668","Lamp5","SLC27A4",-0.144129806381312,0.0398107304777251,0.000294175402359197,-0.222157404315884,-0.0661022084467398,7,0,0,0.0335051774934633
"2669","Lamp5","PTCSC2",-0.0123019116595806,0.127559468186551,0.923170648169703,-0.262313875192304,0.237710051873143,5,0,0,0.982375103729229
"2670","Lamp5","CTDSP1",0.111262023692671,0.0979628716746156,0.256058250254752,-0.0807416766116941,0.303265723997037,6,0,0,0.647027760417143
"2671","Lamp5","PARP8",0.0992696275258067,0.0433059612544618,0.0218891733484232,0.0143915031511745,0.184147751900439,7,2.40228621353003e-06,0.0169281836892881,0.234779556728551
"2672","Lamp5","LURAP1L",0.0218272328981165,0.040978741644831,0.594277469148294,-0.0584896248575239,0.102144090653757,7,0.000175049514275834,1.3486759157945,0.865015123362275
"2673","Lamp5","ZNF219",-0.067544545704468,0.0873815939982675,0.439532041805072,-0.238809322852774,0.103720231443838,5,2.68505591999002e-06,0.00665410747106574,0.787588206165247
"2674","Lamp5","TPRA1",-0.0574429639186008,0.0583951117204324,0.325265629571452,-0.171895279763841,0.0570093519266394,7,0.00511115033884825,22.521673086616,0.708716130294416
"2675","Lamp5","SLC25A23",0.0446578121704491,0.0388559497519606,0.250425199794872,-0.0314984499284916,0.12081407426939,6,8.48102785598344e-07,0.00803113681359219,0.641017757779726
"2676","Lamp5","PLOD3",0.0433395489459389,0.0587911867155298,0.461014322292055,-0.0718890596248691,0.158568157516747,7,0.00270195528893629,10.8176697848491,0.799485491699775
"2677","Lamp5","SPG21",-0.064209889681211,0.0417798860708588,0.124327280217139,-0.146096961658281,0.017677182295859,7,0,0,0.486676597412247
"2678","Lamp5","MTA2",-0.0472136201728603,0.0837002203452042,0.572699689545331,-0.211263037547527,0.116835797201807,5,0.000185907805386382,0.489366378763266,0.855900473290754
"2679","Lamp5","SNX17",-0.0521383388970283,0.099441475935355,0.600061693356338,-0.247040050299831,0.142763372505774,7,0.0248316368970687,41.3397528464406,0.867373974312254
"2680","Lamp5","LINC01951",-0.218919263572124,0.093913209814849,0.0197491088753581,-0.402985772481782,-0.0348527546624668,5,6.1426269224577e-07,0.00120700241979512,0.224914151202738
"2681","Lamp5","AASS",0.0758260920419396,0.0693805976066044,0.274437474642938,-0.0601573804928709,0.21180956457675,6,6.66913674195685e-07,0.00206822032267699,0.664060676976564
"2682","Lamp5","SNX14",-0.00257214549646168,0.0773705812256898,0.973479620003284,-0.154215698161745,0.149071407168821,5,0.0154549688434535,56.4086856242235,0.996727391459769
"2683","Lamp5","GINS3",-0.198519823292518,0.131447927253939,0.130978497628588,-0.45615302655268,0.059113379967644,6,0.0311397267506438,32.3110618214198,0.499015392327047
"2684","Lamp5","ABCB1",-0.0376360231622556,0.137533480616172,0.784353682776514,-0.30719669183839,0.231924645513879,6,0.0455578901487868,43.5952591462397,0.938006965913192
"2685","Lamp5","DRAXIN",0.131597374584139,0.122002734335757,0.280746980596208,-0.107523590729352,0.37071833989763,5,0.0124737287783378,16.342528443557,0.670330017986544
"2686","Lamp5","ZFAND4",-0.0360694965495072,0.0286369888625472,0.20783455019929,-0.0921969633457743,0.0200579702467598,7,0,0,0.597044609985398
"2687","Lamp5","ZBTB49",-0.0393169613918434,0.0455417925611609,0.387963710837875,-0.128577234603113,0.0499433118194261,7,0,0,0.755827226879962
"2688","Lamp5","SLC25A44",-0.074493308391145,0.0461722500038899,0.106662334449177,-0.164989255483949,0.0160026387016586,6,0,0,0.46083725381464
"2689","Lamp5","SLC25A14",-0.0493117147570602,0.0473544062154833,0.297720939211118,-0.142124645448687,0.0435012159345667,6,0,0,0.687746200571181
"2690","Lamp5","RFXANK",-0.114132625945267,0.094871439083567,0.228967001423101,-0.300077229710544,0.0718119778200096,5,0,0,0.620769977333682
"2691","Lamp5","YIPF4",-0.026108378753402,0.0259561979772327,0.31448148443447,-0.0769815919643695,0.0247648344575656,7,0,0,0.699699362298015
"2692","Lamp5","AMPD3",0.0996480286199765,0.10908246611761,0.360973870656594,-0.114149676315349,0.313445733555302,5,5.08989583079295e-06,0.00731129209364415,0.735582667233352
"2693","Lamp5","MTLN",-0.0484919418566228,0.0956188021059523,0.612057892585476,-0.235901350229152,0.138917466515906,5,0.00499959881771987,9.99133839062322,0.874121429918725
"2694","Lamp5","SLC18A2",-0.00205155185254817,0.114575896514318,0.985714149880386,-0.226616182517,0.222513078811903,5,0,0,0.997296915565468
"2695","Lamp5","TMSB4X",-0.00499425269809305,0.0605718196746194,0.934287483382557,-0.123712837738402,0.113724332342216,7,0,0,0.985315638798959
"2696","Lamp5","NRF1",0.015144632414382,0.0536064107264012,0.777548399253082,-0.089922001949826,0.12021126677859,7,0.0108539559630233,64.1049279353827,0.935065277503179
"2697","Lamp5","HMGCL",-0.0424414419256552,0.0531993933096179,0.424997842900481,-0.146710336811887,0.061827452960577,6,5.63930958390905e-06,0.0301488626750726,0.778050998360332
"2698","Lamp5","LRRIQ1",-0.0316385177838834,0.118309401237347,0.789144385578056,-0.263520683241582,0.200243647673815,6,0.0225719210381534,27.7588536991535,0.93930291815429
"2699","Lamp5","PTN",0.0156872913137713,0.0655647983992993,0.810900933129303,-0.112817352202485,0.144191934830027,7,0,0,0.948446861829439
"2700","Lamp5","PPP1R14C",0.0944546211253152,0.0545596457167372,0.0834129542124453,-0.0124803194887547,0.201389561739385,7,0.00227180530009487,10.4560688657583,0.415478190849305
"2701","Lamp5","ZIM2-AS1",-0.114440552130005,0.101632868518954,0.260157430705387,-0.31363731407265,0.08475620981264,5,0,0,0.651489759092311
"2702","Lamp5","ERI3",0.00482060795422028,0.0354020670797539,0.891688934388509,-0.0645661685003685,0.074207384408809,7,0.00191501764778578,22.8232448237383,0.975663358386813
"2703","Lamp5","PARP10",0.0171106323869863,0.0764613988910304,0.822927469787617,-0.132750955646984,0.166972220420957,6,6.56374430225089e-09,1.58629133863478e-05,0.952672928022565
"2704","Lamp5","CCDC102B",0.069766317224523,0.0468653046919425,0.136577975900782,-0.0220879920961803,0.161620626545226,7,1.28745258158403e-06,0.00756169869980842,0.509303403117386
"2705","Lamp5","SPPL3",0.0358499925541646,0.025332319287025,0.157013401781992,-0.0138004408932737,0.0855004260016029,7,0,0,0.540818914720865
"2706","Lamp5","PIWIL4",0.0547560405430276,0.0531306593791995,0.302732118282659,-0.0493781383150687,0.158890219401124,7,0,0,0.692629309841654
"2707","Lamp5","SZRD1",-0.0955395638384245,0.0427503382718155,0.0254287798164496,-0.179328687178087,-0.0117504404987618,7,0,0,0.250751745090418
"2708","Lamp5","SYT12",-0.152441565139924,0.042859722539403,0.00037546292636876,-0.236445077704533,-0.0684380525753147,7,0,0,0.0397359392605664
"2709","Lamp5","ACIN1",-0.00652765902408749,0.0287243083889238,0.820227727575484,-0.0628262689471999,0.0497709508990249,7,0,0,0.952018241840247
"2710","Lamp5","GMFB",0.062767993729916,0.0498047120879764,0.207567567203821,-0.0348474482229045,0.160383435682736,7,0,0,0.596905677374813
"2711","Lamp5","SLC7A9",0.0212909671905543,0.104938254375548,0.839220677179165,-0.184384231986023,0.226966166367131,7,0.0204986837388161,28.4021287920595,0.958356578693386
"2712","Lamp5","CLBA1",-0.107329299194407,0.112937682184274,0.34193906021712,-0.328683088773015,0.114024490384202,5,0.0203441258650221,33.9413843799889,0.723197440826762
"2713","Lamp5","CMPK2",0.0287108498068676,0.085234793739178,0.736234316900181,-0.138346276151621,0.195767975765357,5,6.51769407935376e-06,0.0165578660296684,0.92139162463356
"2714","Lamp5","SDR39U1",-0.0337352760543086,0.0698181420253251,0.628962380646494,-0.170576319891448,0.103105767782831,5,0.00387714398792198,15.3996311923178,0.88191549991279
"2715","Lamp5","GHDC",0.00193440593789502,0.0728977031650623,0.97882990205957,-0.140942466821319,0.144811278697109,5,1.81230812738225e-06,0.00651520734413485,0.997093441046833
"2716","Lamp5","AFMID",0.025190964736184,0.0526510139893267,0.632328776444981,-0.0780031264324109,0.128385055904779,7,0,0,0.882993296421211
"2717","Lamp5","SRP14",0.0301382938053047,0.0843091409279549,0.720737271522686,-0.135104585980999,0.195381173591608,7,0.00579704318237981,11.3047223516591,0.915387356767999
"2718","Lamp5","PCYT2",0.0167768044875166,0.0691096178578742,0.808194085604541,-0.118675557499243,0.152229166474276,7,0,0,0.947362141179829
"2719","Lamp5","GALNT12",-0.146555716682745,0.0838470875549826,0.0804826000044455,-0.310892988499088,0.0177815551335972,6,3.64995369586105e-06,0.00759949547010437,0.408527764623584
"2720","Lamp5","PRNP",0.0683352787634714,0.0428331114480645,0.110626297339954,-0.0156160770205253,0.152286634547468,7,0,0,0.464366405717271
"2721","Lamp5","ZXDB",0.00750345730670025,0.0705930504186631,0.915350894590617,-0.1308563790727,0.1458632936861,7,0,0,0.980734315041589
"2722","Lamp5","RHCE",0.0309950652604315,0.101016488141891,0.758971444497605,-0.166993613342392,0.228983743863255,7,0.00847121283858955,11.288629964217,0.926555528105898
"2723","Lamp5","AKR1B1",-0.0371062358521423,0.0981224186393717,0.705309754677205,-0.229422642461272,0.155210170756988,7,0.0317421144649405,55.1133975551152,0.910144531473291
"2724","Lamp5","VAV2",-0.0529485625716227,0.0593544102182452,0.372352940828645,-0.169281068923,0.0633839437797541,7,0.00951844535751632,45.1104804587864,0.744093661240599
"2725","Lamp5","NDRG2",0.0106143122205493,0.0818992840002083,0.896881309080578,-0.149905334779476,0.171133959220575,5,4.63172198314563e-07,0.00119016622897705,0.976532292201911
"2726","Lamp5","HYAL1",0.0653202113754471,0.120033571274748,0.586315649594846,-0.169941265258781,0.300581688009675,7,0.0364658139127829,42.3695428861141,0.860479719427699
"2727","Lamp5","RP2",0.0430560685831054,0.0685062698821472,0.529677613269072,-0.091213753101084,0.177325890267295,7,8.01794033621036e-06,0.0207221582664888,0.83539935843094
"2728","Lamp5","MYH9",-0.0525335135010323,0.0553298643702209,0.342386518638922,-0.160978054936151,0.0559110279340865,6,0,0,0.723683346836846
"2729","Lamp5","DCP2",0.101294706904634,0.0295028129261972,0.000596080736925235,0.0434702561266645,0.159119157682603,7,3.45678951197507e-08,0.000478720357578235,0.0466825592266343
"2730","Lamp5","SHROOM4",-0.343708183739051,0.103136840832151,0.000860554908799584,-0.545852677249308,-0.141563690228795,6,1.4189385118324e-07,0.000180257884521424,0.054585113815654
"2731","Lamp5","ACOT2",-0.0668706998151957,0.108648435842122,0.538239228607073,-0.279817721042366,0.146076321411975,6,0.0202375235864178,30.1353851350034,0.839248783091326
"2732","Lamp5","MEMO1",0.0682428422434604,0.0629705776969644,0.278486374789929,-0.0551772221282709,0.191662906615192,7,0.00360227095638421,12.5802754294573,0.668106652398611
"2733","Lamp5","POGLUT3",-0.0488493980342297,0.0661359492763449,0.460137195937875,-0.178473476699234,0.0807746806307741,5,6.50717092963026e-07,0.00258110914356977,0.799114769561592
"2734","Lamp5","NDUFAF2",0.0705672617224449,0.0300948090401669,0.0190356708499174,0.0115825198821074,0.129552003562783,6,7.39041378548429e-08,0.00122825087545055,0.221344739918937
"2735","Lamp5","ENOPH1",0.0189038309626061,0.0540767202264693,0.72665821018937,-0.0870845930833224,0.124892255008535,7,0.00348753988041158,17.1922996821352,0.918061663375543
"2736","Lamp5","SOWAHC",-0.0441800616321996,0.129137888710324,0.732264041562931,-0.297285672543977,0.208925549279577,5,0,0,0.919666801398003
"2737","Lamp5","SLC16A6",0.0163014425227919,0.0748705672928136,0.827640800053249,-0.130442172873205,0.163045057918789,7,1.33608398902813e-08,2.75463672582159e-05,0.954801237292379
"2738","Lamp5","PSMC5",-0.035935748795564,0.0556765189412621,0.518643294239054,-0.145059720705,0.0731882231138718,7,0,0,0.829106552615597
"2739","Lamp5","PECR",-0.07073864291661,0.0528497575414255,0.180738169913264,-0.174322264289478,0.0328449784562582,7,0.00397398458283406,21.0160871424352,0.57276150096728
"2740","Lamp5","TMEM45A",0.175774704405385,0.124563939456884,0.158209143405639,-0.0683661307025353,0.419915539513305,5,0,0,0.54200010238964
"2741","Lamp5","PML",-0.0283536641134626,0.0618131273121096,0.646449816043811,-0.149505167416986,0.0927978391900613,7,9.35392007943827e-07,0.00307096019399759,0.887588214703552
"2742","Lamp5","FGFBP3",-0.10751070227309,0.17140550750609,0.530508382208494,-0.443459323736835,0.228437919190655,6,0.0938409107911964,63.0543875784626,0.8358827065654
"2743","Lamp5","ZNF592",-0.0337573647591853,0.0323279890258871,0.296386018712467,-0.0971190589425302,0.0296043294241595,7,0,0,0.686781708541444
"2744","Lamp5","CNR1",-0.0925979774920323,0.0501430801852921,0.0647942429366059,-0.190876608729109,0.0056806537450441,7,0.00190388437829128,10.5265072518266,0.371880205906429
"2745","Lamp5","SPG7",-0.0710320142207094,0.0297701672563059,0.0170321363199886,-0.129380469856803,-0.0126835585846162,6,2.98147731718904e-06,0.0507740019377496,0.208269241565177
"2746","Lamp5","KNTC1",0.0847755543991983,0.054042073949522,0.116718924118915,-0.0211449641917151,0.190696072990112,7,0,0,0.473561011652999
"2747","Lamp5","PHKA1",0.0764091749878203,0.116253835034005,0.511012759689391,-0.151444154743491,0.304262504719132,5,0.0163835335280961,24.3209676899867,0.824612278117045
"2748","Lamp5","CASP3",0.0265947801810655,0.0462235643201072,0.565053845097406,-0.0640017411234153,0.117191301485546,6,0,0,0.852935819308762
"2749","Lamp5","EIF3D",-0.181990313934434,0.0787199331671477,0.0207848049621418,-0.336278547807443,-0.0277020800614243,7,0.0125487002876498,32.3059208087464,0.22867109709499
"2750","Lamp5","ANXA5",0.000466360167834957,0.11531044367601,0.996773054101488,-0.225537956478479,0.226470676814149,5,0.00693784299512448,9.80805171299964,0.999491564254049
"2751","Lamp5","RAB11FIP5",0.0183153493553988,0.0740920433911792,0.804755573645702,-0.126902387232291,0.163533085943089,7,0.00982581652672972,27.753463781496,0.946038694946959
"2752","Lamp5","DLG4",0.0153954119388035,0.0389332605444452,0.692524952362656,-0.0609123765290234,0.0917032004066305,7,0,0,0.905268111563042
"2753","Lamp5","ANKHD1-EIF4EBP3",0.0671282439046352,0.101112646979984,0.506757116954941,-0.131048902557646,0.265305390366917,5,0.0235116550092557,52.0407522985476,0.822863732528355
"2754","Lamp5","GAB1",0.0224508478960878,0.134860213910673,0.867783192006546,-0.241870314316199,0.286772010108374,6,0.0476651778827608,50.2409701967693,0.967279253523521
"2755","Lamp5","LINC02613",-0.026926837685139,0.0934916261777471,0.773336509549701,-0.210167057849605,0.156313382479327,5,2.03037015419558e-07,0.000380423661444625,0.933571200986676
"2756","Lamp5","NOL8",0.0322508311593812,0.0411996855232637,0.433748597177468,-0.0484990686405919,0.113000730959354,7,3.96754893294144e-06,0.0289523616514081,0.783353965026019
"2757","Lamp5","FAM241B",-0.0615993864988626,0.0804234466838496,0.443713100793633,-0.219226445511785,0.0960276725140598,5,3.42041890794796e-06,0.0092869263688808,0.789520156582511
"2758","Lamp5","HTT-AS",0.224622910118807,0.219714776172213,0.306620641003707,-0.20601013805001,0.655255958287624,5,0.164135837469447,78.5628437773434,0.6957260731822
"2759","Lamp5","SIDT1",-0.152588513163859,0.0916864882633905,0.0960640592451432,-0.332290728029058,0.0271137017013409,6,2.40274518800928e-06,0.00418265746465357,0.441009629371465
"2760","Lamp5","FNDC4",-0.13932485527043,0.0647293965149994,0.0313642806215358,-0.266192141180841,-0.0124575693600188,7,0,0,0.275595468003635
"2761","Lamp5","RBAK-RBAKDN",-0.00935054226245135,0.075737465285913,0.901742901670902,-0.157793246503193,0.139092161978291,5,2.27451416355142e-06,0.0073913761329761,0.977956078464346
"2762","Lamp5","CFAP54",0.0828379124211227,0.13880743738191,0.550652300547862,-0.18921966563372,0.354895490475965,7,0.0611508766868487,54.3687062097261,0.84527298618773
"2763","Lamp5","COL11A2",-0.0434067276048167,0.0939977415238192,0.64423565722368,-0.227638915619607,0.140825460409974,5,4.52206608218334e-06,0.00933131464816322,0.886929185222919
"2764","Lamp5","LINC02102",0.0460942305961123,0.148823049363255,0.756770030320225,-0.245593586225294,0.337782047417519,5,0.0364719257055609,34.9455244277547,0.926555528105898
"2765","Lamp5","LMBR1L",-0.0308532162225692,0.0355537966245038,0.385509504850194,-0.100537377120258,0.0388309446751201,7,0,0,0.754615415919232
"2766","Lamp5","MRGBP",-0.0902674762991109,0.0609711009615476,0.138740904635775,-0.2097686382815,0.0292336856832779,7,7.56402925864908e-07,0.00248539886391968,0.5124964415619
"2767","Lamp5","MPPED2",-0.222633787633745,0.109777073247308,0.0425547787205354,-0.437792897526683,-0.0074746777408061,6,0.0116476596019205,15.9072044876449,0.311533916278128
"2768","Lamp5","CAPN5",-0.0714084107909309,0.0799432406624457,0.371729260886638,-0.228094283296742,0.0852774617148806,7,0.0180899990532295,47.1868325030194,0.744075686335789
"2769","Lamp5","COPS6",-0.0283926321050265,0.0514677938416753,0.581182532316906,-0.129267654398442,0.0724823901883894,7,0.00219828783093488,11.4512667724529,0.858378677238391
"2770","Lamp5","PPP2R2C",-0.0251751816550473,0.0315132727149649,0.424362603559504,-0.0869400612113674,0.0365896979012727,7,2.79177060056113e-06,0.0358864943981278,0.778050998360332
"2771","Lamp5","RSRC1",0.0567973062613248,0.0440332043328205,0.197094244945804,-0.0295061883548964,0.143100800877546,7,0.00502941946175692,43.2716624293766,0.589557297475454
"2772","Lamp5","SH3D21",-0.0629729365655672,0.0870427762241214,0.469390478469853,-0.233573643079225,0.10762776994809,6,0.0176145420882111,46.9169976995595,0.804563670921739
"2773","Lamp5","LZIC",-0.0493781357305289,0.0382187576055447,0.19636166705431,-0.124285524171263,0.025529252710205,7,0,0,0.588784924001566
"2774","Lamp5","POLA1",-0.0205871602537622,0.0343970652231118,0.549496338466652,-0.0880041692649365,0.046829848757412,7,0.00100067898532265,11.7785458083087,0.844764971297428
"2775","Lamp5","CYP4Z1",0.0869093918467349,0.0686926221208981,0.205802322347201,-0.0477256735138449,0.221544457207315,7,0.00143667561826347,4.04558492189153,0.59469941911079
"2776","Lamp5","PAK5",0.0177949432069434,0.0303891546639708,0.558165267460095,-0.0417667054550567,0.0773565918689434,7,0,0,0.850476296218435
"2777","Lamp5","RBM42",0.0389889763730042,0.0817544369815786,0.633430846224398,-0.121246775687239,0.199224728433248,6,0,0,0.882993296421211
"2778","Lamp5","TBL2",-0.0407129340240622,0.0713136111187691,0.568067493351559,-0.180485043424345,0.0990591753762205,6,0,0,0.853511583813389
"2779","Lamp5","AIP",-0.0512783620862828,0.121959628555576,0.674154135709882,-0.290314841623094,0.187758117450528,7,0.0433609704953334,48.4398532216026,0.899699733172021
"2780","Lamp5","GATAD1",-0.0453416045069383,0.0376640021313759,0.22864965872579,-0.119161692198075,0.0284784831841983,7,0,0,0.620378556692602
"2781","Lamp5","MADD",-0.0456746537015426,0.0278691919425767,0.101235320770202,-0.100297266187227,0.00894795878414165,7,0,0,0.450734624382296
"2782","Lamp5","SLC39A13",-0.104747339715702,0.0569574487247851,0.0659084941683327,-0.216381887867568,0.00688720843616321,6,7.41485481342335e-06,0.0330416737198715,0.373672580884055
"2783","Lamp5","USP6",0.0428130563788605,0.0955065267455918,0.653955737434983,-0.144376296331011,0.230002409088732,7,0,0,0.891077090670597
"2784","Lamp5","C3orf80",0.0910225909636138,0.101858616239333,0.371526848012504,-0.108616628380566,0.290661810307793,5,0,0,0.743862309623561
"2785","Lamp5","PPP6C",-0.0215144059028271,0.0372426102747798,0.563478465553051,-0.0945085807316569,0.0514797689260026,7,0.00255007231839805,28.9079153743463,0.852935819308762
"2786","Lamp5","ZNF439",-0.0441561284313832,0.10049942480073,0.660395650807862,-0.241131381507806,0.152819124645039,7,0.034794758939714,55.4759588151256,0.893414587639381
"2787","Lamp5","TMEM185A",0.113506965590046,0.068432283572398,0.0971811593451701,-0.020617845591686,0.247631776771778,7,0,0,0.443201392668085
"2788","Lamp5","MYL6B",-0.119867881680941,0.0577156312427243,0.0378135295169529,-0.232988440261675,-0.00674732310020643,7,0.00699468484695075,32.8889335819633,0.298239726600151
"2789","Lamp5","COG5",0.0233135181425037,0.0254113146213351,0.358908788031854,-0.0264917433151291,0.0731187796001366,7,1.90337373159323e-06,0.0362064473147623,0.734341772748556
"2790","Lamp5","ZNF501",0.00156375908913086,0.109264146752558,0.9885812805119,-0.212590033347381,0.215717551525643,6,0.0163790628045494,23.4106507147828,0.997674559800997
"2791","Lamp5","NHP2",0.0425098733866503,0.0926469162811915,0.646350910376516,-0.139074745803183,0.224094492576483,6,0.0157796952129089,32.3455124480533,0.887588214703552
"2792","Lamp5","PPL",-0.0638380130026216,0.0892960462080701,0.474668971515772,-0.238855047532263,0.11117902152702,5,0.00598258322279212,14.1882013665179,0.807430790609305
"2793","Lamp5","IDNK",-0.0842109588232522,0.0552235320994879,0.127281355360524,-0.19244709283734,0.0240251751908357,7,0,0,0.490702040218088
"2794","Lamp5","SLC25A25-AS1",0.0217950478180638,0.154777127965222,0.888015549037174,-0.281562548624319,0.325152644260447,5,0.0358164360026728,30.4971355610858,0.974214552015364
"2795","Lamp5","EGLN3",-0.0344962681027694,0.0525694534977998,0.511693090454474,-0.13753050364541,0.0685379674398714,7,0,0,0.825264688974383
"2796","Lamp5","HS3ST4",-0.00962950802077625,0.0693196389393283,0.889517655297329,-0.14549350376318,0.126234487721628,7,0,0,0.975045063217302
"2797","Lamp5","APOE",0.0797214416980822,0.0769964015475464,0.300485980271188,-0.0711887322742928,0.230631615670457,5,1.14683482119901e-06,0.00364482586941773,0.689991770313005
"2798","Lamp5","PCNX3",-0.108593417068784,0.0687317807546457,0.114116184600562,-0.243305231941193,0.0261183978036252,7,0.00268931253325724,7.67160232362238,0.469877796733769
"2799","Lamp5","SEMA3A",-0.049473958361558,0.0885549828969908,0.576379664702171,-0.22303853549122,0.124090618768104,6,0,0,0.857671876115575
"2800","Lamp5","RAB30-DT",0.017107055364648,0.0361708939765128,0.636248239022529,-0.0537865941179338,0.0880007048472299,5,0,0,0.88413812345694
"2801","Lamp5","DTD1",-0.0470651255574475,0.0361883559201116,0.193409130981705,-0.117992999820583,0.023862748705688,7,3.27781398892039e-06,0.0275751175936839,0.587496984549506
"2802","Lamp5","MED22",0.0395257341727877,0.0680906856486279,0.561586485253704,-0.0939295573811613,0.172981025726737,7,0.00107263206515434,3.03200400676752,0.852502256556111
"2803","Lamp5","CYP3A5",-0.0162181226982175,0.0462022878014663,0.725570167478636,-0.106772942792446,0.0743366973960106,7,1.02341649112348e-06,0.00598478778795874,0.917618044281986
"2804","Lamp5","ST8SIA6",-0.153536566297912,0.113576641107743,0.176428984775549,-0.376142692354119,0.0690695597582948,6,0,0,0.568703160472662
"2805","Lamp5","TMEM25",-0.0951846699184085,0.0393580217601066,0.015587590654164,-0.172324975070961,-0.0180443647658557,7,0,0,0.201091690003395
"2806","Lamp5","AP5S1",-0.0586367025627206,0.0774201260579697,0.448820320112398,-0.210377361314892,0.0931039561894508,6,0,0,0.792359345766779
"2807","Lamp5","MCM6",-0.0636756753385049,0.0582888177004257,0.274650005095911,-0.17791965873276,0.0505683080557502,7,1.76575662610397e-06,0.00655939797725172,0.66407994560089
"2808","Lamp5","FMR1",0.00191914706817252,0.0354272170413745,0.956798491500567,-0.0675169224054052,0.0713552165417502,7,1.40445161269675e-06,0.0136938764196304,0.993215417244437
"2809","Lamp5","ACOT11",0.0384212228515511,0.0683781480761573,0.574188723021806,-0.0955974847072641,0.172439930410366,6,0,0,0.856247790013208
"2810","Lamp5","CABYR",-0.0109338152218468,0.0439297816754752,0.803443548885934,-0.0970346051544858,0.0751669747107922,7,0,0,0.945598524967952
"2811","Lamp5","UBA6",0.00642645402555583,0.0253006400068374,0.799492765245599,-0.0431618891736586,0.0560147972247703,7,0,0,0.943987715596255
"2812","Lamp5","CENPJ",-0.0777119477248845,0.0848107945125521,0.359510701211375,-0.243938050469714,0.0885141550199448,5,0,0,0.73483363923243
"2813","Lamp5","ARL4C",-0.00877622157041529,0.0440516601360899,0.842086218977402,-0.0951158888963502,0.0775634457555197,7,0.000894135919624353,6.14574479464082,0.958821007634427
"2814","Lamp5","SLC12A5",-0.0361364548798988,0.0336384705619456,0.28270628070986,-0.102066645676323,0.0297937359165254,7,0,0,0.672277671705949
"2815","Lamp5","TNFAIP8",0.105143107386293,0.109443977783222,0.336701754004662,-0.109363147393623,0.31964936216621,6,0,0,0.717915220914416
"2816","Lamp5","CCDC85A",0.0972928340125414,0.046102414750822,0.0348270939722093,0.0069337615006021,0.187651906524481,5,1.45972387093933e-07,0.00102548640649805,0.288034036523963
"2817","Lamp5","AKR1C1",0.108989317231655,0.0916152791913819,0.234187417125489,-0.0705733304170355,0.288551964880345,6,0,0,0.62444756330072
"2818","Lamp5","RPL23",-0.0364174420325647,0.0618182373367236,0.555790738306708,-0.157578960800292,0.0847440767351629,7,0,0,0.849033503044357
"2819","Lamp5","YIF1A",-0.132195314169353,0.102417328534306,0.196789881589629,-0.332929589489398,0.0685389611506926,5,0.0157135326105321,30.8023888029794,0.589123978856738
"2820","Lamp5","TTC33",0.0318411813826628,0.0412629654051068,0.440312934606507,-0.0490327447066688,0.112715107471994,7,0.00232625525297857,20.3411930923632,0.788146021283863
"2821","Lamp5","ANK3",0.0527239992366942,0.0260669977829821,0.0431108832557351,0.00163362239696395,0.103814376076424,7,0,0,0.313539922061105
"2822","Lamp5","TP53TG1",0.05686827560473,0.0844529087392625,0.50071026919059,-0.108656383913873,0.222392935123333,6,0,0,0.821845066799594
"2823","Lamp5","HIF1A",0.0272709491643467,0.0422279948679274,0.518407199598115,-0.0554943999161332,0.110036298244827,7,0.00292319793279357,24.707348190158,0.829106552615597
"2824","Lamp5","ADCY7",0.122552316892931,0.104541896648572,0.241084880159036,-0.0823460354137778,0.327450669199641,6,0,0,0.632628391265572
"2825","Lamp5","METTL14",0.0477136308741463,0.035089549784465,0.173903496634471,-0.0210606229371304,0.116487884685423,7,0,0,0.564985578987134
"2826","Lamp5","DEPTOR",-0.0484092622615097,0.0736025809780864,0.510723545984574,-0.192667670147752,0.0958491456247325,7,0.0106455573898663,30.2755816168026,0.824565023970019
"2827","Lamp5","IMPACT",0.0348995933120868,0.0595931794826034,0.558123736900358,-0.0819008921980471,0.151700078822221,7,0.00458261081668748,18.7714576039148,0.850476296218435
"2828","Lamp5","CEP170B",-0.0931725958988444,0.0463225718307605,0.0442846475543634,-0.183963168358404,-0.00238202343928427,7,0,0,0.317621447622866
"2829","Lamp5","STK33",0.128196348321398,0.150083976273996,0.393014057477495,-0.165962839832199,0.422355536474995,6,0.062069093594695,52.4049647551041,0.758726026112857
"2830","Lamp5","DYRK1B",-0.144883599028614,0.0675867742590227,0.0320595052915638,-0.277351242407537,-0.0124159556496906,7,0.00470989062107065,14.6352731693887,0.278027283380574
"2831","Lamp5","DHCR7",0.189943087460404,0.0834315186388357,0.0228080510473956,0.0264203157528035,0.353465859168004,6,0,0,0.239054761153202
"2832","Lamp5","DBNL",-0.0574676734671597,0.0830277536932822,0.48884303067851,-0.220199080423255,0.105263733488936,7,0.0283125559363378,72.7763122420089,0.814817619036119
"2833","Lamp5","CCDC150",0.0464136181755544,0.0917752324553963,0.613045211477424,-0.133462532109814,0.226289768460923,6,1.08030222334029e-06,0.00184624210769323,0.874492676528043
"2834","Lamp5","RAB6B",0.00364421157399689,0.0332405708353646,0.912701677169443,-0.0615061100888702,0.068794533236864,7,0,0,0.980682781425819
"2835","Lamp5","TMEM150A",-0.103396229644801,0.0843916972908681,0.220502007508458,-0.268800916929109,0.0620084576395068,6,0,0,0.611120164030974
"2836","Lamp5","MYO18B",-0.131707901306677,0.107898514955006,0.222213023240327,-0.343185104603844,0.0797693019904904,5,0,0,0.612872207414116
"2837","Lamp5","ALG2",0.0522072561773027,0.0574856821977387,0.363783962285841,-0.0604626105569805,0.164877122911586,7,9.58879313716919e-07,0.00363663762485365,0.737658430833555
"2838","Lamp5","HOOK1",0.0765084379346825,0.0307331768769448,0.0127944066290032,0.0162725181253715,0.136744357743993,7,1.73089337809295e-06,0.0221563499217572,0.183587594183075
"2839","Lamp5","STX10",-0.0637593777197107,0.0709141060659906,0.368595605640938,-0.202748471604906,0.0752297161654843,7,0.00409962399875126,11.2696925878447,0.740846192917642
"2840","Lamp5","PNMA1",0.026027942184557,0.0616321790832942,0.672798089345318,-0.0947689091074224,0.146824793476536,7,0.00374987648575329,13.870229907855,0.899294998377184
"2841","Lamp5","MOCS1",-0.0965395232843006,0.0791947155135592,0.222838608800819,-0.251758313456772,0.058679266888171,5,0.000289651998723726,0.856094787690334,0.613614304086806
"2842","Lamp5","CHKB",-0.0121315440780913,0.106143121923895,0.909004573586702,-0.220168240255569,0.195905152099386,6,0.030290316770606,51.3295655140869,0.979827084623903
"2843","Lamp5","PLIN2",0.126118682261,0.104179290830734,0.226051568103894,-0.0780689757021617,0.330306340224162,6,0.00436734835706309,6.23250765988134,0.617203356838919
"2844","Lamp5","PTCHD1-AS",-0.00679525992641612,0.152631908658263,0.964489453900689,-0.305948303788219,0.292357783935387,5,0.0478697715649323,42.9045238041216,0.99419564321202
"2845","Lamp5","RNF121",-0.0640825888334867,0.0403607749406112,0.112344179786844,-0.143188254105211,0.015023076438238,7,9.34524932714129e-07,0.00716775781800761,0.467475311785272
"2846","Lamp5","REC8",-0.123986775348479,0.0677639425513853,0.0672968208533218,-0.256801662199635,0.00882811150267786,6,0.00274617950555699,9.44609668027164,0.377815574346551
"2847","Lamp5","ZNF790",0.0163263956623416,0.0418469038853418,0.696428704385953,-0.0656920288174375,0.0983448201421208,7,0,0,0.906391554342484
"2848","Lamp5","TSPOAP1-AS1",-0.0918220016797236,0.0831193849803541,0.269289514286683,-0.254733002658337,0.0710889992988901,6,5.17052097386909e-06,0.0108902321943701,0.658979599213106
"2849","Lamp5","TCN2",0.0584049739456942,0.202456906568744,0.772978560761706,-0.338403271350434,0.455213219241822,6,0.15586615951098,69.9498475708219,0.933459619120392
"2850","Lamp5","DDT",-0.331027859966866,0.150806669607601,0.0281601635558016,-0.626603501026194,-0.0354522189075377,5,1.73358067148968e-09,1.33182786994141e-06,0.262279903398623
"2851","Lamp5","PANX2",-0.0491743180095094,0.067234983201228,0.464547114328721,-0.180952463585072,0.0826038275660531,7,0.00810650714012544,27.5635613865918,0.800596104093666
"2852","Lamp5","KLHL5",0.00356977607219755,0.0454700834297502,0.937423778516635,-0.0855499498241443,0.0926895019685394,7,2.85719901007328e-08,0.000174557971836965,0.986332128038047
"2853","Lamp5","PLCE1",-0.135004539725557,0.101360671811522,0.18288572039621,-0.333667805924924,0.0636587264738107,6,0.012648823642897,20.681914476283,0.575602130380935
"2854","Lamp5","B4GALT2",-0.0726905908563297,0.0961387252734479,0.449588614163694,-0.261119029911878,0.115737848199219,7,0.0308453560427544,55.8108816684229,0.793046943472101
"2855","Lamp5","OCIAD2",-0.0574034528560736,0.0951984090479971,0.546516989603143,-0.24398890597566,0.129182000263513,6,0.0201205952567639,40.1876085103991,0.843982009124998
"2856","Lamp5","IFNLR1",0.089065620393531,0.101995625893109,0.382537832947269,-0.110842132937584,0.288973373724646,6,5.97542663822751e-07,0.0008698760723304,0.752499597461346
"2857","Lamp5","PLAGL2",0.106505387207991,0.0696284872485799,0.126109889242349,-0.0299639400972316,0.242974714513214,7,0,0,0.489182019282922
"2858","Lamp5","ANP32B",0.0681285694384748,0.0803038291280229,0.396223556423432,-0.0892640434731086,0.225521182350058,7,0.0227040644819044,59.1748110192897,0.760705973875072
"2859","Lamp5","A1BG-AS1",-0.0920101878811436,0.0921523670776416,0.318057742993564,-0.272625508443436,0.0886051326811484,7,0.021345669590495,41.3014543639952,0.702558653206507
"2860","Lamp5","TTN-AS1",0.0986332513592615,0.0458819326646843,0.0315774676768609,0.0087063157953885,0.188560186923135,7,0,0,0.276048929786242
"2861","Lamp5","NID1",0.170332485285971,0.141648573663325,0.229169659853354,-0.107293617555615,0.447958588127558,6,0.036109699630965,31.7657086378809,0.620850352829784
"2862","Lamp5","SLC45A1",-0.172846240881824,0.0658531514491374,0.00867196408993085,-0.301916045990595,-0.0437764357730528,7,0.00775829275515364,27.6494340703431,0.15407159370068
"2863","Lamp5","COPE",-0.0717087865108996,0.0893510656189977,0.422234303173933,-0.24683365710441,0.103416084082611,7,0.0203831009054622,42.083752877541,0.776368393551209
"2864","Lamp5","ZBTB47",0.0525512353494924,0.0525686782504357,0.317471111924248,-0.0504814807362357,0.15558395143522,7,0.00297085661826002,15.2460932534801,0.701947766322472
"2865","Lamp5","CTXN1",0.0420989165194128,0.0890105213553049,0.636237706669654,-0.132358499582118,0.216556332620944,5,0,0,0.88413812345694
"2866","Lamp5","TMEM121",-0.113450056960879,0.0763816872549694,0.137463204069472,-0.263155413059021,0.036255299137263,5,2.42885320092612e-07,0.000751974955873839,0.510534924679135
"2867","Lamp5","PHB2",-0.0437935245683967,0.094549648451438,0.643235211260276,-0.229107430284138,0.141520381147345,5,0.0176459449875588,41.3007763999221,0.886735878258891
"2868","Lamp5","TRAPPC10",-0.0598249811279172,0.0452883623305241,0.186508325594282,-0.148588540214545,0.0289385779587104,7,0.00541895133796074,44.4105919245239,0.579579406254291
"2869","Lamp5","TRIM73",-0.112778732757944,0.106636349060859,0.290237286542589,-0.321782136360069,0.0962246708441809,6,3.35277690025792e-06,0.00449743163952256,0.679911402500062
"2870","Lamp5","IRS1",0.151310526108303,0.0610974469220738,0.0132661208199367,0.0315617305936911,0.271059321622916,7,0.00519710917838017,20.4974105009485,0.185282376107453
"2871","Lamp5","PTPN20",-0.0204999458321355,0.0872789858332439,0.814303139075728,-0.191563614672475,0.150563723008204,7,0,0,0.949239812867398
"2872","Lamp5","LDB3",-0.216976500339028,0.103652940545853,0.0363225548862761,-0.420132530700572,-0.0138204699774849,5,1.61257779591282e-07,0.000265565219593018,0.291728958956667
"2873","Lamp5","TRPT1",-0.217297349314353,0.106749303306135,0.0417919805650529,-0.426522139169121,-0.00807255945958452,5,0.0147994712947936,26.5340907387729,0.31114492884268
"2874","Lamp5","DHRS3",0.027637085176692,0.0515911211207414,0.592169633817914,-0.0734796541420048,0.128753824495389,7,6.55658420963371e-06,0.031047825463813,0.863643376990908
"2875","Lamp5","CYB5B",0.00442081877875565,0.0384565144725585,0.908479756503469,-0.0709525645584024,0.0797942021159137,6,0,0,0.979767074450202
"2876","Lamp5","NAIP",0.046338518167196,0.068946551161962,0.501524273221621,-0.0887942389684978,0.18147127530289,7,0.00487086807805604,14.5388709747712,0.821953006643139
"2877","Lamp5","IL12A",0.00249959560972337,0.0959409333195244,0.979214678524821,-0.185541178339703,0.19054036955915,6,0.0118772730753356,21.9087767960551,0.997093441046833
"2878","Lamp5","EIF3J-DT",-0.055674413118684,0.115907263710083,0.630988606708315,-0.282848475537033,0.171499649299665,5,0.0399077406841091,70.9848781174308,0.882993296421211
"2879","Lamp5","PBX4",0.00275999121958719,0.0527353793456352,0.958260479125587,-0.100599453008915,0.10611943544809,7,1.58522485093676e-06,0.00731437084299983,0.993225608412454
"2880","Lamp5","ATXN7L3",-0.0365226483299519,0.0449309152399823,0.416296995886913,-0.124585623992739,0.0515403273328353,7,0,0,0.773057554705334
"2881","Lamp5","GNL2",-0.119409824170945,0.0566800082474872,0.035140454044543,-0.230500598979454,-0.0083190493624373,7,2.17353107763087e-06,0.00827573910354303,0.289424717574855
"2882","Lamp5","TFB2M",-0.113330378171619,0.0847363681743819,0.181076860939118,-0.279410607974133,0.0527498516308958,6,0.0161510500358004,41.3348441661418,0.573186389616442
"2883","Lamp5","ELAC2",-0.130265148272877,0.0427893841684276,0.00233196606233316,-0.214130800163644,-0.0463994963821108,6,0,0,0.0833125240184361
"2884","Lamp5","GABRA1",-0.0310942511371262,0.0349565878401082,0.373728794854978,-0.0996079043261491,0.0374194020518968,7,0.00068852208861054,7.59644318168812,0.745335842612238
"2885","Lamp5","IDH3G",-0.0464378746462594,0.0537766406880342,0.387844782245947,-0.151838153604358,0.0589624043118389,6,0,0,0.755827226879962
"2886","Lamp5","MIER3",0.145822804810522,0.0488855175712492,0.00285489395276017,0.050008951005274,0.241636658615771,7,0.00167830470684795,9.52120688959877,0.089332763337019
"2887","Lamp5","LINC02482",0.0125505189970339,0.0700736175480928,0.85785543841172,-0.124791247663662,0.14989228565773,5,0.000165875305091862,0.589380396827549,0.963928703181975
"2888","Lamp5","IMP4",0.013779646138005,0.091435300659387,0.880209385218538,-0.165430250069985,0.192989542345995,6,0.0171291799936826,36.0545717460329,0.971430789758998
"2889","Lamp5","P4HTM",-0.121209013537143,0.062541268020719,0.0526153495763969,-0.243787646405219,0.00136961933093238,7,0.00896645137017782,35.5116179161686,0.341371320161645
"2890","Lamp5","ASF1A",0.127999974419746,0.102003788931775,0.209531367217072,-0.071923778173158,0.327923727012649,7,0.0263256511249268,41.0128072366713,0.599470244150471
"2891","Lamp5","TEX14",0.0651667530948031,0.0844602000858753,0.440370575651708,-0.100372197200559,0.230705703390165,5,6.4929874718619e-06,0.0142848251693073,0.788146021283863
"2892","Lamp5","AGAP9",-0.124723233963462,0.0754034508780825,0.098111544925602,-0.272511281994539,0.0230648140676151,7,2.82703956626826e-06,0.00654842715873955,0.444220848429946
"2893","Lamp5","GRM1",0.035330648793572,0.0794839274178674,0.656680737300418,-0.120454986295244,0.191116283882388,7,0,0,0.892600776711128
"2894","Lamp5","ZNF563",0.0596884331266966,0.0853703671146272,0.484445550944811,-0.107634411764935,0.227011278018329,5,3.87742890096823e-06,0.00980292556564807,0.812778387170174
"2895","Lamp5","A2ML1-AS1",-0.144944646493198,0.140122734832535,0.300943569799768,-0.419580160180222,0.129690867193826,5,3.14963111106628e-07,0.000276249046728449,0.69051883177963
"2896","Lamp5","TMEM120A",-0.0246849391371329,0.0587696625490202,0.674464560123452,-0.139871361116785,0.0905014828425192,7,5.5924242102353e-06,0.0200687924383963,0.899812770472598
"2897","Lamp5","HMGA1",-0.0959765252008336,0.100000716793487,0.337176837412432,-0.291974328544257,0.10002127814259,7,0.0235770904934859,37.5942690498377,0.71851350652446
"2898","Lamp5","MLLT11",0.0270069715365914,0.08463147162009,0.749641106194434,-0.138867664797409,0.192881607870591,7,0.0197305260060072,46.3949292918539,0.92551168941846
"2899","Lamp5","AOPEP",0.00517661364265914,0.0296955287996379,0.861611625232544,-0.053025553306503,0.0633787805918213,5,1.90010424772863e-06,0.0388087649670314,0.965580190491654
"2900","Lamp5","PPP1R42",0.116753096192545,0.0842475491889467,0.165797677148156,-0.0483690660035574,0.281875258388647,7,0.0104905492975119,21.9717066340863,0.552612714887066
"2901","Lamp5","VEGFB",-0.23767832237388,0.0721629518264629,0.000989013301172964,-0.379115108971846,-0.0962415357759139,7,0.00274546331735868,6.96015000917914,0.0565914357355382
"2902","Lamp5","MAP3K7",0.0631459090272843,0.0298839343500615,0.034597457831313,0.00457447398480443,0.121717344069764,7,1.01244523408994e-06,0.0144488404339065,0.287703178241735
"2903","Lamp5","CDC42BPB",-0.0493861221107843,0.024787791333116,0.0463319347845743,-0.0979693003799857,-0.000802943841582936,7,3.88580455192776e-06,0.0768172861462018,0.323836123956005
"2904","Lamp5","NHSL1",-0.0687667023400997,0.104187456906011,0.509235469818566,-0.2729703655167,0.135436960836501,6,0.0187108412708268,30.2991363690664,0.824364693203052
"2905","Lamp5","NFATC3",0.0557455690034709,0.0352851935355674,0.114139560123054,-0.0134121395137668,0.124903277520709,7,0,0,0.469877796733769
"2906","Lamp5","PRKCH",0.129445980977873,0.118907753490817,0.276319184329703,-0.103608933346694,0.362500895302441,5,8.8615709172207e-06,0.0110577014436689,0.666633271212208
"2907","Lamp5","BOC",0.138407203628476,0.125397802970055,0.269703749858796,-0.107367973933282,0.384182381190234,6,0.00579624604894913,5.59287674472488,0.659588373120928
"2908","Lamp5","SLC30A4",-0.0996844547276036,0.0439727983869819,0.0233928365036712,-0.185869555865529,-0.0134993535896781,7,0,0,0.240752953311019
"2909","Lamp5","TOMM40L",-0.0802685069825965,0.0652069472326096,0.218330005715759,-0.208071775100315,0.0475347611351221,6,0,0,0.60792163717305
"2910","Lamp5","SLC25A6",-0.0320349185674697,0.0833927939624073,0.700871035921932,-0.195481791303957,0.131411954169018,6,0.0136641490508687,36.2860120151536,0.907620717806415
"2911","Lamp5","DHRS4",-0.0409993388279817,0.150737928519501,0.785629047098784,-0.336440249830376,0.254441572174413,5,0.0526788987111248,48.0114020151835,0.938430753353973
"2912","Lamp5","HSDL1",-0.0150979233593627,0.0391546279283996,0.699794847134172,-0.091839583927092,0.0616437372083667,6,0,0,0.907258323785827
"2913","Lamp5","NMNAT3",0.00558574394829283,0.0375099298705991,0.881621699064492,-0.0679323676607045,0.0791038555572902,6,3.48494530068804e-07,0.0036109992631041,0.972361329808379
"2914","Lamp5","TLK2",-0.00213268312846595,0.0276053542067972,0.938419781236622,-0.0562381831542597,0.0519728168973278,7,0,0,0.986648852449703
"2915","Lamp5","VDAC2",-0.0503827249913379,0.0790823855501927,0.524065167814901,-0.205381352481226,0.104615902498551,6,0.0155280353015914,46.6746803328624,0.832752503574064
"2916","Lamp5","HNRNPAB",-0.0918962442523634,0.0610861872552762,0.132486053836458,-0.211622971225574,0.0278304827208477,7,0,0,0.50171017030722
"2917","Lamp5","ZDHHC24",-0.0392885140533589,0.0572237236901274,0.492349089363786,-0.15144495154728,0.0728679234405623,7,0,0,0.816304278344866
"2918","Lamp5","C1QL1",-0.00491494345125205,0.0937486473922151,0.95818860432027,-0.188658915939338,0.178829029036834,5,0,0,0.993225608412454
"2919","Lamp5","ZNF316",-0.171044877010365,0.0509359042117701,0.000784968447369996,-0.270877414785416,-0.0712123392353134,7,0,0,0.05273841383201
"2920","Lamp5","CHST6",0.012735726476612,0.149041587683267,0.931902989178892,-0.27938041758126,0.304851870534484,7,0.0859713339398061,65.1434000060109,0.984934594908954
"2921","Lamp5","DCTN4",0.0130397995529166,0.0251058269861553,0.603486468564188,-0.0361667171420416,0.0622463162478748,7,0,0,0.868633169033008
"2922","Lamp5","POLR3GL",-0.025385129351152,0.0742237531369706,0.732344750229826,-0.170861012297006,0.120090753594702,7,0,0,0.919666801398003
"2923","Lamp5","SERPINF2",0.364427667463062,0.179452062014339,0.0422773116737112,0.0127080889635101,0.716147245962615,7,0.103896615897504,53.7050837974558,0.31114492884268
"2924","Lamp5","NELFCD",-0.0277939104466601,0.0370040779736144,0.452590077346605,-0.100320570556056,0.0447327496627362,7,0,0,0.7951327390625
"2925","Lamp5","PSMA4",-0.0878184661469068,0.0441954457963631,0.0469170930106173,-0.174439948188471,-0.00119698410534311,7,0,0,0.325218524035821
"2926","Lamp5","PEX11G",-0.060129096587522,0.101180910153296,0.552329444592956,-0.258440036410966,0.138181843235922,6,0,0,0.846725782321134
"2927","Lamp5","DKK3",0.00820857324079633,0.0350476381871846,0.814820492333568,-0.0604835353492761,0.0769006818308688,7,0.00122001836383085,13.9355694034157,0.949422341653732
"2928","Lamp5","DPM1",0.0497386936199556,0.03185693538534,0.118449575302835,-0.0126997523931303,0.112177139633042,7,1.3090929826824e-07,0.00156311221223887,0.47534848021698
"2929","Lamp5","B3GALT2",0.00199140643976422,0.0509423903501845,0.968817563209805,-0.0978538439329783,0.101836656812507,7,7.82719632031739e-07,0.00375769807548515,0.995710659885361
"2930","Lamp5","TRIM17",-0.214946408463228,0.0937621391170666,0.0218788334433575,-0.398716824246113,-0.031175992680343,5,5.03929973478863e-06,0.0101066497747961,0.234779556728551
"2931","Lamp5","TIGD2",-0.205134780428283,0.132240148023169,0.120846764286566,-0.46432070786394,0.0540511470073747,5,0.000304129429593548,0.2990995183078,0.480999259384963
"2932","Lamp5","SLA2",0.0665989287521673,0.100307402681355,0.506723405927372,-0.129999967886045,0.263197825390379,6,0,0,0.822863732528355
"2933","Lamp5","PDE9A",-0.158710031831327,0.0942166604017508,0.0920808424299359,-0.343371292962399,0.0259512292997458,6,2.26512422130015e-07,0.000376722065213337,0.433746227847181
"2934","Lamp5","C6",0.423113844888755,0.265432932308696,0.110924432196291,-0.0971251427471473,0.943352832524657,5,0.245577691316057,78.6275438988503,0.464802131967571
"2935","Lamp5","CKAP4",-0.0276596612520358,0.0451124102339928,0.539792009547487,-0.116078360566458,0.0607590380623862,7,0,0,0.839590111913578
"2936","Lamp5","PITHD1",0.0654697290602306,0.0549179222561202,0.233207231498822,-0.0421674206675357,0.173106878787997,7,0.00254018366276517,11.5491648549058,0.623486995608806
"2937","Lamp5","NCKAP1",0.0329536099298242,0.023458383951585,0.160089988180106,-0.0130239777507948,0.0789311976104433,7,0,0,0.544291398507647
"2938","Lamp5","SMPD4",0.00447624643330821,0.0453008633029465,0.921287934363954,-0.0843118141090392,0.0932643069756556,7,0,0,0.982375103729229
"2939","Lamp5","GRIPAP1",-0.0859967891176072,0.0315539281386015,0.00642253951762215,-0.147841351840031,-0.0241522263951833,7,0,0,0.134671783983955
"2940","Lamp5","ZNF282",-0.0768470785573379,0.0505032951970246,0.128103059775,-0.175831718244101,0.0221375611294251,7,0,0,0.491843293266523
"2941","Lamp5","CCER2",-0.161912472184513,0.0780251968124744,0.0379744339531725,-0.314839047823612,-0.00898589654541329,5,0,0,0.298773852398677
"2942","Lamp5","AGPAT1",0.0186722371032665,0.0446054752934772,0.675502178184411,-0.06875288798524,0.106097362191773,7,8.29680089457605e-06,0.0485067004545458,0.900067548790672
"2943","Lamp5","GNB1L",-0.0706542113996595,0.0706802942848543,0.317489127921269,-0.209185042614666,0.0678766198153472,7,0.00296294547105705,8.09739363451449,0.701947766322472
"2944","Lamp5","EIF4EBP2",0.044290635549991,0.0429454767423373,0.302389620180388,-0.0398809521638926,0.128462223263875,7,0,0,0.692508132465963
"2945","Lamp5","ANKRD9",-0.0859853145616635,0.0751173095511581,0.252341559045843,-0.23321253589748,0.0612419067741529,6,0,0,0.642522428932104
"2946","Lamp5","MCUR1",-0.102195165448058,0.0480242541787982,0.0333378560769362,-0.196320974022899,-0.00806935687321593,6,0,0,0.283324755805651
"2947","Lamp5","MPP2",-0.0449138489535676,0.0350039783545175,0.199454598710836,-0.113520385844042,0.0236926879369064,7,0,0,0.591146851544706
"2948","Lamp5","DYNLRB2",0.0256037459209458,0.113297234240311,0.821211230302181,-0.196454752738061,0.247662244579953,6,0.0106498474512434,13.395884630466,0.95212614925907
"2949","Lamp5","LGALSL",-0.000945081760356644,0.0783815865899861,0.990379782966722,-0.154570168527837,0.152680005007124,7,0.0059921787719776,13.7442153555606,0.998310167270653
"2950","Lamp5","VIPR1",0.0221252977739863,0.0757485025395333,0.770218643334661,-0.12633903908634,0.170589634634312,5,0,0,0.93234717601533
"2951","Lamp5","RCAN3",-0.128590172244374,0.105313181370818,0.222076033187219,-0.335000214828511,0.0778198703397637,7,0.0218331908956587,30.0164075160532,0.612784328769254
"2952","Lamp5","CAPRIN1",0.00248053911112852,0.0314046490239776,0.937043467302188,-0.0590714419229885,0.0640325201452455,7,0.000586763825165936,7.97708070866764,0.986192275408507
"2953","Lamp5","BUD23",0.0028969593331297,0.0853428441510481,0.972921041848145,-0.164371941541139,0.170165860207399,5,0.0154737303944026,46.7658565441431,0.996727391459769
"2954","Lamp5","CMTM7",-0.0953879828219796,0.0841195848883003,0.256812631920966,-0.260259339597508,0.0694833739535487,7,0,0,0.647561014815183
"2955","Lamp5","HIPK2",0.00403415932806646,0.0349752011803996,0.908172923621588,-0.0645159753375595,0.0725842939936924,7,7.06950524023898e-06,0.0711055531695155,0.979767074450202
"2956","Lamp5","LUC7L2",-0.00668760046816892,0.0360840318264939,0.852967017164539,-0.077411003265094,0.0640358023287561,7,0,0,0.961280464114222
"2957","Lamp5","BTN3A3",0.173068717134217,0.0672823251274211,0.0101032281675101,0.0411977830883569,0.304939651180076,7,0.00280166956437395,8.37438739734295,0.165799943436789
"2958","Lamp5","SPATC1",-0.0747025756642723,0.0937137485532121,0.425372217840578,-0.258378147684811,0.108972996356266,6,0,0,0.778189743484087
"2959","Lamp5","EIF2B5",-0.0448145677514464,0.0433071730415204,0.300759032296042,-0.12969506718507,0.0400659316821776,7,0,0,0.690227838654455
"2960","Lamp5","PRR5L",-0.276539399854166,0.107440557826579,0.0100564342732721,-0.487119023673153,-0.0659597760351789,5,3.61184212233374e-07,0.000536006601011694,0.16565412875215
"2961","Lamp5","ATG2A",-0.128497685179456,0.0669542073978933,0.054960595166455,-0.259725520292752,0.00273014993383985,7,0.00567882617322139,18.4149543074492,0.34837800237059
"2962","Lamp5","ZNF517",-0.122689596989126,0.0633535095837973,0.0527958214465242,-0.246860194067582,0.0014810000893295,7,0,0,0.341371320161645
"2963","Lamp5","CEP120",0.0825690898831229,0.0381843735861798,0.0305889702307479,0.00772909288198799,0.157409086884258,7,3.89896829961641e-06,0.0332455073544691,0.271576462501495
"2964","Lamp5","SLFNL1",-0.073746225401508,0.0842986499019223,0.381671333580785,-0.238968543154627,0.0914760923516106,6,0,0,0.751961693293674
"2965","Lamp5","TERB1",0.13291374823634,0.0971023027990432,0.171061426851049,-0.057403268065688,0.323230764538367,6,1.72677351998195e-07,0.000259844316302511,0.561507072792513
"2966","Lamp5","NBPF12",-0.0870537621238707,0.0370324195892351,0.0187358865592942,-0.159635970779147,-0.0144715534685942,7,2.89775280806737e-06,0.0250771493068393,0.219239204855773
"2967","Lamp5","PDZD4",-0.0383764593873339,0.0420026563126362,0.360891618801368,-0.120700153015115,0.043947234240447,7,0,0,0.735582667233352
"2968","Lamp5","SCAMP3",-0.0915636680675118,0.050241811109926,0.068385287173747,-0.190035808361031,0.00690847222600748,7,0,0,0.380558236068329
"2969","Lamp5","PHRF1",-0.107773994044523,0.0410175374799717,0.00860122881723541,-0.188166890239789,-0.0273810978492566,7,2.62142822571129e-07,0.00187876091841937,0.153920398652016
"2970","Lamp5","ZNF614",0.0123112243706267,0.0513604130141103,0.810560821696619,-0.0883533353681318,0.112975784109385,7,0,0,0.948297482554282
"2971","Lamp5","LINC00649",0.124930560380997,0.228067325417883,0.583843452179136,-0.32207318348843,0.571934304250423,5,0.128102575851864,54.6550784448556,0.859263732685249
"2972","Lamp5","POLK",0.058224885980208,0.0353847640825631,0.0998710712155908,-0.0111279772230622,0.127577749183478,7,0.00182973608552813,21.707697087778,0.44791325196165
"2973","Lamp5","LINC00871",0.061116878486476,0.132285914288482,0.644077059103533,-0.198158749180901,0.320392506153853,5,0.026971966289671,32.4448796711787,0.886929185222919
"2974","Lamp5","KCNJ16",-0.164771783655602,0.121663334907859,0.175632483994935,-0.40322753831404,0.0736839710028351,5,0,0,0.567171043895676
"2975","Lamp5","NUFIP1",0.0253712129868231,0.0598520412247857,0.67163956410033,-0.0919366322149633,0.14267905818861,7,0.00763073180656041,33.5738392470309,0.898591731149468
"2976","Lamp5","LINC00624",-0.0208215387480136,0.134824192251071,0.87726696557536,-0.285072099804817,0.24342902230879,7,0.0500534491066852,45.1884750864131,0.970961188460503
"2977","Lamp5","TP53BP2",0.0384104548303535,0.0564817214996265,0.496472128154361,-0.0722916850937361,0.149112594754443,7,0,0,0.819052307987033
"2978","Lamp5","BCL7B",-0.0400547688640409,0.0538594953598098,0.457064032092337,-0.14561743999477,0.0655079022666885,7,2.64516002988964e-07,0.00112924016141177,0.797867912728187
"2979","Lamp5","PCED1A",-0.0332599315135786,0.0533526559366755,0.533023104193352,-0.13782921562902,0.0713093526018625,7,1.87800127311746e-08,7.96709491114178e-05,0.837186823533913
"2980","Lamp5","GALNT7",-0.00552151419002743,0.034358578493572,0.872327611889254,-0.072863090597421,0.0618200622173661,7,4.67422803263356e-06,0.0497191087246383,0.968577940382375
"2981","Lamp5","PRRC2A",-0.0770199098574346,0.0436818834551483,0.0778667138132135,-0.162634828206401,0.00859500849153219,7,0.00309011029550839,24.8457228169244,0.403819614263755
"2982","Lamp5","CARMIL3",-0.0395020188568826,0.050463960727572,0.433758180072907,-0.138409564400167,0.0594055266864021,7,0,0,0.783353965026019
"2983","Lamp5","CCDC124",-0.0559137182901846,0.0725348547140006,0.440794003424671,-0.198079421153471,0.0862519845731019,7,0,0,0.78860584069802
"2984","Lamp5","TSPAN4",-0.0891808393789428,0.110897980069663,0.421298746101304,-0.306536886273723,0.128175207515838,7,0.0238530155254376,29.7455927642775,0.7757740630534
"2985","Lamp5","DRAP1",-0.0781529723157399,0.0824696939120996,0.343304162477123,-0.239790602199497,0.0834846575680175,6,0.00799740966012155,19.6526332586498,0.72433889877292
"2986","Lamp5","MZT1",-0.0458492010747002,0.0547667041838043,0.402495382783977,-0.153189968826916,0.0614915666775153,7,3.59891164970458e-06,0.0148511095990883,0.765253145105498
"2987","Lamp5","APCDD1L-DT",0.112332592196303,0.106156787370885,0.289975092444475,-0.095730887765108,0.320396072157714,5,0,0,0.679711913966886
"2988","Lamp5","EVA1C",-0.0876103895429496,0.049856767456062,0.07887662458785,-0.18532785814242,0.0101070790565205,7,0.00418870343692475,25.6549317120275,0.405843321379927
"2989","Lamp5","TFE3",-0.0542525101342937,0.0574927772880189,0.345353415212784,-0.166936282989993,0.0584312627214058,7,7.77617726417539e-07,0.00289096204034784,0.725084531694116
"2990","Lamp5","TSFM",-0.0599489089523649,0.0559882575297902,0.284286013797679,-0.169683877267907,0.0497860593631773,6,3.54101239789981e-07,0.00166320244657881,0.673756725922798
"2991","Lamp5","LINC02284",0.00800344379804032,0.104695780624416,0.93906526062041,-0.197196515559121,0.213203403155202,5,0.00351800460570902,5.8754025428808,0.986757003054167
"2992","Lamp5","F8",0.105502801160619,0.122587554223206,0.389440624515046,-0.134764390069716,0.345769992390954,7,0.0457799365410805,48.0203951831935,0.756440591197513
"2993","Lamp5","FRZB",-0.0022722601416731,0.0924188387864984,0.980384749839248,-0.183409855656223,0.178865335372877,6,0,0,0.997093441046833
"2994","Lamp5","MRPL58",-0.117381286530758,0.0769398770272107,0.127103649513877,-0.268180674479031,0.033418101417516,6,0.00426818534815374,11.5179986361384,0.490333078882727
"2995","Lamp5","MEIG1",0.066258802395341,0.114343637138232,0.562271523111944,-0.15785060825691,0.290368213047592,5,0,0,0.852814428920204
"2996","Lamp5","ZNF185",0.140326674692547,0.0814401712632186,0.0848768467505997,-0.0192931278781353,0.299946477263229,7,2.69915023105486e-06,0.00517971768711039,0.418056923513354
"2997","Lamp5","ZNF266",-0.104826046117439,0.042343635149052,0.0133011249095403,-0.187818045984085,-0.021834046250793,7,0,0,0.185288602605907
"2998","Lamp5","TLE4",-0.143193193607159,0.0971836025108436,0.140635241954772,-0.333669554416269,0.0472831672019507,6,0.0132855444409767,24.1993386052921,0.516223713485917
"2999","Lamp5","PCDHB5",0.170748244836029,0.102733890995331,0.0965039570285604,-0.0306064815064831,0.372102971178541,6,0,0,0.441334922410919
"3000","Lamp5","ZNF274",0.0055306202958613,0.123503077962383,0.964281682784471,-0.236530964490252,0.247592205081974,7,0.0483260487361749,52.4819630687885,0.99419564321202
"3001","Lamp5","FUCA2",-0.062624018572288,0.0921265476744849,0.496655911859769,-0.243188734034291,0.117940696889715,7,0.0184807797537329,36.30538085125,0.819129506265478
"3002","Lamp5","SV2B",-0.0167871473294828,0.123612807077808,0.89197601343723,-0.259063797229885,0.225489502570919,6,0.0413240967502513,47.986048744654,0.975719237840442
"3003","Lamp5","HSD11B1-AS1",-0.0340239401886156,0.06602376996308,0.606323382418434,-0.16342815143981,0.0953802710625785,5,0.00582253615910287,27.7713823939371,0.870888941909927
"3004","Lamp5","OTOGL",0.0574082968266239,0.100591146786532,0.568196755017319,-0.139746728038561,0.254563321691809,5,0,0,0.853511583813389
"3005","Lamp5","EPHA10",-0.00660341283930429,0.0478613660970664,0.890264454924145,-0.100409966640441,0.0872031409618322,7,0,0,0.975244527597324
"3006","Lamp5","IMPDH2",-0.0801497318574068,0.0677840351116352,0.237035972478761,-0.21300399940301,0.0527045356881966,6,0,0,0.62690232509164
"3007","Lamp5","CYP2E1",-0.0324520908351883,0.0680880991738029,0.633633356115514,-0.165902312991633,0.100998131321257,7,0,0,0.883049292562264
"3008","Lamp5","LURAP1",-0.094926661088665,0.0538966638874452,0.0781924518523198,-0.200562181194918,0.0107088590175882,7,0,0,0.404281682534324
"3009","Lamp5","PHKG1",-0.0254957648366538,0.0775342350796584,0.742282408769548,-0.177460073161646,0.126468543488339,7,0,0,0.923528435962862
"3010","Lamp5","SEC61A1",-0.0384854749511236,0.0365857731845049,0.292834142828193,-0.110192272739305,0.0332213228370574,7,0,0,0.682784853593754
"3011","Lamp5","ABHD5",0.0353509884955622,0.0502889237549677,0.482082082297081,-0.0632134908854553,0.13391546787658,7,0.00427582349817932,25.5709908674612,0.811720289507115
"3012","Lamp5","PPIF",-0.084500378295368,0.0824684417013448,0.305533574499415,-0.246135553891145,0.0771347973004089,5,0,0,0.694917462426493
"3013","Lamp5","INSYN2A",0.200767133114291,0.171962623732078,0.243006701310409,-0.136273416087595,0.537807682316177,5,0.0847305742024192,66.8862338811618,0.635490783996521
"3014","Lamp5","SLC26A6",0.0310012381130219,0.0847295180724585,0.714451080009126,-0.135065565736432,0.197068041962476,5,2.28206315225434e-07,0.000560635699971117,0.914200777426614
"3015","Lamp5","ZNF775",-0.12028865049157,0.124422781900879,0.33365726604395,-0.364152821873576,0.123575520890435,5,0,0,0.714962774524206
"3016","Lamp5","PLIN5",-0.101334366398959,0.199603492385694,0.611678952438109,-0.492550022663333,0.289881289865415,5,0.0789182634262421,42.1160112256968,0.874121429918725
"3017","Lamp5","CLIP4",0.0431321567602336,0.0441140873979741,0.328202383987836,-0.043329865750648,0.129594179271115,7,0.00572891889288039,48.7324705187781,0.710834120387789
"3018","Lamp5","MMACHC",0.0616054677277811,0.0854653350639683,0.471017785277809,-0.105903510924245,0.229114446379807,6,0.00987266714286008,22.9911983472246,0.805136073271473
"3019","Lamp5","FAAH",0.012926955506585,0.0425304363522023,0.761169040624443,-0.0704311679905045,0.0962850790036745,7,0,0,0.927177276484799
"3020","Lamp5","COQ9",-0.1088142233669,0.0439584031677145,0.0133090483851889,-0.194971110393512,-0.0226573363402884,6,9.78648309405854e-05,0.768337675191803,0.185288602605907
"3021","Lamp5","DNAJC21",0.0384704565974397,0.0380455749061667,0.311936170741462,-0.0360974999897679,0.113038413184647,7,0.000156372445536715,1.32179099863517,0.698454346732286
"3022","Lamp5","POLR2I",-0.119608400957377,0.141813933057548,0.398994798492788,-0.397558602256145,0.158341800341391,5,0.0432142703808885,46.5610870292124,0.762720395648217
"3023","Lamp5","ATP6V1E1",0.0287834893466867,0.0385032857288554,0.454726021479461,-0.0466815639683249,0.104248542661698,7,0,0,0.796305590023421
"3024","Lamp5","STX18",0.0599243085160348,0.0301937032740533,0.0471820414113887,0.000745737539001173,0.119102879493068,7,0.000604288477721921,8.95527180793881,0.325403710056976
"3025","Lamp5","SCYL1",-0.0970320118182321,0.0404135652321794,0.0163513960416046,-0.176241144160164,-0.0178228794763004,7,4.74713327285827e-06,0.0351792834384436,0.205838258170052
"3026","Lamp5","STK32A",0.213218957032752,0.10465418103003,0.0416132953006201,0.00810053138235847,0.418337382683145,6,0.0222197292929707,36.4347332366453,0.31056698860774
"3027","Lamp5","LINC01355",0.0600001768223185,0.101975753202031,0.55627934406477,-0.139868626750008,0.259868980394645,5,0,0,0.849257985192773
"3028","Lamp5","IL15",0.061786473670324,0.122207424534636,0.613146675532038,-0.177735677060958,0.301308624401606,7,0.0187619688890624,18.1200255014581,0.874492676528043
"3029","Lamp5","PRKCE",-0.039564810414736,0.0302764095999299,0.191285151893713,-0.0989054828117812,0.0197758619823093,7,0,0,0.585597375448041
"3030","Lamp5","C17orf58",0.0592861687289705,0.0844248296297137,0.4825318943616,-0.106183456746198,0.224755794204139,7,0,0,0.811720289507115
"3031","Lamp5","ZNF431",0.0144855386733516,0.0350207318904071,0.679146911567795,-0.0541538345440795,0.0831249118907828,7,0,0,0.901589974244206
"3032","Lamp5","DNAJB9",-0.0207677199992652,0.0566428445061258,0.713885097880834,-0.131785655213174,0.0902502152146438,7,1.58329576076149e-06,0.00593320447874858,0.91414776398771
"3033","Lamp5","SIPA1L2",0.0346753876898586,0.0495058701175905,0.483658918930253,-0.0623543347639364,0.131705110143654,7,7.1461131605676e-07,0.00380431650899063,0.812496136694637
"3034","Lamp5","HEATR6",0.0237100440228197,0.0466714226004953,0.61143889790934,-0.0677642633813998,0.115184351427039,7,0,0,0.874121429918725
"3035","Lamp5","A2M-AS1",-0.0255420237974119,0.201105785456876,0.898934144678407,-0.419702120375528,0.368618072780705,5,0.0928895929316413,50.5209303805948,0.977723005662228
"3036","Lamp5","SUSD6",-0.0371809495183042,0.0620107124603485,0.548780089109344,-0.158719712596256,0.0843578135596479,7,0.00916529045211252,38.6518833583335,0.844764971297428
"3037","Lamp5","GPR89B",0.0390941046711733,0.0471133461752504,0.406658472118651,-0.0532463570234854,0.131434566365832,7,1.26976144376206e-06,0.00752983485467024,0.767676190697228
"3038","Lamp5","MTA1",-0.0884673946584943,0.0389823065780347,0.0232425345410869,-0.164871311585741,-0.0120634777312476,7,0,0,0.240239818994691
"3039","Lamp5","TMEM17",-0.026590664915568,0.0798617714951426,0.73916552202587,-0.183116860787615,0.129935530956479,5,2.4236378859818e-06,0.00700065881015147,0.922433525817321
"3040","Lamp5","SLC9C2",-0.00329227966089127,0.0956105854596875,0.972530864947079,-0.190685583702668,0.184101024380885,7,4.5847058644281e-06,0.00650453002419767,0.996727391459769
"3041","Lamp5","PPFIBP2",0.0365512444089866,0.0961852998460842,0.70393900604925,-0.151968479131524,0.225070967949498,6,0,0,0.909441194001807
"3042","Lamp5","SMAD4",0.0109438400392389,0.0318695124695077,0.731301112715824,-0.0515192566058463,0.0734069366843241,7,0,0,0.919666801398003
"3043","Lamp5","PGM2",0.0689105907174721,0.100837510181425,0.494365169458847,-0.128727297528811,0.266548478963756,7,0.0213992337977033,33.3682589126328,0.81779405901804
"3044","Lamp5","MLST8",-0.107384610174096,0.0963285849560146,0.264947244281141,-0.296185167369592,0.0814159470213992,6,0.0307778188684083,61.4269702801541,0.654477926053113
"3045","Lamp5","DMWD",-0.123405416138828,0.0674062139127095,0.0671345655599509,-0.255519167741941,0.00870833546428573,6,2.65724656502391e-06,0.00762712821161664,0.377462279986579
"3046","Lamp5","DNAJA3",-0.131789094473848,0.0425478109187938,0.0019520295558792,-0.215181271495704,-0.0483969174519921,6,0,0,0.0762779554127768
"3047","Lamp5","GLIPR1L2",0.278356409517428,0.212026371708815,0.189237332921516,-0.137207642804552,0.693920461839409,7,0.212942622590214,77.7054555769851,0.582866214190861
"3048","Lamp5","VSTM4",0.0692183397237922,0.117481109565401,0.555735852712929,-0.161040403888198,0.299477083335783,6,0.0099581582032776,11.6951629015452,0.849033503044357
"3049","Lamp5","MANEA",0.0583437134901979,0.0531926438015735,0.272712211808255,-0.045911952603354,0.16259937958375,7,0,0,0.662071729804085
"3050","Lamp5","NRDE2",-0.0564453858933865,0.0336155201486956,0.0931234789023056,-0.12233059470641,0.00943982291963739,7,0,0,0.435754770716505
"3051","Lamp5","ZBTB21",0.0258708395021863,0.0598813721086023,0.66571608575281,-0.0914944931755154,0.143236172179888,7,0.00383505425725878,15.1960442630176,0.89627405464491
"3052","Lamp5","PLEKHA7",-0.131421462970418,0.0713341076489561,0.0654258767875453,-0.271233744831676,0.00839081889083879,7,0,0,0.373304486876199
"3053","Lamp5","AASDHPPT",0.030895522718854,0.0498073793988433,0.535060225181972,-0.0667251470672012,0.128516192504909,7,0.00289550584768594,16.8221559857035,0.838267412387412
"3054","Lamp5","GOLGA6L9",0.218826407562432,0.100818092878298,0.0299684354696781,0.0212265765309529,0.41642623859391,6,4.13234536525961e-06,0.00609535319715493,0.269410856803269
"3055","Lamp5","OR6A2",0.0509454889300555,0.142001209083778,0.719768657884743,-0.227371766635291,0.329262744495402,5,1.05186232647849e-06,0.000878764740339754,0.915252891469092
"3056","Lamp5","SNTB1",0.0878955219037495,0.165778546437502,0.595974372625286,-0.237024458523156,0.412815502330655,5,0.0753339473665216,60.5987889714925,0.865749755049829
"3057","Lamp5","ARL6IP4",-0.167145248895845,0.0870390027361787,0.0548138497042041,-0.337738559509039,0.00344806171734835,5,0,0,0.34837800237059
"3058","Lamp5","INAFM1",-0.0501643271436515,0.0949660273053624,0.597336621880853,-0.236294320417009,0.135965666129706,6,0,0,0.86630471271806
"3059","Lamp5","PEX16",-0.138777726728752,0.0641547892187689,0.0305280931674681,-0.264518803033298,-0.0130366504242063,6,0,0,0.271576462501495
"3060","Lamp5","CREB3L2",-0.141230489878159,0.105026038041969,0.178716054841852,-0.347077741879351,0.0646167621230331,6,0.0202419920752335,32.3312188368348,0.571216140018969
"3061","Lamp5","STK35",-0.00884987344338367,0.0463833893787222,0.848683593567053,-0.0997596461065769,0.0820598992198095,7,1.37799978599695e-07,0.000774535295054499,0.960210404787944
"3062","Lamp5","KMT5C",-0.0321965918852817,0.0559926602705705,0.565281486481578,-0.141940189414187,0.0775470056436232,7,5.08550682398232e-06,0.0193184046292683,0.852935819308762
"3063","Lamp5","TCF7",0.0120110276626309,0.100534678089368,0.904901826909162,-0.185033320589859,0.209055375915121,6,0.00867137186246953,13.7919301172922,0.978986877872867
"3064","Lamp5","ELP2",0.0853091858539792,0.025612167264416,0.000865946202177074,0.0351102604497081,0.13550811125825,7,5.12383945311053e-06,0.0966856982792748,0.054585113815654
"3065","Lamp5","LINC02150",-0.0464658540222274,0.119560238365028,0.697542701723997,-0.280799615200707,0.187867907156252,5,0,0,0.906391554342484
"3066","Lamp5","CFAP99",0.0335440911142813,0.129498475871781,0.795611492350489,-0.220268257647239,0.287356439875801,5,0.0254589403745157,30.9583313817898,0.942891471313001
"3067","Lamp5","KMO",-0.181099874286367,0.0994179620077781,0.0685155257690168,-0.375955499237983,0.0137557506652496,6,6.48516901251039e-06,0.00992966079236913,0.380574627344018
"3068","Lamp5","PCDHB13",-0.153826288708425,0.0889113879078791,0.0836110109219625,-0.328089406823338,0.020436829406488,6,1.77987380515923e-06,0.00335436696008564,0.415930726685348
"3069","Lamp5","TFEB",-0.163274848193721,0.0778787901395489,0.0360356244538918,-0.31591447202679,-0.010635224360652,6,1.42676653727322e-06,0.00334431353510455,0.291728958956667
"3070","Lamp5","SVIP",0.112868712700488,0.0549073028913227,0.039818872578276,0.0052523765452638,0.220485048855713,7,0.00147140319987246,6.45096651781483,0.305840653284266
"3071","Lamp5","GORASP1",-0.00978118858575239,0.077963667637027,0.900160742193657,-0.162587169256976,0.143024792085472,7,0.0155895659855692,42.1273162736089,0.977956078464346
"3072","Lamp5","FTCD",-0.162585949650692,0.0995343825086891,0.102371194817888,-0.357669754591156,0.032497855289772,6,0.00219155480564383,3.4301997624921,0.45322728894802
"3073","Lamp5","STAT5A",0.168047818759977,0.130646396482682,0.19834543491531,-0.0880144130560195,0.424110050575974,6,0.0264901051248351,26.5873205648276,0.590236550297945
"3074","Lamp5","FOXN3",0.00557074655361807,0.0427574176581992,0.896339163600553,-0.0782322521283893,0.0893737452356254,7,0.00424043830251614,36.996253819807,0.976532292201911
"3075","Lamp5","FUNDC1",-0.00195178334308096,0.0912441146384282,0.982933923477912,-0.180786961835644,0.176883395149482,5,0.0132689363861942,32.8019325463724,0.997296915565468
"3076","Lamp5","NTRK2",-0.0134562140088208,0.0394061386717297,0.732745968590561,-0.090690826575202,0.0637783985575604,7,0.00382538005396758,40.4202061139719,0.919666801398003
"3077","Lamp5","CCDC174",0.0131653400276501,0.038532768938812,0.732602203443641,-0.0623574993170251,0.0886881793723253,7,0,0,0.919666801398003
"3078","Lamp5","INTS6-AS1",0.157622448989143,0.0696298518174377,0.0235913762121115,0.0211504471781046,0.294094450800182,7,0.00531613736141526,15.6629775571023,0.241756013813746
"3079","Lamp5","ZNF467",-0.0140469824622534,0.0736123081554359,0.848663619323695,-0.158324455265772,0.130230490341265,7,0,0,0.960210404787944
"3080","Lamp5","HLA-F-AS1",0.0634920236189743,0.0886838030448665,0.474030196870047,-0.110325036361008,0.237309083598956,5,0.0180460119571529,51.9526715649437,0.80682334277559
"3081","Lamp5","CLMP",-0.102486078813505,0.0785299234854133,0.191873211853923,-0.256401900553601,0.0514297429265909,7,0.000844804316504811,1.77260728448487,0.586077011394669
"3082","Lamp5","YAP1",0.171319223421266,0.0989170201825801,0.0832826626598248,-0.0225545735946124,0.365193020437145,5,4.93306568547252e-06,0.009087917514233,0.415478190849305
"3083","Lamp5","ING1",0.0248222575481027,0.0612026214016457,0.685054848464787,-0.0951326761585632,0.144777191254769,7,0,0,0.903181005962289
"3084","Lamp5","MIR762HG",-0.0447441433808703,0.0680392832369741,0.510780923386956,-0.178098688059259,0.0886104012975187,7,0.00683329480729407,21.9632691944213,0.824565023970019
"3085","Lamp5","HERC3",0.0606497715577405,0.0492609025511048,0.218249981696388,-0.0358998232883621,0.157199366403843,5,2.31378866119756e-06,0.0109292460233875,0.60792163717305
"3086","Lamp5","NGDN",-0.0156817046763501,0.0538690338377193,0.770968750420712,-0.121263070880249,0.0898996615275492,7,0.00225413615734342,10.5597317079856,0.93284445313334
"3087","Lamp5","SLC12A9",-0.0718847172559873,0.0434558250256471,0.0980864552024851,-0.15705656922473,0.0132871347127553,7,0,0,0.444220848429946
"3088","Lamp5","TTC23L",0.0845060747128687,0.0641923724657885,0.188022914114518,-0.0413086634022575,0.210320812827995,7,0,0,0.581174988342083
"3089","Lamp5","GINS1",0.0874315661080887,0.0685474318768346,0.202135849923798,-0.0469189316032201,0.221782063819397,7,0,0,0.592631191281858
"3090","Lamp5","ZNF354A",-0.0889475175669847,0.0676441279002707,0.188532313876021,-0.221527572017136,0.0436325368831668,7,4.84120144945406e-06,0.0136353406041046,0.581819665142217
"3091","Lamp5","MBD6",0.0472308955399343,0.0629277382398832,0.452918914439231,-0.0761052050388008,0.170566996118669,7,0.00399822498386383,14.2546118753814,0.795134659098468
"3092","Lamp5","TMX4",-0.0578942665081996,0.046604953072236,0.214150165421568,-0.149238296030962,0.0334497630145624,7,0.00235327568804682,15.425538044709,0.604584945296632
"3093","Lamp5","CHAF1A",-0.0901578621024416,0.0560318384341367,0.107606062731369,-0.199978247420917,0.0196625232160335,7,0,0,0.462234520188375
"3094","Lamp5","SSR2",-0.08953225914269,0.0577286111077993,0.120921680540543,-0.202678257791496,0.0236137395061155,7,0,0,0.481071981897654
"3095","Lamp5","NPPC",0.151733690512893,0.165906540627516,0.360415686689352,-0.173437153916669,0.476904534942455,5,0.0344005680918534,25.2024403698845,0.735279972213913
"3096","Lamp5","RPF2",-0.104776897367552,0.0421419726888197,0.0129085034633834,-0.187373646075109,-0.022180148659995,7,2.35157114709575e-08,0.000160512039872602,0.183663428020178
"3097","Lamp5","CDKN2A",0.182651998580841,0.0957464390240352,0.0564347064760339,-0.00500757355422843,0.37031157071591,6,3.92618087915889e-06,0.00644089406183123,0.350214090220282
"3098","Lamp5","GABARAPL1",-0.0783920767008541,0.0434004359470561,0.070879156765516,-0.163455368070421,0.00667121466871326,7,4.25970963634496e-06,0.0273072721617908,0.386390666476352
"3099","Lamp5","ACAA1",0.0216777393762375,0.044750160483547,0.628089941955525,-0.0660309634739022,0.109386442226377,6,0,0,0.88191549991279
"3100","Lamp5","ALKBH2",-0.10772814275713,0.0810394562207706,0.183739273814911,-0.26656255827655,0.0511062727622911,7,4.75040720284418e-06,0.00889211050468242,0.575973257025563
"3101","Lamp5","TMEM185B",0.00948527954153216,0.096540500292082,0.921732337666943,-0.179730624080427,0.198701183163491,5,0,0,0.982375103729229
"3102","Lamp5","REP15",0.0814428675075404,0.118418984488346,0.491609105671309,-0.150654077175424,0.313539812190505,6,4.63027613881595e-06,0.00484383576903234,0.816204797966937
"3103","Lamp5","ANKRD35",0.0126544687692622,0.147534572289272,0.931646946211223,-0.276507979392231,0.301816916930756,5,0.051158239170627,51.5509390841978,0.984934594908954
"3104","Lamp5","FAM43A",0.151332948688979,0.131600937101443,0.250169313506364,-0.106600148361569,0.409266045739527,6,0.0397788040182225,41.6667959001956,0.640774217224803
"3105","Lamp5","ITIH4",-0.0629199629473704,0.114988535169642,0.584251871372817,-0.288293350514886,0.162453424620145,5,0.00685735374316187,8.35592321202873,0.859312277671569
"3106","Lamp5","FAM163B",0.0112496886223166,0.0639005420121087,0.860254683629519,-0.113993072314005,0.136492449558638,6,0.00558849550772478,24.9219825190622,0.964876919745767
"3107","Lamp5","MAMDC2",0.0769071608600219,0.0598092781531422,0.198487242518226,-0.040316870261475,0.194131191981519,7,0.00474478377788496,19.1059372241251,0.590474859023748
"3108","Lamp5","PCDH11Y",0.0889509771158825,0.107905475379099,0.409745461924082,-0.122539868361825,0.30044182259359,5,0.0257407023015698,46.6538451505624,0.770220996408377
"3109","Lamp5","LINC02082",-0.0275036997971222,0.11464092795967,0.810398711230369,-0.252195789752327,0.197188390158083,5,0.0233065852808046,37.8895999617201,0.948293364736202
"3110","Lamp5","SHISA7",-0.111894486345367,0.042993966704457,0.0092529942405009,-0.196161112638617,-0.0276278600521175,7,0,0,0.158533750891333
"3111","Lamp5","LRRC58",0.0230763346893239,0.0438039579773394,0.598325988324002,-0.0627778453265674,0.108930514705215,7,0.00295019580005133,23.2758881120605,0.866478626103989
"3112","Lamp5","CAPZA2",-0.0324178614520087,0.035127165593897,0.356074152890296,-0.101265840895021,0.0364301179910039,7,0.00147298349584826,17.20984221962,0.732294203682725
"3113","Lamp5","TTC7B",-0.018468482201228,0.0262422542511861,0.481576709295779,-0.069902355406696,0.0329653910042399,7,1.24195434190671e-07,0.00224191181303104,0.811608774868689
"3114","Lamp5","SUV39H1",-0.0177326763291184,0.143950005725536,0.901959531383872,-0.299869503125503,0.264404150467267,5,0.0363996856380509,37.4422932039033,0.977956078464346
"3115","Lamp5","WNT3",-0.0521626204423898,0.0623296375404408,0.402658279316762,-0.174326465191089,0.0700012243063098,7,0,0,0.765307375427347
"3116","Lamp5","PLEKHA2",0.0773206470096307,0.0627538994325968,0.217902401871248,-0.0456747357677075,0.200316029786969,7,4.58524198913338e-06,0.0143815315254407,0.607434690904022
"3117","Lamp5","DIPK1C",0.0511374466590191,0.182840952238354,0.779720971276445,-0.307224234627163,0.409499127945201,5,0.0675980905681518,44.9734454869877,0.936294874599823
"3118","Lamp5","CASKIN1",-0.0837910192664154,0.0329620056423329,0.0110204858547727,-0.148395363183594,-0.0191866753492369,7,0,0,0.170590314314217
"3119","Lamp5","PJA1",0.108982990228363,0.0607816246031644,0.0729688799419568,-0.0101468049156724,0.228112785372399,7,2.29619084035902e-06,0.00757111839948772,0.389820274409568
"3120","Lamp5","ACAP1",-0.208989748143927,0.108745742565045,0.0546284048653643,-0.422127487043479,0.00414799075562461,6,0,0,0.34837800237059
"3121","Lamp5","SRCIN1",0.00242940186046836,0.0347900480161592,0.944328675891112,-0.0657578392716229,0.0706166429925596,7,0.000838249041438065,9.36054190763971,0.988246319851084
"3122","Lamp5","TP53",-0.00157615112082682,0.0856080802925575,0.98531078379575,-0.169364905279853,0.166212603038199,7,0,0,0.997296915565468
"3123","Lamp5","HIRIP3",-0.0931688207667309,0.0774333990881343,0.228894163548586,-0.244935494179991,0.0585978526465291,6,0.00404075465254993,10.7709362296372,0.620769977333682
"3124","Lamp5","FBXL16",0.00201752696032058,0.0402075089542562,0.959980650420873,-0.0767877424980934,0.0808227964187345,7,0,0,0.993933458145851
"3125","Lamp5","TICAM1",0.040900613854677,0.103051166980764,0.691444026023488,-0.161075961992443,0.242877189701797,6,0.0187183439123531,30.7410053767978,0.904801979217278
"3126","Lamp5","BBS7",0.0218062974447334,0.0284480532491425,0.443360774568576,-0.0339508623538635,0.0775634572433304,7,0,0,0.789496392228061
"3127","Lamp5","FAM91A1",-0.0161087911616934,0.0365242778077737,0.659181587842481,-0.0876950602262655,0.0554774779028787,7,0,0,0.892964921996311
"3128","Lamp5","MYO1E",-0.223851300145302,0.104780155120708,0.0326476193884253,-0.429216630476408,-0.0184859698141946,6,0.0165621781776348,26.3484740918038,0.281494506320244
"3129","Lamp5","NLGN2",-0.0508513043701024,0.0355153407364891,0.15219752470494,-0.120460093112289,0.0187574843720844,7,0,0,0.532357472344657
"3130","Lamp5","DDX3X",-0.0197628077941835,0.0294899641812401,0.502759833049577,-0.0775620754947902,0.0380364599064233,7,0,0,0.822278216591144
"3131","Lamp5","ATMIN",0.0737358611991985,0.0447206662743924,0.0991866598543551,-0.0139150340632456,0.161386756461643,7,6.9485662342036e-06,0.0422481807661937,0.445929798946704
"3132","Lamp5","LRRC69",0.0792255091643767,0.0779297024296153,0.309330479989548,-0.0735139009235928,0.231964919252346,7,0.000333420138888143,0.688517467886624,0.696879927838551
"3133","Lamp5","SREBF1",-0.158005583412919,0.0875668827816557,0.071168801745368,-0.329633519903404,0.0136223530775672,7,0.0251915829124522,58.614034782788,0.386804505912428
"3134","Lamp5","LLPH",0.0101714547296927,0.106350129602508,0.923805536962866,-0.198270969042391,0.218613878501776,7,0.0374856119142306,56.852751655151,0.982375103729229
"3135","Lamp5","CHIC2",0.080728432078373,0.0298141257584751,0.00677462797267684,0.0222938193612139,0.139163044795532,7,0,0,0.138967025600759
"3136","Lamp5","LAMC3",-0.00808369537373973,0.0802343990255645,0.919748130728545,-0.165340227785062,0.149172837037582,7,0,0,0.982309092211961
"3137","Lamp5","FSTL3",-0.196327709148252,0.0711656033020757,0.00580239000858235,-0.335809728558385,-0.056845689738119,5,3.79387126156231e-07,0.00138069058871678,0.129038690598033
"3138","Lamp5","PTGIS",-0.0905122877412486,0.0997728653487944,0.364309817761003,-0.28606351045925,0.105038934976753,6,0,0,0.737658430833555
"3139","Lamp5","CYP4V2",0.0139903315382235,0.0628519721116325,0.823853244608835,-0.109197270157892,0.137177933234339,7,0.00868371612006338,33.9616611033245,0.952809502647661
"3140","Lamp5","ABCA3",-0.128688684421635,0.0333882666359359,0.000116057117136457,-0.19412848453429,-0.0632488843089806,7,0.00116368749677237,14.810650125682,0.0226856243167888
"3141","Lamp5","DOLPP1",0.0202212650616943,0.0824574049442042,0.80627613614158,-0.141392278887581,0.18183480901097,6,0,0,0.946618526616646
"3142","Lamp5","U2AF2",-0.0256513992633318,0.0459214471976345,0.576439513822982,-0.115655781888653,0.0643529833619895,7,0,0,0.857671876115575
"3143","Lamp5","SLC7A7",0.232233233813593,0.120023467333508,0.0530027452532842,-0.00300843945970247,0.467474907086888,5,0,0,0.341519305217686
"3144","Lamp5","CREBL2",0.0647594820148531,0.041267826569035,0.116590007277828,-0.0161239717807006,0.145642935810407,7,0,0,0.473561011652999
"3145","Lamp5","LVRN",0.251427619029781,0.12823576670525,0.0499178964660359,9.01347576096612e-05,0.502765103301952,6,0.0160995834750885,16.1247910082721,0.334019145012744
"3146","Lamp5","FBXO4",-0.00216181483964344,0.0509301567180233,0.966142635772813,-0.10198308773395,0.0976594580546629,7,2.4098093134916e-06,0.0113987869839024,0.994629554420852
"3147","Lamp5","C12orf43",0.0287875743731674,0.0475692834251361,0.545065053599041,-0.0644465079104775,0.122021656656812,7,6.97759025503316e-06,0.0377783218667114,0.843376602544951
"3148","Lamp5","SNCB",0.073424625790838,0.111125543097365,0.508781754081181,-0.14437743644245,0.291226688024126,7,0.0372833512326479,54.0798761212986,0.824349139284221
"3149","Lamp5","PTPRK",-0.0923327872068555,0.0760321857434214,0.22459852520626,-0.241353132929821,0.0566875585161102,7,2.05761261217301e-07,0.000458753224858419,0.615202419363644
"3150","Lamp5","ZNF525",0.0409210203202058,0.0612649813533508,0.504175136796294,-0.0791561366458798,0.160998177286291,6,0,0,0.822278216591144
"3151","Lamp5","ACTR3",0.012757750489791,0.0288003948795823,0.657786440385221,-0.043689986214722,0.069205487194304,7,4.76226995544805e-06,0.07117623648116,0.892902161244819
"3152","Lamp5","EML6",-0.038624382479225,0.0348124800261558,0.267215338445001,-0.10685558954301,0.0296068245845603,7,0,0,0.656456087194693
"3153","Lamp5","EXOSC7",0.0317211271495624,0.0475849541160751,0.505014286004075,-0.0615436691239359,0.124985923423061,7,0.0032110666251854,21.0259750432998,0.822477819723869
"3154","Lamp5","SLC35D1",0.043667526122164,0.0345991279784541,0.206913151553113,-0.0241455186120982,0.111480570856426,7,4.28978479480183e-06,0.044224759391662,0.595994637532837
"3155","Lamp5","DPF1",0.00800522095442267,0.0449209123507308,0.858560413787833,-0.0800381494056902,0.0960485913145355,7,0.0021405058469997,15.0055011424379,0.964217804077724
"3156","Lamp5","NBPF9",-0.00379049962922421,0.0603396530918181,0.949910332909121,-0.122054046528829,0.11447304727038,7,1.27628209677331e-06,0.00438444101204871,0.989933736422924
"3157","Lamp5","PCDHB15",-0.145503191582703,0.099189474864325,0.142397360805026,-0.339910989962221,0.0489046067968148,6,1.7141351169054e-06,0.00254561088267764,0.519185987154668
"3158","Lamp5","MAP6",0.00463441571112402,0.0365398436424983,0.899073492203991,-0.0669823618288975,0.0762511932511456,7,8.3432430289782e-07,0.00784536665595456,0.977723005662228
"3159","Lamp5","SGK1",-0.0710501083144641,0.0375991143295172,0.0588014327226875,-0.144743018250922,0.0026428016219934,7,1.18004005188979e-06,0.0108805525887281,0.357957597987776
"3160","Lamp5","SEL1L",0.00648109526906266,0.0334062554949712,0.846169279061464,-0.0589939623594241,0.0719561528975494,7,0.000104593253413377,1.12415823436271,0.959421815061179
"3161","Lamp5","ZFP92",-0.0470146319911434,0.0816548807263371,0.564768987013745,-0.207055257376678,0.113025993394391,6,0,0,0.852935819308762
"3162","Lamp5","UQCC3",-0.131140609794155,0.0882455838199334,0.137256125786973,-0.304098775875935,0.0418175562876252,6,1.66255057501442e-06,0.00318993780301279,0.509924202636351
"3163","Lamp5","STIL",-0.106427983412191,0.0879692620027862,0.226343559800509,-0.27884456868422,0.0659886018598374,6,0,0,0.617606682373849
"3164","Lamp5","CBLB",0.0720435290198439,0.045319872422081,0.111909769535667,-0.0167817887113848,0.160868846751073,7,0,0,0.466641887683765
"3165","Lamp5","EBF4",-0.136606795549023,0.0529237789873075,0.0098457861834853,-0.240335496289904,-0.0328780948081429,7,0,0,0.16411016766817
"3166","Lamp5","ICAM5",0.066330881393669,0.0565450447232189,0.240770673181349,-0.0444953697680467,0.177157132555385,7,0,0,0.632274150324056
"3167","Lamp5","CASS4",0.0141846086016288,0.107318034539044,0.894846999499676,-0.196154873986523,0.22452409118978,6,0,0,0.976144784002246
"3168","Lamp5","MSANTD3",0.0475228504599222,0.0788383189071414,0.546649242251649,-0.106997415199758,0.202043116119602,7,0.0147676421611237,39.0460253417694,0.844020750034263
"3169","Lamp5","WDR82",0.112724585501373,0.054654677335941,0.0391613521977737,0.00560338633627082,0.219845784666475,7,0.00547624549315674,29.2241459638549,0.303980739218298
"3170","Lamp5","CTU2",-0.191607180984851,0.0921663707794438,0.0376240364124563,-0.372249948298326,-0.0109644136713763,5,0,0,0.297496025759622
"3171","Lamp5","YES1",0.0657185703904899,0.0708926495408607,0.353918593364352,-0.073228469478217,0.204665610259197,6,0,0,0.731238895037161
"3172","Lamp5","STEAP2",0.146103890338074,0.0359936326346452,4.92496982634142e-05,0.0755576667014041,0.216650113974744,7,0,0,0.014365296134931
"3173","Lamp5","AKR1E2",-0.0694872426521189,0.0686453180251367,0.311411435807758,-0.204029593688685,0.0650551083844471,7,0.0057682998123291,17.648236648227,0.698312131064191
"3174","Lamp5","UBA5",0.0480326597342174,0.0336661916823955,0.153656929128342,-0.0179518634598996,0.114017182928334,7,0.000997070139243088,12.1507272445649,0.534548854615639
"3175","Lamp5","UGT8",-0.18425045940571,0.109897340031715,0.0936268180152132,-0.399645287864624,0.0311443690532046,6,0,0,0.436347242068132
"3176","Lamp5","GIPC2",0.171578895974204,0.0555043806433094,0.00199303899239993,0.0627923089291157,0.280365483019293,7,4.8158779215067e-06,0.0202958141692162,0.0773855626951647
"3177","Lamp5","TSC22D1-AS1",0.0836854042819576,0.0644552003270451,0.194167119196354,-0.042644466975365,0.21001527553928,7,2.11641985053819e-06,0.00652135967598521,0.587583280058094
"3178","Lamp5","TRAM2",0.136583709949109,0.0764225891857004,0.0739025086134496,-0.0132018124601645,0.286369232358382,6,3.02383438039125e-06,0.00757405393939076,0.392543094646022
"3179","Lamp5","PPP1R7",-0.0467790017156701,0.0346578037731233,0.177099603761274,-0.114707048894248,0.021149045462908,7,0,0,0.569490228927419
"3180","Lamp5","DERL3",0.201115818204489,0.163199664817999,0.217825894276521,-0.118749647127798,0.520981283536776,5,0.0474759148371839,37.380831571789,0.607397120257931
"3181","Lamp5","CX3CL1",0.000104754313915822,0.0411729356556653,0.997969982993777,-0.0805927167089733,0.0808022253368049,7,0,0,0.999725500638514
"3182","Lamp5","NUDT11",0.0839925241296288,0.0759978953726845,0.26907493106505,-0.0649606137016759,0.232945661960934,5,5.16303155491466e-08,0.000156910050158891,0.658979599213106
"3183","Lamp5","ZNF696",-0.00954378563497767,0.0593102511690677,0.872161987110633,-0.125789741840375,0.10670217057042,6,7.83078241760905e-07,0.00298285398411364,0.968577940382375
"3184","Lamp5","EFCAB10",-0.0671428549756763,0.0854887523521419,0.432219157021645,-0.234697730669138,0.100412020717786,6,0,0,0.783168014973008
"3185","Lamp5","CD24",-0.216350733472927,0.222085181858906,0.329967640428326,-0.65162969141641,0.218928224470557,5,0.104982169013865,51.4798240456204,0.71195138477978
"3186","Lamp5","PPEF2",0.336384914178803,0.105369302142781,0.00141077459508996,0.129864876902834,0.542904951454773,5,0,0,0.066687732691207
"3187","Lamp5","TCEA3",0.159630005426815,0.0952511482027742,0.0937606485639061,-0.0270588145367098,0.346318825390339,6,0.0089206619853164,16.1253612645677,0.436545209599595
"3188","Lamp5","TOPORS",-0.202248818648322,0.0726866458827366,0.00539459214681813,-0.344712026735503,-0.0597856105611421,5,1.70432904463139e-06,0.00503429491259247,0.125255090976941
"3189","Lamp5","CPLX3",-0.0127053049063521,0.174532609716518,0.941968321601448,-0.354782934078513,0.329372324265808,5,0.0733784276335359,55.8714646765123,0.987324146208743
"3190","Lamp5","LINC02406",0.0468269075785732,0.144847538411376,0.746480086644034,-0.237069050957007,0.330722866114153,5,1.44658904647318e-06,0.00120733631742018,0.923981530672427
"3191","Lamp5","FAAP20",-0.0722840388229501,0.043189693638533,0.0942011902876793,-0.156934282857794,0.0123662052118933,7,0,0,0.43681170653242
"3192","Lamp5","HAUS8",-0.00136018199271494,0.0781534632358953,0.986114327098482,-0.154538155202145,0.151817791216715,6,0,0,0.997350697988338
"3193","Lamp5","CENPL",-0.0107885921754403,0.0974375472655733,0.911835887694101,-0.201762675557883,0.180185491207003,5,0,0,0.980489742157131
"3194","Lamp5","REEP3",-0.0387522922134858,0.0381654580620001,0.309926603123656,-0.11355521546848,0.0360506310415082,7,4.39885101148402e-06,0.0379762061874881,0.696879927838551
"3195","Lamp5","CDK5",-0.0323202325900135,0.0826977972605736,0.695927792464082,-0.194404936821533,0.129764471641506,5,0,0,0.906391554342484
"3196","Lamp5","GLMP",-0.161914189250351,0.0835245032173216,0.0525594202516662,-0.325619207382901,0.00179082888219895,5,0,0,0.341371320161645
"3197","Lamp5","RFESD",0.184490616717613,0.0881744425006825,0.0364084123215199,0.0116718850593771,0.357309348375848,6,0.00497289796040937,10.146750998056,0.29202777480579
"3198","Lamp5","TMLHE-AS1",-0.0669710173605024,0.0829935359581215,0.419699570147482,-0.229635358788051,0.0956933240670456,7,2.74010186364947e-06,0.00517546476914536,0.77496438282697
"3199","Lamp5","EIF3K",-0.0922250295878289,0.0475810417432524,0.0525899731821367,-0.1854821577515,0.0010320985758426,7,0.00333864994701217,21.9582989902959,0.341371320161645
"3200","Lamp5","POLN",0.112281566655521,0.0634846641422192,0.0769538388049184,-0.0121460886338503,0.236709221944892,7,0.00109665632494198,3.71928155459244,0.401805676589378
"3201","Lamp5","APBB1",-0.0346449871792533,0.0392896439288864,0.377893518298517,-0.111651274245273,0.0423612998867669,7,0.00272552040418899,27.0782196185096,0.748464489124208
"3202","Lamp5","ATN1",0.0142281680407823,0.0529571091670235,0.788181001762266,-0.0895658586519395,0.118022194733504,7,0.00516888293340752,29.251975462997,0.938643357904296
"3203","Lamp5","ZEB2-AS1",0.0896364064603322,0.106027401711138,0.39788311711014,-0.11817348226786,0.297446295188524,5,0,0,0.762061134173792
"3204","Lamp5","MPP3",0.0315765870876162,0.0608851843653826,0.604022176284542,-0.0877561814606149,0.150909355635847,7,0,0,0.868754145856967
"3205","Lamp5","STEAP3-AS1",-0.103737036102124,0.105266397787479,0.324392518453635,-0.310055384547849,0.1025813123436,5,0,0,0.708050762582045
"3206","Lamp5","LINC00620",0.0193132220538034,0.0980875861546117,0.84390757809358,-0.172934914139705,0.211561358247312,7,0.0272289590073822,46.2412962498032,0.959421815061179
"3207","Lamp5","ZXDA",0.0105761869861218,0.0909565768308859,0.907432759727205,-0.167695427759465,0.188847801731708,6,0.0123235620396355,26.6618295532453,0.979706322215609
"3208","Lamp5","B9D1",-0.0748873415532609,0.0639281277169797,0.24142588579783,-0.200184169477618,0.0504094863710961,7,0.00771738423317873,29.7558271031306,0.632744284079826
"3209","Lamp5","PRKAA2",0.0158227244194382,0.0328791936853438,0.630347204735172,-0.0486193110445524,0.0802647598834288,7,0.00138846133845116,18.7468674236094,0.882810893714477
"3210","Lamp5","CCNB1",0.0201483602670853,0.0898345454836211,0.822537112826056,-0.155924113448337,0.196220833982508,5,5.27033087451874e-06,0.0120500248454494,0.952532405270354
"3211","Lamp5","AKAP11",0.0196621124274206,0.0278609304835838,0.480360124978946,-0.0349443078961778,0.074268532751019,7,0,0,0.811124040231681
"3212","Lamp5","LYSMD3",0.062635313683815,0.0603927261584044,0.299673689160302,-0.0557322545148477,0.181002881882478,7,0.00606892224123492,25.5366031104455,0.689823538523001
"3213","Lamp5","APBB1IP",-0.0525901613629226,0.0937358886621395,0.574766062797747,-0.236309127199572,0.131128804473727,6,5.45222635973918e-06,0.00905769483467798,0.856420052952686
"3214","Lamp5","ACKR1",0.00461778263295419,0.106553426933586,0.965432322858089,-0.204223096586194,0.213458661852102,5,0,0,0.99444464399303
"3215","Lamp5","TRPC7-AS1",-0.136670472351536,0.143406218128061,0.34057471435397,-0.41774149504163,0.144400550338557,5,0.000783708620889276,0.626411009805326,0.72115338140591
"3216","Lamp5","SLC23A2",-0.0345883972254448,0.0229651726748556,0.132035350271441,-0.0795993085669051,0.0104225141160154,7,0,0,0.500955188418835
"3217","Lamp5","NEGR1",0.125257343040652,0.062558234210442,0.0452576468074886,0.00264545705176375,0.24786922902954,7,0.0105886171783439,41.4842604039973,0.320160951118528
"3218","Lamp5","TEFM",-0.0726527234491743,0.0419106271520674,0.083004077899538,-0.154796043236713,0.0094905963383643,6,0.000227764996561344,1.97271667923524,0.414812272294431
"3219","Lamp5","HBEGF",0.00273067738760512,0.0935882578776025,0.976722974916827,-0.180698937428343,0.186160292203553,6,0.0124915901828406,24.4651672117377,0.997093441046833
"3220","Lamp5","ADAMTSL2",-0.0698368869379319,0.0693464354750493,0.313899943630537,-0.205753402925259,0.0660796290493954,7,0,0,0.698925605264866
"3221","Lamp5","GGCX",-0.0457529998222012,0.0501329843232524,0.361435760904331,-0.144011843533287,0.0525058438888847,7,6.1741605593289e-06,0.0301472195393489,0.736105290302264
"3222","Lamp5","GNB2",0.131438407863701,0.0537553650995772,0.0144803284281325,0.026079828292728,0.236796987434674,7,5.30833426084383e-06,0.0226185876832443,0.192265888474651
"3223","Lamp5","ZNF132",0.0601385057681857,0.0742286885108425,0.417837451150943,-0.0853470503327077,0.205624061869079,6,0,0,0.773600796141458
"3224","Lamp5","KCNE2",-0.160087157248557,0.123509339938588,0.194922343963644,-0.402161015282504,0.0819867007853894,5,0,0,0.588061632558329
"3225","Lamp5","UBE2M",0.0389125909954641,0.0782448461962977,0.618964634987503,-0.114444489525155,0.192269671516083,7,0.0111573385453107,28.5412551824738,0.877471007323414
"3226","Lamp5","JUP",0.245821389762705,0.107055016515935,0.0216635619352192,0.0359974130271313,0.455645366498279,5,0,0,0.233799615032043
"3227","Lamp5","RMST",-0.0877498103595841,0.11967707034142,0.463423296681621,-0.322312558004034,0.146812937284866,5,1.27266136159038e-07,0.000157100517255797,0.800197114949866
"3228","Lamp5","LGALS3BP",0.0319980766882558,0.0972970958505522,0.742254100030709,-0.158700726979168,0.22269688035568,7,0.0286218973275096,49.7393663059876,0.923528435962862
"3229","Lamp5","NANP",0.0295254687484889,0.0874566159296826,0.735663649313334,-0.141886348683441,0.200937286180419,6,0,0,0.921279357365562
"3230","Lamp5","B3GALNT2",-0.0352851788862843,0.0291768331335839,0.226526096169782,-0.0924707210110436,0.021900363238475,7,0,0,0.617721666894179
"3231","Lamp5","WIZ",-0.100403815669888,0.060972219013458,0.0996168148376836,-0.219907168993754,0.0190995376539775,7,7.97720552638847e-07,0.00265138545003245,0.447527230895514
"3232","Lamp5","TMEM59",-0.00271816250721084,0.0472655918506552,0.954140316999741,-0.095357020242465,0.0899206952280433,7,0.00538072441557243,41.3107776594857,0.991655395154565
"3233","Lamp5","TRADD",0.036894351400393,0.127224685656874,0.77182109291607,-0.212461450431509,0.286250153232295,5,0.035856998421463,46.8791641939808,0.933051692344351
"3234","Lamp5","LINC01344",-0.0623520783657233,0.174657876080185,0.721095163557774,-0.404675225099145,0.279971068367699,5,0.0676998381753616,46.2074555195863,0.915454040444525
"3235","Lamp5","ACBD5",-0.010259827166328,0.0313447491868104,0.743424326208036,-0.0716944066769176,0.0511747523442615,7,0.000302487515027687,3.91765308933508,0.923731562184063
"3236","Lamp5","SMIM10L2A",0.0397528904265445,0.0733955811862063,0.588076783665115,-0.104099805322805,0.183605586175894,7,0.00940634073396996,26.54590308392,0.861277671761366
"3237","Lamp5","EIF4G1",-0.126792966971036,0.0431085933630247,0.00326895077778843,-0.211284257386747,-0.0423016765553254,7,0,0,0.0962973026070829
"3238","Lamp5","XYLT2",-0.074538662621229,0.0583688097043974,0.201592009509838,-0.18893942746232,0.0398621022198618,7,0,0,0.592262531366811
"3239","Lamp5","SEMA7A",-0.0710308278226934,0.0556123128795084,0.201513992156696,-0.180028958163503,0.037967302518116,7,0,0,0.592262531366811
"3240","Lamp5","MED23",0.0137987240365065,0.0365963040373723,0.706134668888229,-0.057928713844021,0.0855261619170341,7,0.00170931638939096,18.6838682393909,0.910770546293608
"3241","Lamp5","ASIP",0.17400357325067,0.0875962735196648,0.0469859685453235,0.00231803197220729,0.345689114529133,5,0.000134738566669481,0.296003361567428,0.325218524035821
"3242","Lamp5","LURAP1L-AS1",0.139551937102952,0.0758380169305136,0.0657489080148088,-0.0090878447397934,0.288191718945698,7,0,0,0.373672580884055
"3243","Lamp5","SST",-0.301510764887653,0.13481333750527,0.0253186803092399,-0.565740051033625,-0.037281478741681,7,0.00189087221814669,1.36058730567132,0.250650743226987
"3244","Lamp5","BUD31",-0.0184473967744383,0.112457651102012,0.869700749067978,-0.238860342720354,0.201965549171477,7,0.0412759344036795,55.9801010746999,0.968084250924989
"3245","Lamp5","ARHGEF25",0.00922273585031464,0.100066918333145,0.926566403147121,-0.186904820126561,0.20535029182719,6,0.00728604581241718,11.5191975781063,0.983649144716949
"3246","Lamp5","LINC01010",-0.0314977637588424,0.125397815456254,0.801672847582036,-0.2772729657931,0.214277438275415,5,0.0204464552209412,26.913600840521,0.944777220588441
"3247","Lamp5","CCDC167",-0.00351833940217285,0.0729214740440009,0.961518332603003,-0.146441802227987,0.139405123423641,7,1.10615452772594e-06,0.00253364517916362,0.994105031756402
"3248","Lamp5","SBNO2",-0.0158219075323491,0.0698216380105837,0.820731179641336,-0.152669803374686,0.121025988309988,7,0.00132937649976499,3.54431825358147,0.952018241840247
"3249","Lamp5","ZNF416",0.0492338655293075,0.117662026610358,0.675629378149456,-0.181379468974987,0.279847200033602,5,0,0,0.900067548790672
"3250","Lamp5","ZSCAN25",-0.0299106313713713,0.0977244205517488,0.75955042990503,-0.221446976062845,0.161625713320102,7,0.0319064072805786,57.8636065904456,0.926555528105898
"3251","Lamp5","AMZ1",0.0407562852561395,0.112547692840731,0.717258941152211,-0.17983313925477,0.261345709767049,7,0.0388423097534915,50.4919660033213,0.914466916550032
"3252","Lamp5","DNAJB2",0.0558336426855042,0.0387131274761354,0.149234521772754,-0.0200426928966292,0.131709978267638,7,0,0,0.528329084038001
"3253","Lamp5","AKR7A2",-0.070177607334387,0.0646313051704029,0.27756107660229,-0.196852637742194,0.0564974230734199,6,0,0,0.667609194506594
"3254","Lamp5","NDUFB4",0.0263530334318096,0.0610432241320402,0.665951446611128,-0.0932894873671955,0.145995554230815,6,0,0,0.89627405464491
"3255","Lamp5","FAM53C",0.000441241392369366,0.0421529321738548,0.991648190357487,-0.0821769875111458,0.0830594702958845,7,0,0,0.998654866216999
"3256","Lamp5","NPW",-0.116878673334342,0.109381712439722,0.285277251277282,-0.331262890283515,0.0975055436148307,6,0,0,0.675078502538892
"3257","Lamp5","ZNF112",0.0303968139709094,0.0694218994187411,0.661490477074241,-0.105667608628185,0.166461236570004,6,0,0,0.89383037046794
"3258","Lamp5","BAG4",0.0691076468911042,0.0371109734114023,0.0625764527775867,-0.00362852442646784,0.141843818208676,7,0,0,0.367678264177257
"3259","Lamp5","RAPGEF6",0.0640881171205043,0.0425981621798145,0.132457613355853,-0.0194027465595283,0.147578980800537,7,1.49991580401698e-07,0.000811667443024129,0.50171017030722
"3260","Lamp5","TTYH2",-0.112768311831807,0.0882007401388788,0.201058540876892,-0.285638585913785,0.0601019622501721,5,1.37648010079016e-06,0.00288729198989598,0.59193970712623
"3261","Lamp5","CENPB",-0.0160871938127131,0.0777883330639543,0.836160368073507,-0.16854952503547,0.136375137410044,6,0.00778477624541045,21.6003666027009,0.958003625387149
"3262","Lamp5","STAR",-0.0941133762002309,0.102790140438105,0.359883246627131,-0.295578349424731,0.10735159702427,5,3.14483573305434e-06,0.00511091617155524,0.73483363923243
"3263","Lamp5","C11orf71",-0.0508645427449847,0.102863625537051,0.620963540287704,-0.252473544116819,0.15074445862685,6,0.0171648529680582,28.0854410304381,0.8777964007189
"3264","Lamp5","MRPS18B",-0.0479415216240587,0.0600488862864116,0.424652983486152,-0.165635176057167,0.0697521328090491,6,4.28537432343576e-07,0.00174210767507001,0.778050998360332
"3265","Lamp5","SSH3",-0.0563932032031426,0.121447230324268,0.642401832655079,-0.294425400660849,0.181638994254564,7,0.0453068975536559,49.2348447851273,0.886703736972112
"3266","Lamp5","LTBP3",0.0012996927742523,0.0374963615222223,0.97234939222531,-0.0721918253605969,0.0747912109091015,7,3.64810632380443e-06,0.0320477747148561,0.996727391459769
"3267","Lamp5","VPS39",-0.0584542578060097,0.0297419433048721,0.0493701275957446,-0.116747395513791,-0.00016112009822828,7,0,0,0.332374326718857
"3268","Lamp5","ARHGAP22",-0.267652178575979,0.236029369830417,0.25680365940386,-0.730261242737281,0.194956885585322,7,0.265210122643635,78.8370135050231,0.647561014815183
"3269","Lamp5","TADA2A",-0.10092413853127,0.0369550234923117,0.00631426304244721,-0.173354653624033,-0.0284936234385078,7,9.33741613495803e-07,0.00854647574692603,0.133778891851704
"3270","Lamp5","PAK6",-0.032903723552856,0.0504811517499436,0.514528810571335,-0.131844962880847,0.0660375157751344,7,3.32154625317102e-06,0.0158518365254244,0.826716383934247
"3271","Lamp5","MT2A",0.16538834582669,0.127214851040137,0.193576616503889,-0.083948180510607,0.414724872163988,5,0,0,0.587583280058094
"3272","Lamp5","DYRK3",0.071613725669637,0.12901926015374,0.578852056822911,-0.181259377543697,0.324486828882971,6,0.0357243135630513,37.8931295941828,0.858378677238391
"3273","Lamp5","NFKB1",0.0374776668321305,0.0363586285231146,0.302645034813291,-0.0337839356004449,0.108739269264706,7,0.000870041205596048,8.997632442888,0.692629309841654
"3274","Lamp5","RPUSD2",-0.0497476825449858,0.101632738082206,0.624498498680694,-0.248944188836302,0.149448823746331,5,0.00583051452840287,10.8632138216257,0.879623872170215
"3275","Lamp5","IBA57",-0.132031938885753,0.099502184835089,0.184533485980488,-0.327052637545575,0.0629887597740693,5,0.0195485709882959,41.1013599173733,0.577101453671721
"3276","Lamp5","TNS3",0.0139155438512434,0.142676283403545,0.922303697187187,-0.265724833067734,0.293555920770221,5,0.0443207467952294,48.040066997963,0.982375103729229
"3277","Lamp5","TANGO2",-0.0290242811605893,0.0589046878201389,0.622201285770813,-0.144475347808637,0.0864267854874581,7,0,0,0.878190154199593
"3278","Lamp5","CHKA",-0.0816059267760886,0.0386554962706269,0.0347630314039056,-0.15736930727104,-0.00584254628113748,7,0.00264030551752262,26.9124314659937,0.287703178241735
"3279","Lamp5","SURF1",-0.0763602294215453,0.074839410003968,0.307576197751843,-0.223042777653549,0.0703223188104585,6,1.82811559133989e-07,0.000479875241763909,0.6957260731822
"3280","Lamp5","AXDND1",0.060478410460489,0.0975765769221274,0.535386445005021,-0.130768166041583,0.251724986962561,6,0,0,0.838267412387412
"3281","Lamp5","KCNG1",0.141189118177687,0.143062934469901,0.323690608215208,-0.139209080905932,0.421587317261307,5,0.0223944954799911,21.7658819779609,0.707640979704331
"3282","Lamp5","THBS4",0.10531186393787,0.0484274225398469,0.0296576405284207,0.0103958598956673,0.200227867980074,7,0,0,0.267881966072042
"3283","Lamp5","MIR4453HG",0.0293360566291424,0.0839773461601476,0.726839341301059,-0.135256517362,0.193928630620285,5,1.614915726101e-06,0.00391844848206968,0.918061663375543
"3284","Lamp5","PRR14",0.0279756115793953,0.0743574471719143,0.70674482229562,-0.117762306859896,0.173713530018687,6,0.00819768401882841,25.8447504627378,0.910874233816963
"3285","Lamp5","TRMO",-0.149153879776087,0.0744323636775892,0.0450824056389304,-0.295038631868349,-0.00326912768382462,6,0,0,0.319585352125648
"3286","Lamp5","HDAC10",-0.0305318811621504,0.11003880003917,0.7814233177543,-0.246203966140928,0.185140203816627,7,0.0283715442860705,37.9050267592226,0.937122277643741
"3287","Lamp5","ERICH6-AS1",-0.0432482813320032,0.101809303971803,0.670984704689188,-0.242790850407827,0.156294287743821,6,0,0,0.8984778953508
"3288","Lamp5","TKFC",-0.0746216720244507,0.0807166969137971,0.355231946142403,-0.232823490926528,0.0835801468776269,5,0,0,0.732176133728425
"3289","Lamp5","TMED8",0.0512525293971691,0.031799338920267,0.107016729767548,-0.011073029618737,0.113578088413075,7,0,0,0.46144116101557
"3290","Lamp5","C1orf162",0.0544959775402064,0.0949396654265904,0.565963456358909,-0.131582347400193,0.240574302480606,6,0.0129353007535391,24.7337551286888,0.85329765186538
"3291","Lamp5","ITGA3",0.00257948644906184,0.0360804549106308,0.943005693578054,-0.0681369057215958,0.0732958786197195,7,0.00018559248762661,1.76701302299681,0.987873379764415
"3292","Lamp5","SPAG7",-0.0186296268784128,0.0587994446339793,0.751370033270878,-0.133874420671969,0.0966151669151437,7,2.58475375862892e-06,0.00891056257103767,0.925975950944022
"3293","Lamp5","NTN4",-0.043807547377046,0.0571322878263429,0.44321595456438,-0.155784773871054,0.0681696791169623,7,4.78662529228528e-06,0.0191055447843035,0.789496392228061
"3294","Lamp5","CTIF",-0.00968817281676078,0.0314090584065908,0.757738759917538,-0.0712487960819938,0.0518724504484722,7,0,0,0.926555528105898
"3295","Lamp5","TXNRD2",-0.0825231422559674,0.0491577425966055,0.0932024353072929,-0.178870547306605,0.0138242627946698,6,0.00115912533814366,7.60080216816832,0.435876457306665
"3296","Lamp5","PRB1",0.122424600310412,0.131453945820933,0.351692341473873,-0.135220399124296,0.38006959974512,6,0.0190627995033934,18.3521676487839,0.729691855166932
"3297","Lamp5","IRF2BPL",0.0978722455115556,0.0704868291001927,0.164979304742745,-0.0402794009092518,0.236023891932363,7,0,0,0.551334376967334
"3298","Lamp5","ADNP",0.00174768691669624,0.025567990961963,0.945503450820201,-0.0483646545257968,0.0518600283591892,7,8.82003482794648e-07,0.0169923425401336,0.988571058608042
"3299","Lamp5","SLFN11",-0.0133085686371206,0.0866211652518928,0.877892751090382,-0.183082932829723,0.156465795555482,7,0,0,0.971204385780748
"3300","Lamp5","ADAM8",-0.218845441060713,0.120915888580336,0.0703115856406824,-0.455836227836829,0.0181453457154025,5,0.0300094064650372,43.090215201902,0.385313666944408
"3301","Lamp5","USP1",0.00588963340624105,0.0436181057894657,0.89259031961355,-0.0796002830149697,0.0913795498274518,7,0,0,0.975916378147624
"3302","Lamp5","GLYATL1",0.19934224903872,0.162297410003604,0.219352081726152,-0.118754829352474,0.517439327429915,6,0.0799536942433727,58.3953072430675,0.608950796256613
"3303","Lamp5","DNASE1L1",-0.0650760221816348,0.152711279939319,0.67000756506289,-0.364384630895715,0.234232586532445,7,0.0693667515142758,48.8562178265892,0.898216865810935
"3304","Lamp5","CCT6B",0.000346633405774008,0.0770329198880975,0.996409684200285,-0.150635115198856,0.151328382010404,7,5.56620944876973e-07,0.00117481025197756,0.999418218011508
"3305","Lamp5","DACT3-AS1",-0.107758620337563,0.0656505542922254,0.100715040212015,-0.236431342315416,0.0209141016402902,7,0,0,0.449925725026333
"3306","Lamp5","ST6GAL1",-0.0251385991744851,0.0680625712657452,0.711870272554404,-0.158538787550536,0.108261589201566,7,0.00122128269311247,3.51746004837583,0.913257230990891
"3307","Lamp5","ZDHHC18",0.05999856865802,0.0388830823585898,0.122818467509495,-0.0162108723727207,0.136208009688761,7,5.43223838573784e-06,0.045690903567132,0.484268398597447
"3308","Lamp5","PGLYRP1",-0.0979661444299081,0.167842797260474,0.559436986559204,-0.426931982124895,0.230999693265078,5,0.0422775316869025,32.5488425568711,0.850691857979177
"3309","Lamp5","EFHB",-0.149108701982963,0.174246280847941,0.392144182760183,-0.490625136884979,0.192407732919052,6,0.0748052403152975,44.7809934456349,0.758201083617192
"3310","Lamp5","POLE2",0.0265194827218844,0.0648895153566523,0.682769586053719,-0.100661630351413,0.153700595795182,7,0,0,0.902529462625427
"3311","Lamp5","BMP1",-0.0184591318831935,0.0907156331621452,0.838757163896138,-0.196258505715745,0.159340241949359,7,0,0,0.958356578693386
"3312","Lamp5","LINC00847",-0.0173672358636706,0.158676130407629,0.912844910917566,-0.328366736668804,0.293632264941463,5,0.0683707311439855,58.5193728193307,0.980734315041589
"3313","Lamp5","MXD3",-0.197052760218688,0.0895573059832332,0.0277857599078969,-0.372581854498259,-0.0215236659391176,5,4.99303291885262e-07,0.00117793083860185,0.2608240994808
"3314","Lamp5","FANCF",-0.0352226386232763,0.118009276010597,0.765341818354,-0.266516569445693,0.19607129219914,5,0,0,0.929871259341206
"3315","Lamp5","CTPS2",0.0112872720269595,0.0327979021966225,0.730736371590624,-0.0529954350468876,0.0755699791008067,7,0,0,0.919418417381732
"3316","Lamp5","ZNF557",0.0291742157799392,0.053061869383885,0.582446216712408,-0.0748251371648439,0.133173568724722,7,0,0,0.85876887013484
"3317","Lamp5","C1QTNF2",-0.0576212810954425,0.0915424917767309,0.529055496310407,-0.237041268032889,0.121798705842004,7,0.0286410043243785,56.6120540609692,0.83539935843094
"3318","Lamp5","RYR1",0.276374840672707,0.0621376975662326,8.67621141913642e-06,0.154587191360649,0.398162489984765,7,0,0,0.00824303452130784
"3319","Lamp5","KLF15",-0.10567741870521,0.114535712726587,0.356184881447513,-0.330163290592947,0.118808453182527,6,0.0194322932099153,25.7323515132669,0.732395976140097
"3320","Lamp5","NLK",-0.0165187761659734,0.0317842009223344,0.603261129921183,-0.0788146652511335,0.0457771129191868,7,0,0,0.868633169033008
"3321","Lamp5","JRK",-0.104741417772339,0.0595389969103212,0.0785423624869961,-0.22143570739221,0.0119528718475322,7,0,0,0.405564815622619
"3322","Lamp5","RPS15",-0.0480186802089308,0.073536462845254,0.513761801905077,-0.192147498936096,0.0961101385182348,7,0,0,0.826288159392566
"3323","Lamp5","PARD6G",0.00243513166640613,0.0625952585068356,0.968967873436278,-0.120249320609966,0.125119583942778,7,0,0,0.995779565044638
"3324","Lamp5","A1BG",-0.222470812613282,0.1268464062107,0.0794545333332218,-0.471085200354592,0.0261435751280276,5,4.17777797525891e-07,0.000373856925044748,0.406452597461029
"3325","Lamp5","FBLN5",0.199993969207327,0.13589919655518,0.141119558134522,-0.0663635615687561,0.46635149998341,6,0.0478091965034377,45.8986893321938,0.516890902214625
"3326","Lamp5","MEA1",-0.0088677652377478,0.104019784655782,0.932062040290556,-0.212742796842692,0.195007266367196,6,0.0185247564880002,30.3194126057511,0.984934594908954
"3327","Lamp5","JMJD6",0.0967227586592501,0.0686140200200569,0.158638726850154,-0.0377582494145717,0.231203766733072,7,0.00385678718195235,11.3487060302744,0.542821326008867
"3328","Lamp5","CSRP1",-0.115591819233085,0.107762949524902,0.283428634193448,-0.326803319169701,0.0956196807035306,5,0.010886154787934,18.4835851102013,0.673049340026877
"3329","Lamp5","GNPTG",-0.148404066744647,0.0467407479371491,0.00149812286432781,-0.240014249311924,-0.05679388417737,7,0.00306711200384876,20.8226783683081,0.0687946794872928
"3330","Lamp5","SGO1-AS1",-0.134730261907692,0.11349386916565,0.235182306180806,-0.357174157938468,0.0877136341230834,5,0,0,0.625081420051728
"3331","Lamp5","DHX40",0.00324020824699718,0.039262631897072,0.93422803297075,-0.0737131362095176,0.0801935527035119,7,0,0,0.985315638798959
"3332","Lamp5","COMMD9",-0.0567700431486035,0.0507805702267195,0.263589150494018,-0.156298131907381,0.0427580456101737,7,0,0,0.653860744816006
"3333","Lamp5","TMA16",0.0197284183155184,0.056448571717885,0.726718724593504,-0.0909087492302625,0.130365585861299,7,0.0025542649447693,10.9143597735911,0.918061663375543
"3334","Lamp5","ARHGEF37",0.0528203112954835,0.0945086937228262,0.576234285294064,-0.132413324627183,0.23805394721815,7,0.02612774395017,49.4258566455648,0.857671876115575
"3335","Lamp5","HS3ST1",-0.00644220011167649,0.0459772692459073,0.88856749616616,-0.0965559919411559,0.0836715917178029,7,0,0,0.974513592084522
"3336","Lamp5","TCEANC",0.0801824223853494,0.0840243301415108,0.339943828433314,-0.084502238517115,0.244867083287814,6,0,0,0.720685737322107
"3337","Lamp5","DGAT1",-0.0928741244530122,0.0505123119833575,0.0659676667887623,-0.191876436716244,0.00612818781021943,7,1.50500064880509e-06,0.00726509525602146,0.373672580884055
"3338","Lamp5","MYH15",0.0575684675361858,0.0874969331373136,0.510571285790202,-0.113922370170658,0.22905930524303,7,0,0,0.824565023970019
"3339","Lamp5","OSER1",-0.0297981351305991,0.0495783656766442,0.547819333198441,-0.126969946269179,0.0673736760079803,7,0,0,0.844764971297428
"3340","Lamp5","CER1",-0.192082001970655,0.248458188865762,0.439465639678979,-0.679051103811599,0.29488709987029,5,0.16907072072514,61.0776516825963,0.787588206165247
"3341","Lamp5","PPP1R14B",-0.142283314322324,0.0973422607373809,0.143828698859745,-0.333070639541298,0.0485040108966497,6,0.00850376466702729,14.7584117966939,0.520137255457636
"3342","Lamp5","XRCC3",-0.00881123779049849,0.101764922785839,0.931001999034029,-0.208266821340243,0.190644345759246,5,0.00286720504151925,5.15063971604526,0.984877831080086
"3343","Lamp5","HMCES",-0.0800970428783678,0.0446340879710269,0.0727292113337462,-0.167578247784373,0.00738416202763738,7,0,0,0.389808779700079
"3344","Lamp5","KIAA1586",0.117653889012335,0.0749388434451272,0.116415406811699,-0.0292235451831998,0.26453132320787,7,0.0200833653485737,58.5952714254811,0.473561011652999
"3345","Lamp5","CCDC59",0.18421293838077,0.0917519338721713,0.0446721899787668,0.00438245247941393,0.364043424282127,7,0.026907719828539,50.5028398408898,0.318611033602768
"3346","Lamp5","GRN",-0.141765646910908,0.0615990063033327,0.0213674791513352,-0.262497480748896,-0.0210338130729201,6,0,0,0.231671516927305
"3347","Lamp5","NUF2",-0.0135904415599444,0.0895353545634077,0.879353713996739,-0.189076511847247,0.161895628727359,6,0,0,0.971323130524652
"3348","Lamp5","ARAP1",0.00707853720230254,0.0604733071024304,0.906818641419921,-0.111446966744491,0.125604041149096,7,2.25847795982715e-07,0.000740806284871899,0.9796328980865
"3349","Lamp5","ZNF45",-0.0838491089939233,0.0573049251111522,0.143410070813569,-0.196164698348547,0.0284664803607,7,6.96615565442514e-07,0.00259624152075638,0.519863907097606
"3350","Lamp5","PATZ1",0.00134549839262328,0.0677348108581109,0.984151697140029,-0.131412291388907,0.134103288174153,6,0.00144102310325666,4.85874590500598,0.997296915565468
"3351","Lamp5","ERICH3-AS1",-0.0511140824150085,0.179651627119827,0.776013609092246,-0.403224801333888,0.300996636503871,5,0.0655990450234679,43.8502122189508,0.934584658568636
"3352","Lamp5","DDN",-0.0433160846019837,0.0826248734430674,0.600104713057914,-0.205257860777576,0.118625691573608,6,0,0,0.867373974312254
"3353","Lamp5","YPEL3",0.0228207197411731,0.0700814357398248,0.744703212161096,-0.114536370293742,0.160177809776088,7,0.0106019094426319,34.8995503942544,0.923833556845838
"3354","Lamp5","CNBD2",-0.0417266211224441,0.103222167325542,0.686035585292983,-0.244038351486674,0.160585109241786,6,0.0121714436809317,19.0039523386881,0.903181005962289
"3355","Lamp5","PPM1N",0.0432870416429156,0.0985708220684334,0.660555313121514,-0.14990821953772,0.236482302823551,5,0,0,0.893414587639381
"3356","Lamp5","RSPO4",-0.0767543127441465,0.0887363747478588,0.387055188880989,-0.250674411368599,0.0971657858803063,7,0,0,0.755827226879962
"3357","Lamp5","TMED4",-0.0259336062933461,0.0421345916796664,0.538228249708024,-0.108515888488793,0.056648675902101,7,0.000380982872876219,2.67114401702723,0.839248783091326
"3358","Lamp5","ZWILCH",-0.095964903433174,0.0811275056476599,0.236852802614324,-0.254971892658157,0.0630420857918093,7,0.0083582840560707,18.4126327563195,0.626694287831646
"3359","Lamp5","ARHGEF10L",0.0023518949463998,0.0701806492318241,0.973266284895366,-0.135199649959614,0.139903439852414,7,0.00985311278346347,31.2938526667215,0.996727391459769
"3360","Lamp5","RXFP1",0.0521786042502349,0.147055304822649,0.722722197445824,-0.236044496937716,0.340401705438186,6,0.0478606607996678,40.5103924683174,0.916060917780033
"3361","Lamp5","JMJD8",-0.133490257862571,0.0863191763968213,0.121990425732284,-0.302672734775501,0.0356922190503583,5,0.00732784316627506,19.4674656329945,0.483702387057926
"3362","Lamp5","RFX5",-0.0929634607137226,0.0983978018563764,0.344775431532675,-0.285819608510129,0.0998926870826836,7,0.0301125611217592,55.3032123398721,0.72450700855724
"3363","Lamp5","USP14",-0.0350019350609579,0.024602821272048,0.154829020031142,-0.0832225786722479,0.013218708550332,7,0,0,0.536695724797804
"3364","Lamp5","MIR4713HG",0.167635096343145,0.0848165097157319,0.048104492828712,0.00139779200591916,0.333872400680371,5,0,0,0.328169783079616
"3365","Lamp5","KREMEN1",-0.069878796449198,0.0920930886158277,0.447981555541416,-0.250377933361276,0.11062034046288,7,0,0,0.791570730454328
"3366","Lamp5","IFRD2",-0.180441774045675,0.0691074841178941,0.00902697461843859,-0.315889953978921,-0.0449935941124285,7,0,0,0.157415894697488
"3367","Lamp5","MAGEL2",-0.312190788174905,0.0952252537301818,0.001043805816372,-0.49882885590475,-0.125552720445061,5,0,0,0.0573576821673018
"3368","Lamp5","ZFYVE1",0.0366457629683474,0.053982561295304,0.497236416338849,-0.0691581129636743,0.142449638900369,7,0.00670061546167605,38.7155650895731,0.819521816840724
"3369","Lamp5","FABP6",-0.00183965696254945,0.0972795217332471,0.98491207217594,-0.192504015992995,0.188824702067896,6,0,0,0.997296915565468
"3370","Lamp5","GIT2",-0.0439177437663774,0.0273972860948932,0.108935507027387,-0.0976154377865081,0.00977995025375321,7,0,0,0.463734401407849
"3371","Lamp5","ALG3",-0.142356099043544,0.0744500108462797,0.0558629669987178,-0.288275438950869,0.00356324086378032,7,0,0,0.349772367716056
"3372","Lamp5","UQCRC2",0.00143818035558824,0.0443820485824206,0.974149433243631,-0.0855490364260631,0.0884253971372396,6,0.00485585731984231,46.2949416261301,0.997077462526582
"3373","Lamp5","ARHGEF18",-0.0658163921341575,0.0433503385438689,0.128952894813261,-0.150781494397759,0.0191487101294441,5,0,0,0.494119727353985
"3374","Lamp5","ETS2",0.113157056542922,0.099720910438662,0.256485320395372,-0.0822923364223998,0.308606449508244,6,0.0205957432208355,36.1488276231422,0.647561014815183
"3375","Lamp5","MFSD11",0.00641716704339135,0.029576730045644,0.828234256051556,-0.0515521586265345,0.0643864927133172,7,0,0,0.954801237292379
"3376","Lamp5","ANKRD18B",0.0235896319658038,0.109459467576603,0.829369558905088,-0.190946982251269,0.238126246182876,6,0,0,0.955256723003559
"3377","Lamp5","ZNF835",-0.0930310322785564,0.11427001658078,0.415568557966576,-0.31699614928968,0.130934084732567,5,0.0217306150608748,34.310154708241,0.772296636968801
"3378","Lamp5","HSPA13",-0.00914690295502479,0.041760560655956,0.826625049036187,-0.090996097814899,0.0727022919048494,7,0,0,0.954515500680704
"3379","Lamp5","POP7",-0.0918232750278859,0.0878336073039612,0.295827501819019,-0.263973981975884,0.0803274319201123,6,0,0,0.686247051424637
"3380","Lamp5","ATP2B1-AS1",-0.0224363784321594,0.111479593887742,0.840495310446549,-0.240932367463286,0.196059610598967,5,0.0153129875336046,24.9993297669908,0.958379425784733
"3381","Lamp5","GOLT1A",0.194240658614879,0.096563465418968,0.0442691212728173,0.00497974417132241,0.383501573058435,6,0,0,0.317621447622866
"3382","Lamp5","CBR4",0.0362192744783484,0.0282623271017723,0.200004409671738,-0.0191738687604155,0.0916124177171123,6,0,0,0.591415610548944
"3383","Lamp5","BBS2",-0.000915924589290346,0.0362112810123587,0.97982053796228,-0.0718887312075725,0.0700568820289918,7,0,0,0.997093441046833
"3384","Lamp5","TP63",0.0111660414369096,0.147744595992036,0.939755914912153,-0.278408045617903,0.300740128491722,5,0,0,0.987049094188867
"3385","Lamp5","UTP3",-0.00376134198048634,0.077159996955885,0.961120675948105,-0.154992157061241,0.147469473100268,6,0.00720963701697294,20.3999233925214,0.99402737661308
"3386","Lamp5","RPUSD3",-0.139780093116126,0.0513142869218719,0.00644965995746253,-0.240354247375349,-0.039205938856902,6,7.24722632553515e-06,0.040237661681806,0.134845250754011
"3387","Lamp5","PANK3",0.0411985962603302,0.0366340171866453,0.260758799018396,-0.030602758034516,0.112999950555176,7,0.000796834223508827,8.00047920087762,0.651570095583159
"3388","Lamp5","FABP5",-0.00784740327136655,0.0693427767485969,0.909897137298889,-0.143756748286618,0.128061941743885,7,0,0,0.979993184257472
"3389","Lamp5","RELT",0.0172658207601539,0.109882458479717,0.875142465964771,-0.19809984039281,0.232631481913118,5,0,0,0.969866439669418
"3390","Lamp5","C12orf42",-0.0349013735365734,0.106971760917863,0.744222226076047,-0.244562172298414,0.174759425225267,7,0.0242500053326722,33.9547795050974,0.923731562184063
"3391","Lamp5","OCLN",-0.0151554767312987,0.10676399870039,0.887117079718106,-0.224409069029545,0.194098115566948,6,0.00658246183093273,8.62695581720791,0.974011298943957
"3392","Lamp5","IFT27",0.0114916859089633,0.0482199687299569,0.811634471136951,-0.0830177161373999,0.106001087955327,7,7.25157776118268e-09,3.85236033019189e-05,0.948625551243823
"3393","Lamp5","LIN28B",-0.132099099582145,0.108270541221286,0.222433227344795,-0.344305460962526,0.080107261798235,6,0,0,0.612921420695025
"3394","Lamp5","IQCN",-0.115191096011036,0.0956895861639406,0.228667002082197,-0.302739238587902,0.07235704656583,5,6.06859606483966e-07,0.00113510547833621,0.620378556692602
"3395","Lamp5","C6orf136",-0.0988732685228534,0.0532318316350894,0.063253026109151,-0.203205741358729,0.00545920431302176,6,0.00475969242964337,29.7259683864087,0.368996555726506
"3396","Lamp5","MFSD12",-0.0854017067869463,0.0504758375311856,0.0906588565040213,-0.184332530437565,0.0135291168636727,7,0,0,0.431245291446094
"3397","Lamp5","UCHL3",0.00493877987569843,0.077227332955601,0.949009091601513,-0.146424011339363,0.15630157109076,5,0.00539745884271851,16.5829487186316,0.989570721185087
"3398","Lamp5","STAP2",0.0602521525942954,0.127136268840956,0.635558459445001,-0.188930355462781,0.309434660651372,5,0.029410208912695,39.6619376926883,0.883795769360786
"3399","Lamp5","ZNF783",-0.0870889209944304,0.0429080888639076,0.0423908996522266,-0.171187229813134,-0.00299061217572731,7,0,0,0.311204891922025
"3400","Lamp5","SLC7A6",-0.0603059509984811,0.0354167018177726,0.0886140072297605,-0.12972141101251,0.00910950901554752,7,0,0,0.425603151365274
"3401","Lamp5","YPEL4",-0.112856453441906,0.05140371228838,0.028128304145118,-0.21360587819879,-0.0121070286850227,7,0,0,0.262187364981657
"3402","Lamp5","CRIM1-DT",-0.0193115709730319,0.17236048037663,0.910790298089609,-0.35713190486925,0.318508762923186,5,0.0725007561535382,56.4140424182635,0.98021428859374
"3403","Lamp5","F2R",-0.0160841621676788,0.0652003280554405,0.805149413593958,-0.143874456936539,0.111706132601181,7,0,0,0.946038694946959
"3404","Lamp5","OCEL1",-0.0920447481378305,0.0950241785538631,0.332722066095817,-0.278288715763905,0.0941992194882445,5,0,0,0.714495095787372
"3405","Lamp5","COL6A2",0.00451699490607203,0.118580995203313,0.969614278410153,-0.227897484943339,0.236931474755483,6,0,0,0.995855798622175
"3406","Lamp5","TRIM59",0.0846397978484461,0.135565618692578,0.532400641502228,-0.181063932330897,0.35034352802779,6,0.0333883438952036,31.8641313221818,0.836989519090988
"3407","Lamp5","CARMIL1",0.0463142811800274,0.0984330850919631,0.63798684320297,-0.146611020487387,0.239239582847442,7,0.0347987749251512,58.2681072486423,0.885086808739919
"3408","Lamp5","SNHG16",0.123939280738339,0.0665680675790442,0.0626252444138434,-0.00653173423701621,0.254410295713694,5,2.91545622180229e-06,0.0115404548449169,0.367678264177257
"3409","Lamp5","KIF22",-0.0952939717630703,0.0476620361897162,0.0455685021917879,-0.188709846124759,-0.0018780974013819,7,1.30673589007648e-06,0.0069389172747303,0.320761019645749
"3410","Lamp5","RSPH9",-0.0357572758152114,0.0937864886162021,0.703008439445823,-0.219575415739443,0.14806086410902,6,0,0,0.909107987358836
"3411","Lamp5","PDZD7",-0.0557091681107556,0.0815549239694144,0.494551406509357,-0.21555388185271,0.104135545631199,7,1.27305665745528e-08,2.36255879622822e-05,0.81779405901804
"3412","Lamp5","ADAP1",-0.101998666090831,0.056619198399084,0.0716263875009067,-0.212970255786564,0.00897292360490116,7,4.05319475578637e-06,0.0155895942223826,0.387242300236593
"3413","Lamp5","XXYLT1",-0.0175564046740168,0.0314583862010707,0.576787401900922,-0.0792137086398671,0.0441008992918334,7,0,0,0.857671876115575
"3414","Lamp5","PARPBP",-0.108401958877616,0.0803736287906239,0.177425166958439,-0.26593137661403,0.0491274588587984,6,0.000636702692004701,1.38577890266162,0.569924139579901
"3415","Lamp5","DYNC2H1",0.0183618135439015,0.040927252235915,0.653687652316102,-0.0618541268246783,0.0985777539124813,7,0.0033282985455476,30.7073499826898,0.891077090670597
"3416","Lamp5","PPIL6",0.191374944174501,0.0693203225793175,0.00576716964796827,0.05550960852234,0.327240279826662,7,1.12832060095587e-06,0.00296352008526496,0.129038690598033
"3417","Lamp5","CTBP2",0.0716235318180165,0.0459087566022331,0.118729660656811,-0.0183559776973757,0.161603041333409,7,0,0,0.475596460502308
"3418","Lamp5","SRBD1",0.0220736696241193,0.0498111114474386,0.657659048149293,-0.0755543148427712,0.11970165409101,7,0.00498805170782341,31.3896132483457,0.892902161244819
"3419","Lamp5","ELK3",0.0930531232326918,0.108441778158035,0.390841150582175,-0.11948885637654,0.305595102841924,5,0,0,0.75717954314146
"3420","Lamp5","AMER2",0.0482186687803705,0.0577912082306439,0.404078186782347,-0.0650500179747462,0.161487355535487,7,0.0059357841611854,27.6995954021484,0.766334173099412
"3421","Lamp5","IPP",-0.0410487412285818,0.0457981733196213,0.370094442189352,-0.130811511492763,0.048714029035599,7,0,0,0.741863800560252
"3422","Lamp5","IFI27L2",0.0571589259679302,0.10059192732372,0.569881671108827,-0.139997628722031,0.254315480657891,6,0,0,0.854376739138775
"3423","Lamp5","TMEM97",0.345208445792196,0.101174332877278,0.000644843206129717,0.146910397192865,0.543506494391528,7,4.91093492577888e-06,0.0060748517091612,0.0479117529949025
"3424","Lamp5","CCNJ",-0.0199881874923654,0.0612578505109824,0.74420046491349,-0.140051368264229,0.100074993279499,7,0,0,0.923731562184063
"3425","Lamp5","PDCL",0.0388070038203869,0.047755775070858,0.416439493312436,-0.0547925953722904,0.132406603013064,7,0,0,0.773082878069455
"3426","Lamp5","TAPBPL",-0.0956392913377912,0.174633055918005,0.583926358154104,-0.43791379144725,0.246635208771668,6,0.103747411981724,66.5684665201423,0.859263732685249
"3427","Lamp5","SGK2",-0.0163444568480261,0.141978134938525,0.908350376298964,-0.294616487919703,0.26192757422365,5,0,0,0.979767074450202
"3428","Lamp5","RXRG",0.173099021594246,0.132716563358423,0.192139512670544,-0.0870206627401901,0.433218705928683,6,0.0191095400200081,18.0327782381153,0.586077011394669
"3429","Lamp5","MRPL9",-0.0688203254831785,0.0862333596284402,0.42482941087844,-0.237834604620812,0.100193953654455,6,0.00990946603662879,22.404843864467,0.778050998360332
"3430","Lamp5","PRKG2",-0.0187574164671602,0.0421136183588693,0.656030526067885,-0.101298591709209,0.0637837587748885,7,0.000560221217707714,4.27359751781539,0.892341794955168
"3431","Lamp5","ACSS3",-0.045121670914875,0.153964124839024,0.769471601604848,-0.346885810510591,0.256642468680841,6,0.0877523927442534,72.3337417623508,0.932100292964428
"3432","Lamp5","ABHD2",-0.00630983214467664,0.0230923455795781,0.784666083033328,-0.0515699977992023,0.0389503335098491,7,6.77083206893299e-07,0.0159685464778718,0.938006965913192
"3433","Lamp5","DDX11",0.0142966737834672,0.131514673967433,0.913434237475239,-0.243467350631229,0.272060698198164,5,0,0,0.980734315041589
"3434","Lamp5","SCART1",-0.135318247063043,0.0766518036680311,0.0775028017587402,-0.285553021602419,0.0149165274763336,7,0,0,0.402980872275119
"3435","Lamp5","DVL2",0.0371472350660671,0.0533246084716611,0.486037744613476,-0.0673670770280882,0.141661547160222,7,0,0,0.813793954483181
"3436","Lamp5","COL5A3",-0.0449831603878017,0.0751526287965084,0.54946808615177,-0.192279606172466,0.102313285396862,6,0,0,0.844764971297428
"3437","Lamp5","ZBTB17",-0.0985223092493778,0.0694176669248675,0.155820746795409,-0.234578436312915,0.0375338178141599,7,0.00997899791363008,32.8359290526192,0.53857234419835
"3438","Lamp5","LITAF",0.0065993093698338,0.0975192589701769,0.946046852619849,-0.184534926010748,0.197733544750415,6,0,0,0.988865030560056
"3439","Lamp5","MESP1",0.0776775361503187,0.197012607679193,0.693376556297818,-0.30846007940122,0.463815151701857,5,0.118885696928957,68.7048917607591,0.905447721856912
"3440","Lamp5","NEK3",-0.146934748866907,0.0860140587185628,0.0875873057120403,-0.315519206119404,0.0216497083855894,6,0,0,0.423557051763158
"3441","Lamp5","LUC7L3",-0.0596976004926441,0.0268909564861924,0.026419582746992,-0.112402906715415,-0.00699229426987329,7,0,0,0.253318024650246
"3442","Lamp5","ATP2A2",-0.0211051662413403,0.0293801639679221,0.472543071997358,-0.078689229478349,0.0364788969956684,7,0,0,0.806039452006333
"3443","Lamp5","HAUS5",-0.00806098703010241,0.0604770412798136,0.893964007136914,-0.126593809830079,0.110471835769874,7,0,0,0.975921257738596
"3444","Lamp5","WIPI2",-0.0497850413655553,0.0311040850410416,0.109466662043239,-0.110747927818068,0.0111778450869573,7,1.69018372774632e-06,0.0215577983258913,0.463734401407849
"3445","Lamp5","NCS1",-0.0851758978479299,0.029462857180012,0.00384068815221641,-0.142922036802401,-0.027429758893459,7,8.45217074026343e-07,0.0119547040718181,0.104595366150675
"3446","Lamp5","CD27-AS1",0.0681116089136744,0.0501657013898679,0.174548543837814,-0.0302113590696576,0.166434576897006,5,0,0,0.565544848484534
"3447","Lamp5","SEMA4A",0.154266294016506,0.0664541147129157,0.0202654991282685,0.0240186225546982,0.284513965478314,7,0,0,0.227350003822667
"3448","Lamp5","TMEM51",0.468405511342301,0.138391616831069,0.000712722080365793,0.19716292659114,0.739648096093463,5,5.72108176426086e-07,0.000540576457179084,0.0497895224268778
"3449","Lamp5","PABPC1L2B",0.0729451465419965,0.108465517825372,0.501253202052669,-0.13964336196022,0.285533655044213,5,0.0117752356324727,19.5462058133461,0.821950780659244
"3450","Lamp5","TBC1D20",-0.0268745602630907,0.0363313457317817,0.459477640928246,-0.0980826894072559,0.0443335688810745,7,0,0,0.799114769561592
"3451","Lamp5","EHD4",0.0490054322067175,0.148975484774815,0.742193752358396,-0.242981152531315,0.34099201694475,5,0.0546586579936603,50.9011601609466,0.923528435962862
"3452","Lamp5","RGCC",-0.293000550822431,0.0943577323868695,0.00190144133388471,-0.477938307963564,-0.108062793681298,5,6.32515574021491e-07,0.00126336373117134,0.0752136331710811
"3453","Lamp5","GADD45G",0.244526187618775,0.120376690771871,0.0422203474413891,0.00859220912779246,0.480460166109757,5,0,0,0.31114492884268
"3454","Lamp5","KLHL3",0.00364749794904999,0.0273394417470796,0.89386500011752,-0.0499368232326567,0.0572318191307567,7,7.72233795805436e-07,0.0125818562423682,0.975921257738596
"3455","Lamp5","C4orf46",0.0570244418368572,0.0942238102289484,0.545044762856105,-0.127650832698018,0.241699716371733,6,4.63526860624596e-07,0.000739590999032642,0.843376602544951
"3456","Lamp5","IQCC",-0.0554560864712584,0.100169291571345,0.579836453124413,-0.251784290307987,0.14087211736547,5,0,0,0.858378677238391
"3457","Lamp5","FOXP2",-0.00884432727082298,0.108093359284877,0.934788905511706,-0.220703418437131,0.203014763895485,5,0.0151902164186257,26.2517444630945,0.985371770816307
"3458","Lamp5","TMEM126A",0.00115259679836776,0.0727611085118951,0.987361369977181,-0.141456555360157,0.143761748956893,6,5.87453600823869e-07,0.00166853288320254,0.997613323839068
"3459","Lamp5","TOB1",0.0534989824377352,0.0464134646727406,0.249049627222708,-0.0374697367185586,0.144467701594029,7,0,0,0.640081219636306
"3460","Lamp5","RASA1",0.0838498320824097,0.0398102229475522,0.0351836233934774,0.00582322888869742,0.161876435276122,7,6.72460214578389e-07,0.00513597738534406,0.289480904102825
"3461","Lamp5","PKNOX2",-0.0586669195377882,0.0319797255808784,0.0665792839515017,-0.121346029911784,0.00401219083620773,7,6.40822479220511e-06,0.0804539480270445,0.375453179447085
"3462","Lamp5","SH3GLB2",-0.012236249972069,0.0446650910860112,0.784118774690303,-0.0997782198668519,0.0753057199227139,7,3.07161113430438e-06,0.0190095683867432,0.938006965913192
"3463","Lamp5","ARHGEF40",-0.212261447673732,0.146605081243124,0.14766037800375,-0.499602126860823,0.0750792315133601,5,0.0132984354789931,11.1286335968019,0.526026351071448
"3464","Lamp5","ZNF341",-0.0551550201780582,0.0589344016469116,0.349339411063086,-0.170664324856423,0.0603542845003066,7,0.00579675732564973,25.1994928098754,0.72859260845892
"3465","Lamp5","GJA1",0.144470646288948,0.150902168288881,0.338375728811607,-0.151292168746261,0.440233461324158,5,0.0434519041078982,40.5620690073463,0.719260025788051
"3466","Lamp5","ROMO1",0.013355207893744,0.0975646283634021,0.891121098063885,-0.177867949863559,0.204578365651047,6,0.0036426281580225,5.96921350767873,0.975663358386813
"3467","Lamp5","ATG9A",-0.0786944624230307,0.0805246893941173,0.32843489122133,-0.236519953501775,0.0791310286557138,5,0,0,0.711034189738575
"3468","Lamp5","STKLD1",-0.0368411548170335,0.140420730462293,0.793041866093217,-0.312060729205934,0.238378419571867,6,0.0553413479675074,54.945539686386,0.941245303355377
"3469","Lamp5","CAVIN4",-0.0440084309633281,0.0560891298842553,0.432678722871163,-0.153941105460658,0.0659242435340015,5,0,0,0.783174983539044
"3470","Lamp5","ZSCAN20",0.141409706524842,0.0881977813416903,0.108862922920524,-0.03145476842121,0.314274181470894,6,0.00205858029863934,3.99953595071995,0.463734401407849
"3471","Lamp5","LPAR2",-0.0421831382329243,0.118927856007452,0.722817956355173,-0.275277452766095,0.190911176300247,5,2.25442144238714e-06,0.00263132066605667,0.916085199242425
"3472","Lamp5","NSG2",0.0219153769011128,0.0297155000749882,0.460814341845846,-0.0363259330284613,0.0801566868306869,5,0,0,0.799485491699775
"3473","Lamp5","YIPF3",-0.0716998953607393,0.0655994440203103,0.2743957872825,-0.200272443046399,0.0568726523249204,7,0.00584000273370593,20.0491831174456,0.664060676976564
"3474","Lamp5","TSC22D4",-0.00801718777688772,0.0662769007242667,0.903718727880266,-0.137917526203387,0.121883150649612,6,0.00040482507603263,1.41668866032781,0.978585884200498
"3475","Lamp5","TRRAP",-0.0335224512824003,0.0298215780539371,0.260970386386815,-0.0919716702302672,0.0249267676654666,7,0.00125752738517501,21.1274313977217,0.65176375101802
"3476","Lamp5","LRIT3",-0.0452189865836502,0.128264520591804,0.724429745270565,-0.296612827437883,0.206174854270583,5,0.000936556569705305,0.889006129771676,0.916906006315319
"3477","Lamp5","PCDH9-AS3",0.13615459419669,0.13056022682654,0.297018260744452,-0.119738748196709,0.392047936590089,5,0,0,0.687445888829291
"3478","Lamp5","C6orf52",0.131288204826866,0.113656815205894,0.248037886803143,-0.0914750595742093,0.354051469227942,5,0,0,0.639038570603718
"3479","Lamp5","RECQL4",-0.0992354287358296,0.0953752834586836,0.298120097407708,-0.286167549330148,0.087696691858489,5,1.42961165795493e-06,0.0029035032089664,0.687746200571181
"3480","Lamp5","MOV10",0.0346820690075134,0.0726600186260308,0.63313437994472,-0.107728950615516,0.177093088630543,6,0,0,0.882993296421211
"3481","Lamp5","TADA3",-0.0922871070183046,0.103714623106484,0.373563782795231,-0.29556403297716,0.11098981894055,7,0.0459061415162621,71.3120093701037,0.745335842612238
"3482","Lamp5","PTK7",0.0658548968317692,0.0610260798660778,0.280531070123778,-0.0537540218234082,0.185463815486947,7,3.31683656234336e-06,0.0100818673186706,0.670241513052811
"3483","Lamp5","SYCE1L",-0.0858300908816327,0.0718716284192039,0.232394344125087,-0.226695894093518,0.0550357123302523,7,5.70828520126793e-06,0.0135801821684848,0.623315103476142
"3484","Lamp5","AKAP12",0.0569331815899473,0.039142143016642,0.145801118769661,-0.019784009000387,0.133650372180282,7,0.00205561602750524,19.6089237045979,0.522269692067356
"3485","Lamp5","ZNF234",0.00465578754299996,0.0549929239288288,0.932530445109965,-0.103128362762055,0.112439937848055,7,9.05486604257217e-06,0.0367204274474319,0.985154855308785
"3486","Lamp5","ARL17B",0.421757623380652,0.460754350703232,0.360000937769163,-0.481304309717819,1.32481955647912,5,0.718840625909703,70.8700824550079,0.73483363923243
"3487","Lamp5","POLD2",-0.0572892009284282,0.0548794485910903,0.296527066968715,-0.164850943658383,0.0502725418015262,7,0,0,0.686837141469868
"3488","Lamp5","CSTB",-0.0711674326344361,0.0965237272943547,0.460936855231088,-0.260350461784937,0.118015596516065,7,0.0277610681110029,51.6995084686983,0.799485491699775
"3489","Lamp5","LY96",0.0309057748214179,0.0996321783595842,0.756409839090726,-0.164369706464638,0.226181256107474,6,7.19877524696159e-06,0.0103121656519375,0.926555528105898
"3490","Lamp5","GMIP",-0.0923013658110013,0.09089374661502,0.309874014247682,-0.27044983559635,0.0858471039743474,6,2.23650152621654e-07,0.00040561182944889,0.696879927838551
"3491","Lamp5","CALCOCO1",-0.0352161302396382,0.0344863812835143,0.307178404806842,-0.102808195512442,0.032375935033166,7,0,0,0.6957260731822
"3492","Lamp5","GGCT",-0.0357689425123694,0.0814063575558449,0.660380723733081,-0.195322471434416,0.123784586409677,6,0,0,0.893414587639381
"3493","Lamp5","THBS3",-0.0172616391807113,0.0739850605411748,0.815518755522811,-0.162269693235429,0.127746414874007,6,0,0,0.949515906610951
"3494","Lamp5","NEK7",0.190644745598753,0.0580232559783947,0.00101743401371048,0.0769212536153509,0.304368237582155,7,0.00409244039445655,17.5493721791322,0.0573576821673018
"3495","Lamp5","HLA-F",0.0247434647057628,0.112665462821697,0.826167972807247,-0.196076784726299,0.245563714137825,7,0.0450129076481849,62.3548803949784,0.954415053359983
"3496","Lamp5","SLC16A4",-0.0261311582111324,0.0847488460968972,0.757826334347758,-0.192235844292379,0.139973527870114,7,0.00391628603224852,7.34259772567107,0.926555528105898
"3497","Lamp5","BZW1",0.0525022720476168,0.0537628739088852,0.328790715893538,-0.0528710245191663,0.1578755686144,7,0.00148064538070291,6.77234827120149,0.71128946660109
"3498","Lamp5","SLC16A7",0.0233807282589078,0.0340392739325698,0.492161465660618,-0.0433350227088221,0.0900964792266377,7,1.90135609372078e-06,0.0208357682063936,0.816204797966937
"3499","Lamp5","PDZRN4",-0.00298339415051582,0.149724245603304,0.984102463759248,-0.296437523145422,0.29047073484439,6,0.0648461968449119,56.0945914954786,0.997296915565468
"3500","Lamp5","ZNF598",-0.218443252482271,0.0684985045812507,0.00142754909013705,-0.352697854456374,-0.0841886505081675,6,0,0,0.066687732691207
"3501","Lamp5","RAC1",0.0217541338048142,0.0397302012251766,0.584003312924634,-0.0561156296950611,0.0996238973046895,7,4.67306028537e-06,0.0372427167432289,0.859263732685249
"3502","Lamp5","MOV10L1",-0.182953814532057,0.093408402971746,0.0501544847347332,-0.366030920210083,0.000123291145969318,7,0,0,0.334379106357185
"3503","Lamp5","FAH",-0.00254893608711288,0.0878532118082745,0.976853760805913,-0.1747380671575,0.169640194983274,6,0,0,0.997093441046833
"3504","Lamp5","PPM1K-DT",0.0737025622513947,0.101956547704674,0.469752328063464,-0.126128599237806,0.273533723740596,5,0,0,0.804834027168301
"3505","Lamp5","NEU1",0.0372040881686683,0.0693706856833729,0.591745359168381,-0.098759957353591,0.173168133690928,6,0,0,0.863431277488368
"3506","Lamp5","SCARF2",-0.116337575361037,0.0589369904483828,0.0483895451439512,-0.231851953997048,-0.00082319672502551,7,0,0,0.328428246524695
"3507","Lamp5","SPP1",-0.0751507315823376,0.161496351534055,0.641687908318106,-0.391677764223705,0.24137630105903,5,0.0615241075953286,53.1657635052269,0.886449765563937
"3508","Lamp5","TGDS",0.00367449745986604,0.0563227931292692,0.947982935661839,-0.106716148582202,0.114065143501934,7,0,0,0.989347057123652
"3509","Lamp5","PAQR6",-0.0829656457784912,0.10016230598858,0.407493795971136,-0.279280158124589,0.113348866567606,5,0,0,0.768767677239126
"3510","Lamp5","SF3B6",-0.0635093002088536,0.0648866535400534,0.327692186315608,-0.190684804224687,0.0636662038069795,7,5.80018602258199e-06,0.0173238820410293,0.710584017433972
"3511","Lamp5","YWHAH",-0.00541751386660126,0.0597082384097075,0.927704665106442,-0.122443510729959,0.111608482996757,7,0.00035155525108242,1.21013284880267,0.983884112435921
"3512","Lamp5","CDK5RAP1",-0.0154984500295633,0.0396712601981216,0.696039708029212,-0.093252691239199,0.0622557911800724,6,0.00164888076463937,17.3286494438458,0.906391554342484
"3513","Lamp5","COASY",0.0136199868741024,0.0927735995925174,0.883282887112292,-0.168212927043371,0.195452900791576,6,0.0192414471117894,39.6884603426183,0.973189568893511
"3514","Lamp5","CPO",0.0899917858186198,0.061495576962817,0.143361700910745,-0.0305373302370126,0.210520901874252,7,0,0,0.519863907097606
"3515","Lamp5","ZNF280C",0.0347661312241861,0.0629452104619456,0.580726599201174,-0.0886042142805211,0.158136476728893,7,0.00877667673813604,36.1773789972187,0.858378677238391
"3516","Lamp5","SEC14L2",-0.0709888840234174,0.117777417136745,0.546683228511197,-0.301828379803588,0.159850611756753,6,0.0259490289531022,34.5169853581016,0.844020750034263
"3517","Lamp5","IFI16",0.21642448318073,0.0934843574809684,0.0206081347622901,0.033198509400164,0.399650456961295,7,0,0,0.22867109709499
"3518","Lamp5","ACHE",0.00813082308617261,0.0647696772731798,0.900100486918878,-0.118815411659542,0.135077057831887,7,0,0,0.977956078464346
"3519","Lamp5","LRRC2",0.0608890427176758,0.083078529777694,0.463613635883057,-0.101941883535143,0.223719968970494,6,0,0,0.800197114949866
"3520","Lamp5","PCDHB11",-0.0421694483184565,0.101801585802339,0.678704396798474,-0.241696890060104,0.157357993423191,5,8.53189138377281e-08,0.000147400020017112,0.901546804544369
"3521","Lamp5","ZMYND8",0.0773013334527418,0.0423754298980061,0.0681215768704724,-0.00575298297675196,0.160355649882235,7,0.00411958070508197,36.8998872205325,0.379638245752953
"3522","Lamp5","ELOVL2",0.104835018942084,0.0928809256865619,0.259022963978427,-0.0772082502543182,0.286878288138487,7,0.0199912806612621,37.2941271512455,0.650411149598018
"3523","Lamp5","ZBTB7C",0.11626830820652,0.0837313191009431,0.164958056523582,-0.0478420616093593,0.280378678022399,7,5.30310240221601e-07,0.000945319234795322,0.551334376967334
"3524","Lamp5","DNPEP",-0.0205917153624892,0.0520437304051329,0.692354549486217,-0.122595552577662,0.0814121218526834,7,0,0,0.905268111563042
"3525","Lamp5","ANKRD20A1",0.0284382426833038,0.0719915985941539,0.692826883356176,-0.112662697750702,0.16953918311731,7,3.59411779239807e-06,0.00803771811110942,0.905316768423022
"3526","Lamp5","WDCP",0.165123516731159,0.0788820951561476,0.0363228045728302,0.0105174512000485,0.31972958226227,5,0,0,0.291728958956667
"3527","Lamp5","MAMSTR",-0.184383250265629,0.094816254847062,0.0518186156682338,-0.370219694914842,0.00145319438358379,6,0,0,0.34030396594599
"3528","Lamp5","CCDC178",0.321357924802506,0.403796289025772,0.426124051218449,-0.470068258778933,1.11278410838395,6,0.843753620146104,92.7054123518434,0.778612303822983
"3529","Lamp5","CRELD2",-0.0941303396421237,0.0631987599822955,0.136373296818731,-0.217997633075014,0.0297369537907667,7,0,0,0.50901630981748
"3530","Lamp5","CDKN2AIPNL",0.0182235061160886,0.0592134515197804,0.758265291148508,-0.0978327262629895,0.134279738495167,7,0,0,0.926555528105898
"3531","Lamp5","ADAT1",0.04731436400192,0.0832905813017392,0.56999164813861,-0.115932175600894,0.210560903604734,7,0.012692531827357,27.5889608156068,0.854376739138775
"3532","Lamp5","OPRL1",-0.23219736597658,0.157373907183327,0.140091542223222,-0.540644556162249,0.0762498242090899,6,0.0606275418241846,44.491025286469,0.515335205612892
"3533","Lamp5","KCNMB3",-0.0877467721445428,0.0954701792086788,0.3580425547288,-0.274864884991138,0.0993713407020523,6,0,0,0.734070103206193
"3534","Lamp5","ESD",0.00106133352240642,0.0469674661500706,0.981971572302345,-0.0909932085768361,0.0931158756216489,7,0.00357589370986311,24.6341880819342,0.997296915565468
"3535","Lamp5","ACOT13",0.0670441225910434,0.0459861748952941,0.144862844048487,-0.023087123990493,0.15717536917258,6,0,0,0.521183740064937
"3536","Lamp5","SLC26A2",0.0462617785219568,0.0565606539927392,0.413406015233933,-0.0645950662458437,0.157118623289757,7,0.00145539793206807,5.91009561216275,0.771625852727355
"3537","Lamp5","GPATCH3",-0.10199879993792,0.0785382208248234,0.194041603676929,-0.255930884164427,0.0519332842885876,5,0,0,0.587583280058094
"3538","Lamp5","PADI2",-0.229720932528574,0.0972270093950574,0.0181410013122644,-0.420282369267424,-0.039159495789724,6,0,0,0.215599225450515
"3539","Lamp5","UBTD1",-0.0568358711265302,0.0863101071860438,0.510211943733826,-0.226000572712968,0.112328830459907,6,0,0,0.824565023970019
"3540","Lamp5","UQCRC1",-0.036405633718218,0.044042702764932,0.408464646262565,-0.122727744919287,0.0499164774828514,6,0,0,0.769644856022005
"3541","Lamp5","LINC00667",0.0233563598178905,0.0470067485761238,0.619278978157465,-0.0687751744216416,0.115487894057423,7,0.00120196239771813,7.32570108489376,0.877471007323414
"3542","Lamp5","RSAD1",0.00667598594104594,0.0495021442741839,0.892720541225321,-0.0903464339938602,0.103698405875952,6,7.00702795439385e-07,0.00424146370974019,0.975916378147624
"3543","Lamp5","LINC00587",0.0726299300896304,0.167990107124241,0.665489616262296,-0.256624629632907,0.401884489812168,6,0.0306491223516225,18.0162986370392,0.89627405464491
"3544","Lamp5","RAB3GAP1",0.067075439667186,0.0244775741299503,0.00613866127423311,0.019100275943574,0.115050603390798,7,1.72531462770585e-06,0.036349393395007,0.132306863477282
"3545","Lamp5","C8orf34-AS1",-0.158419158224374,0.0573961752380835,0.00577837482556647,-0.270913594541367,-0.0459247219073803,7,0,0,0.129038690598033
"3546","Lamp5","SLC2A1",-0.162748882621152,0.103737024042502,0.116680530182346,-0.366069713607821,0.0405719483655172,6,0.0200250410496596,34.0819738051482,0.473561011652999
"3547","Lamp5","OPA1",0.0677368070910943,0.0291106879040097,0.0199721474380275,0.0106809072340494,0.124792706948139,6,6.7203455421129e-07,0.0116915999787257,0.225966803416624
"3548","Lamp5","CAMSAP3",-0.113082653068193,0.0423923223884994,0.00764118108696837,-0.196170078170663,-0.0299952279657232,7,2.10112997342322e-06,0.014404422950449,0.146311626191069
"3549","Lamp5","RAB1A",-0.020961711919205,0.0286890812838563,0.464992224715511,-0.0771912779851054,0.0352678541466954,7,0.000514346671405028,8.2724086678592,0.800708976211741
"3550","Lamp5","PSD4",0.0483046972006084,0.0812591886822284,0.552209755524076,-0.110960386029504,0.207569780430721,7,0,0,0.846650829014413
"3551","Lamp5","HADH",0.0248712001119167,0.036317101697618,0.493448432887769,-0.0463090112382931,0.0960514114621264,6,1.11845180310949e-06,0.0125034664781698,0.816913908038885
"3552","Lamp5","AP3S2",0.00460297596086811,0.0797716906391005,0.953986101759591,-0.15174666467764,0.160952616599376,7,0.0128475365636291,32.222351450008,0.991631446409644
"3553","Lamp5","LINC02231",-0.01390660309059,0.154563157266008,0.928308196933916,-0.316844824668766,0.289031618487586,5,0.0304218145821606,25.9763347062313,0.984100498815061
"3554","Lamp5","CYB561A3",-0.157431840971069,0.0824657380136613,0.0562546661657582,-0.319061717436361,0.00419803549422246,6,0,0,0.350214090220282
"3555","Lamp5","ABHD17C",0.0733084637640756,0.0393433774057987,0.0624202537044516,-0.00380313898145683,0.150420066509608,7,0.000441148945598734,3.6926379441536,0.367678264177257
"3556","Lamp5","SGTA",0.0186233087883665,0.0421930650291458,0.658935624316175,-0.0640735790661156,0.101320196642849,7,0,0,0.892964921996311
"3557","Lamp5","RAB9B",0.0397618226084985,0.0736724721380843,0.589396549409439,-0.104633569434177,0.184157214651174,5,0.0032731255416097,10.3766405381397,0.862182550697374
"3558","Lamp5","CRAT",-0.0546368336464403,0.0521725770810928,0.294992223895517,-0.156893205706022,0.0476195384131415,6,0,0,0.685669064004994
"3559","Lamp5","MTMR6",-0.0132535822621284,0.0298121489518954,0.656630647871948,-0.0716843205095869,0.0451771559853302,7,5.66548711314104e-06,0.0779938652766522,0.892600776711128
"3560","Lamp5","FBLIM1",-0.0402103153038378,0.0995505264708152,0.686272533721972,-0.235325761828637,0.154905131220961,7,0.0219536740609582,35.9827130994064,0.903181005962289
"3561","Lamp5","PSMG4",-0.019578960035999,0.0366033204062033,0.592721956490741,-0.0913201497467374,0.0521622296747395,7,0.00108899106891341,11.0615476384038,0.864118234508444
"3562","Lamp5","NTN5",0.0869348349079067,0.11578067050259,0.452738159679694,-0.139991109383069,0.313860779198882,5,0,0,0.7951327390625
"3563","Lamp5","MRPL16",-0.15327092369589,0.0969554081458764,0.113914776334273,-0.343300031768189,0.0367581843764093,6,0.026747505232335,52.871916736747,0.469877796733769
"3564","Lamp5","BPGM",-0.0337264027749498,0.0825653626946082,0.682920391446476,-0.195551540026869,0.128098734476969,6,0,0,0.902529462625427
"3565","Lamp5","GCC1",-0.290649471811953,0.171962713670662,0.0909918191027796,-0.627690197290224,0.0463912536663179,5,0.087866053377123,65.9691752540977,0.431628763322972
"3566","Lamp5","PER3",-0.0396836586251392,0.0371396187369817,0.28529532166833,-0.112475973749172,0.033108656498894,7,9.75974268370529e-05,0.904660586358855,0.675078502538892
"3567","Lamp5","TRIM61",0.233862473500321,0.107024459938761,0.0288792371672569,0.0240983865555009,0.443626560445142,5,1.94249017496314e-06,0.002850408809018,0.265227822244642
"3568","Lamp5","BAIAP3",-0.00677321481700157,0.0746156637185781,0.927671610022014,-0.153017228387967,0.139470798753963,7,0.00204931795299569,4.95453626350276,0.983884112435921
"3569","Lamp5","FAM118A",0.0559160160823058,0.055976188348056,0.317831006055116,-0.0537952970717146,0.165627329236326,7,0,0,0.702317258206418
"3570","Lamp5","ARHGAP5",0.0745946987225668,0.0301148563515737,0.0132489442340481,0.015570664873885,0.133618732571249,7,1.12450710048676e-06,0.0155030360691461,0.185282376107453
"3571","Lamp5","CEP70",0.0578040242818625,0.0293760616399581,0.0490996352370026,0.000228001459915951,0.115380047103809,7,0,0,0.331180224365095
"3572","Lamp5","FANCC",-0.073675609712818,0.0899856092414699,0.412929747179711,-0.250044162952994,0.102692943527358,7,0.0278016090122457,56.6951460844406,0.771625852727355
"3573","Lamp5","YWHAZ",-3.57777033351552e-05,0.0358932184718377,0.999204683402595,-0.0703851931973649,0.0703136377906946,7,0.000576422387813655,5.80545844938334,0.999789893642205
"3574","Lamp5","DCT",0.134906993537389,0.0917183761824827,0.141322780844979,-0.0448577205007731,0.314671707575552,6,2.3696181125505e-07,0.000431019283864397,0.517318376530489
"3575","Lamp5","BNC2",-0.00592532332125589,0.0951544825501277,0.950347369279793,-0.192424682087051,0.180574035444539,5,2.33826451030491e-06,0.00454061449615163,0.990086609392547
"3576","Lamp5","MRPL35",0.0033282634653909,0.0560397805653393,0.952640612323607,-0.106507688144202,0.113164215074984,6,0,0,0.991008096970947
"3577","Lamp5","PSME1",-0.146954303603562,0.0947332667353235,0.120843494520007,-0.332628094542622,0.0387194873354984,5,0,0,0.480999259384963
"3578","Lamp5","ZKSCAN2-DT",-0.0265617633055294,0.0776816332144803,0.732402773275953,-0.178814966666161,0.125691440055102,5,4.29298117905255e-06,0.0114932251406249,0.919666801398003
"3579","Lamp5","UVRAG",0.0244531888416606,0.0313119024258817,0.434828922839364,-0.0369170122004998,0.0858233898838211,7,0.00123440832815625,18.3072536640466,0.783919327619536
"3580","Lamp5","MYOM2",-0.193085062822997,0.090600346430147,0.0330748463861021,-0.370658478812937,-0.015511646833057,5,0,0,0.283240512106319
"3581","Lamp5","EFNA2",0.254797706875107,0.119986198505611,0.0337070822455457,0.0196290791622365,0.489966334587977,5,4.58423965695302e-06,0.00503139945279452,0.285483708622154
"3582","Lamp5","TSPAN18",-0.0647107636234292,0.0512192310999087,0.206442749791018,-0.165098611895084,0.0356770846482258,7,0,0,0.595477290099081
"3583","Lamp5","ACTR6",0.0050641099793832,0.0466186650334081,0.91349725134148,-0.0863067944934334,0.0964350144521998,7,0.00155560569471686,9.7060655619461,0.980734315041589
"3584","Lamp5","ZNF534",0.0252901324986201,0.115544835647952,0.826745691446389,-0.201173583970966,0.251753848968206,7,0.044144127822558,54.4641586302131,0.954515500680704
"3585","Lamp5","TOE1",-0.0482457064512407,0.0712797884922139,0.498501294302555,-0.187951524721613,0.0914601118191311,6,0,0,0.82058871005702
"3586","Lamp5","DMAP1",-0.0579811630724913,0.0680834494147437,0.394425558303027,-0.191422271868643,0.0754599457236609,7,0.0119362468406253,45.2558818921154,0.75908083400383
"3587","Lamp5","TNNC2",0.265642666027701,0.141107139296114,0.05976001198816,-0.0109222449541601,0.542207577009562,5,0,0,0.361492151424586
"3588","Lamp5","KCNV2",0.0209583715338334,0.104963635460724,0.841736573199602,-0.184766573655576,0.226683316723243,6,1.21977160752313e-06,0.00164875773422764,0.958821007634427
"3589","Lamp5","PCP4L1",-0.154609242425586,0.0497167553972113,0.00187213085924744,-0.252052292432308,-0.0571661924188644,7,0,0,0.0752136331710811
"3590","Lamp5","SPRYD4",-0.145456942834113,0.0623376016154712,0.0196285212781384,-0.267636396883042,-0.0232774887851834,6,0,0,0.224415510465475
"3591","Lamp5","TIMM44",-0.116006282139055,0.0487964076031081,0.0174373954800261,-0.211645483616083,-0.0203670806620264,6,1.51023777763998e-06,0.00941193039228471,0.212140195875516
"3592","Lamp5","ZNF579",-0.116285805526565,0.0849556087306763,0.171067070246544,-0.282795738923368,0.0502241278702368,5,0.00129081203990872,3.42840348272951,0.561507072792513
"3593","Lamp5","MLIP",-0.121476656466646,0.105181166926724,0.248119983335009,-0.32762795549492,0.0846746425616276,5,0,0,0.639083971721596
"3594","Lamp5","LYPLAL1",0.135078410924588,0.0381283609207028,0.000396010964946464,0.0603481967304656,0.20980862511871,6,0.000985926953796997,10.8875576787784,0.0408266821534032
"3595","Lamp5","SOCS2-AS1",-0.0426581703680094,0.0702509077181154,0.543701009009404,-0.180347419376763,0.0950310786407437,5,8.33059216643729e-08,0.000298282277289897,0.842816653088886
"3596","Lamp5","LINC00639",-0.0541505208219937,0.111160340541929,0.626159934157335,-0.272020784793381,0.163719743149394,5,0,0,0.880609228439783
"3597","Lamp5","ICE1",-0.0109057159326402,0.0251486023910213,0.664541912587279,-0.0601960708805599,0.0383846390152795,7,0,0,0.895768342271333
"3598","Lamp5","NMT2",0.177479330135974,0.0435445535182795,4.58544334693472e-05,0.0921335735172694,0.262825086754679,7,0.00215112762052191,16.2073591531971,0.014365296134931
"3599","Lamp5","CLDN4",0.0541341988486267,0.0851412549252898,0.524896153152243,-0.112739594403485,0.221007992100738,6,0,0,0.833629893167023
"3600","Lamp5","RIOX2",-0.020558697123068,0.0571740338627124,0.719160483120712,-0.132617744344858,0.0915003500987217,5,0,0,0.915104576999517
"3601","Lamp5","BRD3OS",-0.0213072043389574,0.0595135269621165,0.720326190965669,-0.137951573777659,0.0953371650997444,5,0,0,0.915387356767999
"3602","Lamp5","LSM11",0.0712511091745425,0.0768000797332292,0.353538378998521,-0.0792742811123912,0.221776499461476,7,0.0113741226911681,30.2908411091506,0.73118383209935
"3603","Lamp5","GOLGA7",0.0127106614775176,0.0409513620109971,0.756268701237822,-0.0675525331818984,0.0929738561369335,7,0.000576832790673141,4.35380085523799,0.926555528105898
"3604","Lamp5","DHCR24",0.126956674063929,0.067499117585636,0.0599903936881786,-0.00533916539215196,0.25925251352001,7,7.75326999513897e-07,0.00202052690533691,0.361709369988659
"3605","Lamp5","ZC2HC1A",-0.0107485141291832,0.0305601667040044,0.725050903296027,-0.0706453402305719,0.0491483119722055,7,1.19804037961887e-06,0.0153843165946382,0.9173596860471
"3606","Lamp5","CCDC142",0.020796223210388,0.0664825661350389,0.754427169487079,-0.109507212014091,0.151099658434866,7,0,0,0.926555528105898
"3607","Lamp5","CPOX",0.0798047840233199,0.0594179168906224,0.17923643609025,-0.0366521931186942,0.196261761165334,6,0,0,0.571901958165234
"3608","Lamp5","PTPRF",0.0551028651917833,0.0610641137029675,0.36685651765535,-0.0645805984138919,0.174786328797458,7,0.00281358996121479,10.5316347683184,0.738840871444988
"3609","Lamp5","LINC01088",0.126516990653607,0.156148736526449,0.41780579087833,-0.179528909169668,0.432562890476881,5,0,0,0.773600796141458
"3610","Lamp5","CBX5",0.00931608800403827,0.0502498975680471,0.852919101189404,-0.0891719014561609,0.107804077464237,7,0.00594026427474198,38.3457862222641,0.961280464114222
"3611","Lamp5","BBOX1-AS1",0.295142314468073,0.233757518603422,0.206732857952896,-0.163014003110085,0.753298632046231,7,0.25700961943158,76.1816362881073,0.595994637532837
"3612","Lamp5","TMC2",0.040883809244431,0.0894645472909849,0.647683007283435,-0.13446348133908,0.216231099827942,5,0,0,0.888465368674306
"3613","Lamp5","PLCD1",-0.104112535450172,0.143890161423022,0.469338593716735,-0.38613206956895,0.177906998668606,5,4.98552074882816e-07,0.000405751851058835,0.804563670921739
"3614","Lamp5","PRDX4",-0.0472134284298483,0.0867987095668969,0.586481665208818,-0.217335773085518,0.122908916225822,5,0,0,0.860479719427699
"3615","Lamp5","CUL9",-0.0500569881659744,0.0404616161677101,0.21603231998775,-0.12936029861097,0.0292463222790208,7,0,0,0.607032545755052
"3616","Lamp5","CD47",0.0611212441361741,0.0290614877139787,0.035450926679563,0.00416177487962266,0.118080713392725,7,0,0,0.290275837467776
"3617","Lamp5","BRIP1",0.131459606965874,0.0712085636414486,0.0648746744926347,-0.00810661316219316,0.271025827093942,7,0.000299597649073907,0.741212404149359,0.371880205906429
"3618","Lamp5","PIP5KL1",-0.00632388442301816,0.0959749686918031,0.947464624545925,-0.194431366476311,0.181783597630275,6,0,0,0.989171902880068
"3619","Lamp5","CNOT8",0.0256793562576839,0.0509719122423541,0.614405969316501,-0.0742237559604665,0.125582468475834,7,0.0041374152602363,24.0446204326801,0.87512951866861
"3620","Lamp5","LY86-AS1",-0.122892792773186,0.130955253504977,0.348021692952417,-0.379560373229253,0.133774787682881,5,0.0224166962588586,26.3060398399052,0.727386548748283
"3621","Lamp5","MSI1",0.0272754700761835,0.0798909238644607,0.732795798187271,-0.129307863389791,0.183858803542158,6,0,0,0.919666801398003
"3622","Lamp5","CRYGS",0.0142582247667044,0.0760020650682485,0.851187777858915,-0.134703085517732,0.163219535051141,6,0.0058392276545374,16.6278674647345,0.960750454107461
"3623","Lamp5","LRRC9",0.0353172488816165,0.0832604169281445,0.671435901076842,-0.127870169635336,0.198504667398569,7,0,0,0.898591731149468
"3624","Lamp5","SHROOM3",0.0020104874219835,0.106345047848475,0.984916633588696,-0.206421976295217,0.210442951139184,6,0.0085969509356705,12.2597029189249,0.997296915565468
"3625","Lamp5","SFR1",0.223446596436622,0.0858394700426758,0.00923916832446308,0.0552043267009724,0.391688866172271,6,0,0,0.158523979902803
"3626","Lamp5","CALCB",-0.0861551614734682,0.0949447830412638,0.364182696843706,-0.272243516754315,0.0999331938073781,6,0,0,0.737658430833555
"3627","Lamp5","LEPROTL1",0.00905256364920755,0.0454017539998022,0.841959268648471,-0.0799332390253522,0.0980383663237673,7,0.00299337152720394,21.8864171702334,0.958821007634427
"3628","Lamp5","TDP1",0.0843793746008923,0.0576782921419579,0.143486198744458,-0.0286680006871249,0.197426749888909,7,0.00715576385326829,33.7375290865029,0.519863907097606
"3629","Lamp5","BAAT",-0.153082552711655,0.108362284633579,0.157746250248314,-0.365468727875948,0.059303622452639,6,0.0128623823448194,18.1393151799026,0.541471701125025
"3630","Lamp5","RANBP3L",0.0458098092310695,0.102090089902642,0.653634050323264,-0.154283090156564,0.245902708618703,5,0,0,0.891077090670597
"3631","Lamp5","LAMB1",-0.00432031727778051,0.107395057476764,0.967911140342267,-0.214810762049848,0.206170127494287,7,0.0330171453517125,48.0876567075964,0.995377876631969
"3632","Lamp5","AAR2",-0.0522438545040043,0.0527457521789891,0.321937319609393,-0.155623629112298,0.0511359201042894,7,0,0,0.706734763099365
"3633","Lamp5","CHD2",0.0171518651643037,0.0264868048855441,0.517267870916771,-0.0347613184769021,0.0690650488055096,7,0,0,0.828263804024713
"3634","Lamp5","PPM1A",0.00277723470729049,0.0332514846028883,0.933436384360285,-0.0623944775468586,0.0679489469614396,7,0,0,0.985315638798959
"3635","Lamp5","TXNDC16",-0.00967498965182454,0.0305980874297626,0.751853823064135,-0.069646139009967,0.0502961597063179,7,0,0,0.925995867149742
"3636","Lamp5","CTBP1-DT",-0.10877433523818,0.0556687512969445,0.0507063261403863,-0.217883082844509,0.000334412368148462,5,5.20437683873979e-06,0.0287060306010846,0.337074460429617
"3637","Lamp5","SNRNP35",-0.0865004004320638,0.0408490932420676,0.034212360133438,-0.166563151987635,-0.00643764887649285,7,0,0,0.287321358732995
"3638","Lamp5","HARBI1",0.0228144551753683,0.0943298316649875,0.808889942602829,-0.162068617555733,0.20769752790647,6,0,0,0.947362141179829
"3639","Lamp5","NBPF20",-0.015024378314317,0.0992778579500066,0.879710160698752,-0.209605404358613,0.179556647729979,5,5.511670913611e-06,0.0102917727380876,0.971328022509129
"3640","Lamp5","TMEM200C",0.0609987609820115,0.111224095890913,0.583395879087344,-0.156996461177207,0.27899398314123,6,0,0,0.859215679557334
"3641","Lamp5","IMP3",0.0680813960186198,0.122273667424369,0.577667336335469,-0.171570588390772,0.307733380428012,6,0.0367411814671143,44.5329179890717,0.858011784817634
"3642","Lamp5","PINK1-AS",-0.216486517632419,0.115901772665541,0.0617837137962791,-0.443649817801229,0.01067678253639,5,0.0192237056360295,29.227368709581,0.366619031354758
"3643","Lamp5","SYNJ1",-0.00246360420759672,0.0224046079570858,0.912441327359733,-0.0463758288912244,0.041448620476031,7,5.91167894598957e-07,0.0143181724858755,0.980579244598764
"3644","Lamp5","PDS5B",0.0526570799613942,0.0311787629416029,0.0912431000324854,-0.00845217248665955,0.113766332409448,7,1.16547296545357e-06,0.0152366423431087,0.431896229595888
"3645","Lamp5","CD163L1",0.0628693228751577,0.145860013638049,0.666450140404756,-0.22301105063994,0.348749696390255,7,0.0742763705739805,58.7452175993622,0.896319976282105
"3646","Lamp5","PLEKHG5",-0.0886913947861172,0.0455300218370783,0.0514178218801775,-0.177928597802113,0.000545808229878417,7,0.00318134583438279,23.0239092635593,0.338977801469153
"3647","Lamp5","SCYL2",-0.00868256273348294,0.0312860642345337,0.781379521189734,-0.0700021218511756,0.0526369963842097,7,0.00111419736106729,16.3230170512976,0.937122277643741
"3648","Lamp5","EFHD1",0.121526103471619,0.0955062020815113,0.203216116795234,-0.0656626129083475,0.308714819851585,6,0.029005056222056,61.3095541738814,0.593161131697475
"3649","Lamp5","ACTL6B",-0.0587263132625177,0.0369150918270798,0.111643706677122,-0.131078563729583,0.0136259372045477,7,0,0,0.46601992605644
"3650","Lamp5","TSR1",-0.0622919238130451,0.0496635604047684,0.209740885307723,-0.159630713550421,0.0350468659243305,7,0,0,0.599782699042338
"3651","Lamp5","ARHGAP28",0.118515815709467,0.273594136436384,0.664883190461067,-0.417718838087183,0.654750469506117,6,0.358587182968599,88.5320191997131,0.8960263775889
"3652","Lamp5","CNEP1R1",-0.0410966750398111,0.0524721998920246,0.433504661067249,-0.143940297017766,0.0617469469381436,7,0.00254923452734893,12.7607166565852,0.783353965026019
"3653","Lamp5","FAM229A",-0.0480121486730851,0.116011854838273,0.678979907052446,-0.275391205935788,0.179366908589618,5,0.0173329068736109,26.1037180071211,0.901589974244206
"3654","Lamp5","PRMT6",0.0944291378712726,0.109477538503714,0.388388513161516,-0.120142894712103,0.309001170454648,6,0.0266201922194081,41.8201035472066,0.755949089892665
"3655","Lamp5","ELOVL1",-0.136237263884392,0.124447666324962,0.273632581677664,-0.380150207841376,0.107675680072593,5,0.0356185518606242,48.5938822237793,0.663094639165792
"3656","Lamp5","BANP",0.11631390361337,0.0673696403816147,0.084256913684901,-0.0157281651860097,0.248355972412751,7,0.00823367801091134,27.236050313929,0.417064747830187
"3657","Lamp5","PPP2R3B",-0.0768647414899891,0.069961665874945,0.27191229429348,-0.213987086903306,0.060257603923328,7,6.34665722089013e-06,0.0165340883005703,0.661223251865873
"3658","Lamp5","CDK5RAP3",-0.0971471646926932,0.0761544414469208,0.202075781085667,-0.246407127191422,0.0521127978060359,5,0,0,0.592631191281858
"3659","Lamp5","FHOD1",-0.0314575478426317,0.0990213379002893,0.75072424205897,-0.22553580382817,0.162620708142906,5,0.00385924113954947,7.2828752847513,0.925975950944022
"3660","Lamp5","CLPTM1L",-0.0160365966291589,0.0440871649880718,0.716046559809285,-0.102445852186255,0.0703726589279371,7,0.000547945579842391,3.66749874839664,0.914462798800233
"3661","Lamp5","SLC27A3",-0.117796542709141,0.116432115572686,0.31167259600433,-0.345999295875411,0.110406210457128,5,0.0232917451280057,35.0784309643135,0.698312131064191
"3662","Lamp5","LMAN1L",-0.0864603139375841,0.157990672180677,0.584207343525409,-0.396116341304986,0.223195713429818,5,0.0170283969651965,12.0663331745945,0.859312277671569
"3663","Lamp5","C2orf76",-0.00350874125813292,0.0666027365257195,0.957985569428133,-0.134047706120354,0.127030223604088,7,0.00800464927262976,27.5481124188416,0.993217221014664
"3664","Lamp5","BACE2",0.166642496160685,0.0776275996254706,0.0318178623583816,0.0144951966884679,0.318789795632903,7,0,0,0.277092653723318
"3665","Lamp5","CDC42BPA",0.0369706955633856,0.0301663846317051,0.220364532662169,-0.0221543318585389,0.0960957229853102,7,0,0,0.610910425654255
"3666","Lamp5","ZNF513",-0.128541580789856,0.0831514741066001,0.122135352671762,-0.291515475300207,0.0344323137204949,6,0,0,0.483792114801566
"3667","Lamp5","CCNT2",0.0342951012139744,0.0250503340441127,0.170984377382456,-0.0148026513131842,0.083392853741133,7,3.01711048539933e-06,0.0594014739008998,0.561507072792513
"3668","Lamp5","CCDC15",0.0752400526560605,0.144510543581415,0.602607534660459,-0.207995408149819,0.35847551346194,5,0,0,0.8686316111174
"3669","Lamp5","KDM6B",0.0816704197814011,0.0511143620112867,0.110087964344584,-0.018511888853463,0.181852728416265,7,0,0,0.463734401407849
"3670","Lamp5","C11orf87",-0.0677608393942476,0.0608079293490829,0.265132426253993,-0.186942190892906,0.0514205121044111,7,3.86917995140757e-06,0.013265030504179,0.654477926053113
"3671","Lamp5","TTF1",0.0322909006592407,0.044727273969584,0.470324597275777,-0.0553729454477999,0.119954746766281,7,2.18203774948421e-06,0.0136304376096778,0.804834027168301
"3672","Lamp5","BLZF1",0.144119670532854,0.038987449798297,0.000218535703451868,0.0677056730791289,0.22053366798658,7,0.000386413905204339,3.29494284173974,0.0307466879715399
"3673","Lamp5","FBXO10",-0.0553261235805369,0.0671787342801135,0.410186183653027,-0.186994023296546,0.0763417761354718,6,0.00387839020312816,13.6394658835695,0.770505868011963
"3674","Lamp5","TSTD2",-0.0397168691445997,0.0310443840857,0.200771152740611,-0.1005627438748,0.0211290055856008,7,0,0,0.591530479336034
"3675","Lamp5","PSMC2",-0.0573828986067823,0.0416940361065458,0.168733250811852,-0.139101707745725,0.02433591053216,7,0.00271293912331094,24.0139314700779,0.556906280559273
"3676","Lamp5","HLA-DPB1",-0.15488582021352,0.104907218920293,0.139834491148446,-0.360500191015553,0.0507285505885137,5,0,0,0.514864741269786
"3677","Lamp5","SMARCD3",-0.00779199394828369,0.0376721980461203,0.83613737634244,-0.0816281453371397,0.0660441574405723,7,4.77001168959297e-07,0.00407060003573919,0.958003625387149
"3678","Lamp5","THNSL2",0.163965918880923,0.179497576650114,0.360994621121544,-0.187842866665519,0.515774704427364,5,0.0717958553483435,46.8205071100549,0.735582667233352
"3679","Lamp5","ZFPL1",-0.0218480392161314,0.113210557469389,0.846970025259581,-0.243736654525836,0.200040576093573,6,0.0287268082011566,41.6439580911563,0.959421815061179
"3680","Lamp5","EIF4G2",-0.0436096143937783,0.0454455649074643,0.337256011700775,-0.132681284869486,0.0454620560819289,7,0,0,0.718535511798503
"3681","Lamp5","ZSCAN22",-0.00241387382395451,0.0893777405996334,0.978453711969528,-0.177591026418799,0.17276327877089,6,0,0,0.997093441046833
"3682","Lamp5","MKX",0.148732073903037,0.0930285738128673,0.109869851307186,-0.0336005803033088,0.331064728109383,7,0.0100448456497833,16.6092963464322,0.463734401407849
"3683","Lamp5","ATG13",0.0131922573853722,0.0286668686712634,0.64537856899797,-0.0429937727598437,0.0693782875305881,7,4.32448974159067e-06,0.0647946433233844,0.88705623514573
"3684","Lamp5","RHPN1",-0.0706586230724256,0.0738220876702394,0.338492835924453,-0.215347256169653,0.074030010024802,6,0,0,0.719260025788051
"3685","Lamp5","MDM1",0.0294407212336271,0.0442327497605371,0.505675435719974,-0.0572538752341984,0.116135317701453,7,3.89181300112827e-07,0.00237687877587629,0.822824639047686
"3686","Lamp5","DVL3",-0.00117425470796011,0.0413580958519364,0.977349202896015,-0.0822346330469109,0.0798861236309907,7,0,0,0.997093441046833
"3687","Lamp5","PLD1",-0.456752134887272,0.114863683149477,6.99454477290453e-05,-0.681880816991867,-0.231623452782676,6,0.0157018539724757,19.8928356241209,0.0175379526120603
"3688","Lamp5","CNKSR1",-0.0113221559689204,0.129645894333399,0.930408104889193,-0.265423439605868,0.242779127668027,5,8.87055971077931e-07,0.000884707926357599,0.984877831080086
"3689","Lamp5","TIPIN",0.0125634971200087,0.0459593290056801,0.78457557868533,-0.0775151324847513,0.102642126724769,7,0,0,0.938006965913192
"3690","Lamp5","ASCL1",-0.223524243287675,0.069751599150558,0.0013526196111057,-0.360234865486844,-0.0868136210885071,7,0,0,0.0651906254015585
"3691","Lamp5","DOLK",-0.176943609037821,0.111917612737249,0.113874231058954,-0.396298099238531,0.0424108811628887,5,0,0,0.469877796733769
"3692","Lamp5","MTREX",0.002885662878221,0.0407867277539533,0.943596689389122,-0.0770548545667678,0.0828261803232097,5,0.00390299213245308,54.3954970206376,0.988056145057436
"3693","Lamp5","CGRRF1",-0.0142551563079919,0.0452136098343512,0.752545552822165,-0.102872203194366,0.0743618905783825,7,0,0,0.926398573849064
"3694","Lamp5","MAN2B2",-0.0696850514000731,0.0454914249236293,0.125564814360598,-0.158846605855794,0.0194765030556482,7,0,0,0.487700427066708
"3695","Lamp5","TNFAIP1",0.033608245231527,0.0555942287422837,0.545492930457212,-0.0753544408516307,0.142570931314685,7,0,0,0.843410767063583
"3696","Lamp5","GLB1L3",-0.170788435054638,0.0864597424993095,0.0482282031011515,-0.340246416465892,-0.00133045364338422,6,5.86465893851122e-06,0.0114650816305409,0.328369581480014
"3697","Lamp5","EMID1",0.0172132803172457,0.0883554376011679,0.845534981309214,-0.155960195219319,0.190386755853811,6,2.13162374255521e-07,0.000400288103747859,0.959421815061179
"3698","Lamp5","IMMP2L",0.0885485227548594,0.0596544555422524,0.137714173350861,-0.0283720616253011,0.20546910713502,6,0.0103889196704549,51.5134043606556,0.510858633420544
"3699","Lamp5","CD2BP2",-0.118115778547358,0.0568844303628873,0.0378554322944378,-0.229607213339694,-0.00662434375502265,7,0.000424213856580607,1.69145059891716,0.298239726600151
"3700","Lamp5","LINC00845",0.167840995485453,0.148490046271945,0.25834218626882,-0.123194147270245,0.45887613824115,6,0.0487266031197905,40.48767460034,0.649740106327827
"3701","Lamp5","CHODL",-0.0908301173786408,0.12091304516851,0.452531116553382,-0.327815331169985,0.146155096412704,5,0.000634185595228146,0.826290992225037,0.7951327390625
"3702","Lamp5","TXK",0.248081285201362,0.158115256775109,0.116650227177371,-0.0618189234841551,0.557981493886879,5,0.00878413353988817,6.20520521682774,0.473561011652999
"3703","Lamp5","SLC5A11",-0.215668184368091,0.0769824773447426,0.00508620082536106,-0.366551067404458,-0.0647853013317252,6,0,0,0.121269453919904
"3704","Lamp5","DAAM2",-0.270428996104479,0.071812350833334,0.000166034738095337,-0.411178617382969,-0.12967937482599,7,0.00094437636135089,2.35367304739786,0.0264747924384285
"3705","Lamp5","TMEM51-AS1",0.18603019973917,0.112581307070176,0.0984515011739684,-0.0346251074508185,0.406685506929159,6,0.00866441199952173,10.569174266172,0.44440007470944
"3706","Lamp5","TMEM143",-0.156540180134617,0.0720508090699548,0.0298077256961519,-0.2977571709687,-0.0153231893005333,6,0.00445657144024792,13.9730688704092,0.268628931123045
"3707","Lamp5","PLCXD2",0.264631413371042,0.128432859220543,0.0393541069404235,0.012907634867275,0.516355191874809,7,0.0587769462478352,60.7221699384409,0.304618618058592
"3708","Lamp5","EPHX2",0.0237010966637743,0.117262267396225,0.839822598272577,-0.206128724178331,0.25353091750588,5,0.00866086201988344,12.3077263160952,0.958356578693386
"3709","Lamp5","SAP30L",0.0479494960406065,0.0769394487489487,0.533146000084451,-0.102849052497698,0.198748044578911,7,0,0,0.837186823533913
"3710","Lamp5","TBKBP1",-0.0533132605561485,0.0460655076217404,0.247135197424299,-0.143599996424315,0.0369734753120179,7,0.000567704148065231,3.41359687707767,0.63819872917675
"3711","Lamp5","WDFY3-AS2",0.0601201948421873,0.0724459357479578,0.406616298919175,-0.0818712300501128,0.202111619734487,5,0,0,0.767676190697228
"3712","Lamp5","ADORA1",0.0806926758602249,0.0663115291162323,0.223652732167338,-0.0492755329673696,0.210660884687819,7,0,0,0.614441310358189
"3713","Lamp5","ZBTB4",-0.0109481498086446,0.0302046814776065,0.717004328008183,-0.0701482376692574,0.0482519380519681,7,0,0,0.914462798800233
"3714","Lamp5","DUSP6",-0.363373747497921,0.116851539519936,0.00187274654738383,-0.592398556495055,-0.134348938500788,5,0,0,0.0752136331710811
"3715","Lamp5","ERAL1",0.0196344967514039,0.0579811641166382,0.734884124761413,-0.0940064966989132,0.133275490201721,6,0,0,0.92078041257867
"3716","Lamp5","SPINT2",-0.136012864308075,0.0548974162345145,0.0132275915322222,-0.243609822972028,-0.0284159056441226,7,0,0,0.185282376107453
"3717","Lamp5","STPG1",-0.051709684695049,0.0839320669899515,0.537835298251874,-0.216213513143357,0.112794143753259,7,2.11914170545378e-06,0.00383568574045203,0.839248783091326
"3718","Lamp5","CCDC159",-0.0400590736885419,0.0797152121133293,0.615296624048876,-0.196298018450638,0.116179871073555,6,0.00474617895275336,11.9663065732055,0.875586673414386
"3719","Lamp5","CCDC66",0.0102849429103465,0.0280974805781384,0.714331480320726,-0.0447851070791183,0.0653549928998114,7,0.00104986688501769,19.5075962187767,0.91414776398771
"3720","Lamp5","DNASE1L2",-0.170851261874003,0.0946942075167496,0.0711933852173282,-0.356448498151394,0.0147459744033885,5,0,0,0.386804505912428
"3721","Lamp5","RPL41",-0.12934917377492,0.0888627120978622,0.145501329179183,-0.303516889055281,0.044818541505442,7,0,0,0.522269692067356
"3722","Lamp5","MOG",-0.22143442814319,0.0954854389629445,0.0203929380931915,-0.408582449558559,-0.0342864067278212,5,0,0,0.228351260914304
"3723","Lamp5","TTC8",-0.00535143698599731,0.0366653491425208,0.883958076401923,-0.0772142007859247,0.06651132681393,7,0,0,0.973192565272888
"3724","Lamp5","GSTP1",0.00415198192234563,0.084836253916418,0.960966213083501,-0.162124020337129,0.17042798418182,6,0.00281381735698531,5.94395877854849,0.99402737661308
"3725","Lamp5","ABHD3",0.257665884549062,0.0704490226960484,0.000254707225389329,0.119588337318763,0.395743431779362,7,0,0,0.0320924146154616
"3726","Lamp5","NOLC1",-0.000341093648256763,0.0754962626080658,0.996395153608345,-0.148311049327444,0.14762886203093,7,0.0116829004113793,32.7236120332972,0.999418218011508
"3727","Lamp5","MALSU1",0.0871478159418197,0.0365191524863325,0.0170161212953094,0.0155715923226818,0.158724039560958,6,0,0,0.208269241565177
"3728","Lamp5","RTKN2",0.0361301153441163,0.143310668663483,0.800955702699227,-0.244753633836663,0.317013864524896,5,0,0,0.944637992956614
"3729","Lamp5","NPIPB2",-0.150967834631562,0.103225541443762,0.143602970321766,-0.353286178145983,0.0513505088828593,5,0,0,0.520093253203512
"3730","Lamp5","PARK7",-0.130684856367924,0.0544937788032897,0.0164776198478369,-0.237490700203864,-0.0238790125319843,6,0,0,0.206238639985863
"3731","Lamp5","TNFRSF14",-0.0493351063404836,0.092711227446481,0.594630874531491,-0.231045773098088,0.13237556041712,5,0,0,0.865167075981126
"3732","Lamp5","TRAF4",-0.177017898622855,0.0889688299944931,0.046628183346904,-0.351393601158728,-0.00264219608698127,6,0,0,0.324707375682782
"3733","Lamp5","EYA1",-0.154182499442327,0.115026854986805,0.18011391477761,-0.379630992471376,0.0712659935867218,6,0,0,0.572750900978019
"3734","Lamp5","C1orf226",-0.0928848656175078,0.0906455003056734,0.305502568551006,-0.270546781577242,0.0847770503422265,6,0.00133032342427132,2.46420838950687,0.694917462426493
"3735","Lamp5","MT3",0.0509249736069457,0.0798661616268679,0.523715271726282,-0.10560982676517,0.207459773979062,6,0.00914157154099055,24.4594845614791,0.832528370939067
"3736","Lamp5","FPGS",-0.0995383324612147,0.0621269943243041,0.109116862185899,-0.221305003804575,0.0222283388821456,6,0.00641354995765355,29.006441019275,0.463734401407849
"3737","Lamp5","HNRNPUL1",0.00714066373877569,0.0453332011343581,0.874838907861538,-0.0817107777884765,0.0959921052660279,7,0.00232345858515309,16.2605915068304,0.969866439669418
"3738","Lamp5","CCNYL1",0.0226155235308516,0.0629601214889293,0.71944253139472,-0.100784047049716,0.146015094111419,7,0.0108047938673399,45.0783875763655,0.915104576999517
"3739","Lamp5","BACE1-AS",-0.0455089240862596,0.0749743791283723,0.543855550759659,-0.192456006941121,0.101438158768602,6,0.0036819674576786,10.180811777965,0.84291971637309
"3740","Lamp5","ETV6",0.0785237758474834,0.0628969793974476,0.211866064213007,-0.0447520385078718,0.201799590202838,7,0.0119291450007871,48.6873154007239,0.60179542163244
"3741","Lamp5","NLRC5",0.279950383598159,0.129006527207301,0.0300031938651217,0.0271022365012635,0.532798530695055,6,0,0,0.269410856803269
"3742","Lamp5","CHN1",0.0274651940635677,0.0357146928885063,0.441883416702963,-0.0425343177168134,0.0974647058439487,7,0,0,0.789357146008086
"3743","Lamp5","ZNF518A",0.0976610499993686,0.0328591276740866,0.00295757530725725,0.0332583431947556,0.162063756803982,7,1.34792485378034e-06,0.0160106972772683,0.0904594452672365
"3744","Lamp5","TRMT112",-0.100923466988411,0.115084052709202,0.380511403743421,-0.326484065493356,0.124637131516534,6,0.0284467910071675,37.3166307445301,0.750909449466842
"3745","Lamp5","UQCRFS1",0.00353911563672286,0.0716128705219635,0.960584505638819,-0.136819531415856,0.143897762689301,6,0.00508533152785151,16.1202601761947,0.99402737661308
"3746","Lamp5","WDR97",-0.261784514673234,0.142345843012923,0.0659043276223006,-0.540777240327556,0.0172082109810874,6,0.0509408621944571,46.5170955663523,0.373672580884055
"3747","Lamp5","PDGFA",-0.0176336372897491,0.0805946647716725,0.826810441638215,-0.175596277588306,0.140329003008808,7,0.00781178669311144,17.3310133287275,0.954515500680704
"3748","Lamp5","ZNF20",-0.0029382567914616,0.0992362733749006,0.976379128817783,-0.197437778566238,0.191561264983315,6,0,0,0.997093441046833
"3749","Lamp5","F11R",0.000474084080741087,0.140996704866615,0.997317216340941,-0.275874379396648,0.27682254755813,5,0,0,0.999491564254049
"3750","Lamp5","PKIB",-0.0377498077685002,0.125801588059027,0.764120577260105,-0.284316389562137,0.208816774025137,5,0,0,0.929520698143993
"3751","Lamp5","PTPN22",-0.00890719023873014,0.0907988939714258,0.921854472681608,-0.186869752258796,0.169055371781336,6,0.00354960633133771,6.47069387832963,0.982375103729229
"3752","Lamp5","PLA2G6",-0.0382685039255589,0.0488139469090125,0.433059709525117,-0.133942081810474,0.0574050739593558,7,0,0,0.783353965026019
"3753","Lamp5","DCAF13",-0.0581903410451844,0.0575231281081229,0.311729806155654,-0.170933600415189,0.0545529183248201,7,0,0,0.698312131064191
"3754","Lamp5","FEM1A",-0.0198736509647208,0.0718286899657382,0.78202487849827,-0.160655296354261,0.12090799442482,7,1.62083661653098e-07,0.000396076891136069,0.937343620161761
"3755","Lamp5","ZNF600",0.218049353288783,0.146642812226629,0.137030135978373,-0.0693652772670807,0.505463983844646,5,1.82383077198027e-06,0.00141671404028161,0.509718008138526
"3756","Lamp5","SPATA2",0.0926472095488153,0.056501674143112,0.101062351397224,-0.0180940368379023,0.203388455935533,7,0,0,0.450734624382296
"3757","Lamp5","TRUB1",0.00402266363230928,0.0488704047384051,0.93439791450949,-0.0917615695648603,0.0998068968294789,7,0.00386329558100952,24.6978038756925,0.985315638798959
"3758","Lamp5","SUSD4",0.046936895902978,0.0350431113430929,0.180439072828655,-0.0217463402357111,0.115620132041667,7,0,0,0.572750900978019
"3759","Lamp5","USB1",-0.126877865494013,0.125165987363414,0.310736967509959,-0.3721986928157,0.118442961827674,6,0.0296888968975869,34.2445437789393,0.697490350470512
"3760","Lamp5","SPOUT1",-0.00101929825634192,0.0915082970453547,0.991112658083882,-0.18037226475183,0.178333668239146,5,0,0,0.998654866216999
"3761","Lamp5","NLGN3",-0.0735903063286766,0.0428096189466858,0.0856119417290302,-0.157495617656064,0.010315004998711,7,0.000167161189697125,1.14976391756042,0.419775814324507
"3762","Lamp5","KCNH3",-0.034517024425823,0.0681727069877029,0.612633884227077,-0.168133074850323,0.0990990259986767,7,0.0101107745692631,35.1191466696298,0.874313927474719
"3763","Lamp5","ENDOD1",0.00204361377278066,0.0395872819133705,0.958829102112493,-0.0755460330232593,0.0796332605688206,7,0,0,0.993384495552569
"3764","Lamp5","CEP164",-0.0176227101661148,0.0317012655168052,0.578279721467529,-0.0797560488433945,0.044510628511165,7,0,0,0.85823582647177
"3765","Lamp5","PANX1",-0.0302026226016746,0.0836553936217839,0.718072411084631,-0.194164181212893,0.133758936009544,7,0.00952288796330613,19.9202926804746,0.914812789184011
"3766","Lamp5","RSL1D1",-0.0562107114629572,0.0430571889353519,0.191726193283202,-0.140601251051783,0.0281798281258689,7,0,0,0.586077011394669
"3767","Lamp5","MYRF",-0.17580283141136,0.100493931186098,0.0802240525907981,-0.372767317200959,0.0211616543782391,5,0,0,0.40823283472176
"3768","Lamp5","CCDC61",-0.0217884620284816,0.0800765085496547,0.785548547326774,-0.178735534793519,0.135158610736555,7,0.0159777498180602,41.2905451878203,0.938430753353973
"3769","Lamp5","ARPC2",0.0233568009205549,0.0351576241161113,0.50646935971888,-0.0455508761290201,0.0922644779701299,7,0.00145587192659971,16.9472037487521,0.822824639047686
"3770","Lamp5","AQP4-AS1",0.10281405806178,0.107289445757995,0.337918165575537,-0.107469391545153,0.313097507668713,7,0.035119649373487,49.8087373043677,0.718720551465997
"3771","Lamp5","P2RY11",-0.0428536287444827,0.0775782776840595,0.580679732973028,-0.194904258987887,0.109197001498921,7,0,0,0.858378677238391
"3772","Lamp5","ZNF385A",-0.0344029151240065,0.0740198278259817,0.642089209528132,-0.179479111804786,0.110673281556773,7,0.0133476487312057,39.7719143499436,0.886703736972112
"3773","Lamp5","BEAN1",-0.130569348400432,0.0642666567112848,0.042185955847619,-0.25652968096135,-0.00460901583951456,7,0,0,0.31114492884268
"3774","Lamp5","SCRN2",-0.0821512609800054,0.0862994466807255,0.3411311396577,-0.251295068359962,0.0869925463999513,7,0.0189657759154233,40.7726765992648,0.721944168020677
"3775","Lamp5","NDFIP2",0.0224176579054107,0.0344995298923511,0.515823977238637,-0.0452001781671603,0.0900354939779818,7,2.44554237502292e-06,0.0253120602554489,0.827662318727855
"3776","Lamp5","SDF2L1",0.0404652519155561,0.0892600499328509,0.650303120200815,-0.134481231211078,0.215411735042191,5,0,0,0.889738157224085
"3777","Lamp5","CRISPLD2",0.265876074076417,0.154225333490465,0.084717677129361,-0.0364000250685743,0.568152173221408,6,0.0594711620594099,46.4360360729461,0.41778915496496
"3778","Lamp5","RPS3A",-0.0975671459892387,0.0838546117583448,0.24461555114596,-0.261919164973183,0.066784872994706,7,0,0,0.636500734585407
"3779","Lamp5","RPS5",-0.0891077764993951,0.0891322285245209,0.317443287799125,-0.26380373426925,0.0855881812704595,7,0.0128606354451068,24.5398242087451,0.701947766322472
"3780","Lamp5","CCND2-AS1",0.106127314919233,0.0788333671167498,0.17823051586004,-0.0483832454096203,0.260637875248087,5,0.00991425736432307,34.7369791393985,0.570671683847449
"3781","Lamp5","CRACR2A",-0.0122277969510295,0.0861582050655464,0.887141138417622,-0.181094775852117,0.156639181950058,6,0,0,0.974011298943957
"3782","Lamp5","LRBA",0.0662242211973152,0.0316802216674577,0.0365822063803811,0.00413212770685269,0.128316314687778,7,0.000805145195243576,11.1177571324287,0.29202777480579
"3783","Lamp5","MOGS",-0.00756665566958977,0.0733816290959061,0.917872684568194,-0.151392005824442,0.136258694485263,7,0.00954674399340582,27.5593852332984,0.982003885735465
"3784","Lamp5","WWTR1",0.146497816732857,0.0725350498689139,0.0434162658231148,0.00433173137296874,0.288663902092745,7,0.00253159290902673,6.35784084166963,0.314104732594452
"3785","Lamp5","AURKA",0.0790517324958311,0.106961690919605,0.459867015363158,-0.130589329432099,0.288692794423761,5,0,0,0.799114769561592
"3786","Lamp5","ETFB",-0.0755464924650349,0.0776670431636571,0.330703964203246,-0.227771099851521,0.0766781149214508,5,0,0,0.712977953471539
"3787","Lamp5","FAM47E",0.166296358461048,0.0964813428487384,0.0847779891154549,-0.0228035987025401,0.355396315624637,5,0,0,0.417887302552833
"3788","Lamp5","PCA3",-0.00748652061668675,0.103041513129725,0.942080353753456,-0.20944417526346,0.194471134030086,6,0.0160092116430817,26.4181644868949,0.987324146208743
"3789","Lamp5","KLRG1",0.111295061888994,0.118993217988932,0.349630662415976,-0.121927359773835,0.344517483551824,7,0.0550509046624609,63.4609774569825,0.728618713638442
"3790","Lamp5","OXA1L",-0.0370501841312251,0.0549213033373822,0.499926775220036,-0.144693960656494,0.0705935923940434,6,0,0,0.821578164745969
"3791","Lamp5","LIN7C",0.107670042552289,0.0590197753871959,0.0681060486382116,-0.00800659158225854,0.223346676686836,7,0.00471960990007443,20.1748786621117,0.379638245752953
"3792","Lamp5","DYNLT3",0.00951571632181021,0.0743480286363876,0.898157822032447,-0.136203742127062,0.155235174770683,7,0.0107853037279555,31.5071709019161,0.977171524170855
"3793","Lamp5","ZZEF1",-0.0534464698435921,0.0282295468564849,0.058320486295537,-0.108775364982188,0.00188242529500412,7,1.81129560405592e-06,0.027477418491671,0.356936896421866
"3794","Lamp5","C1orf54",-0.128544060130865,0.103115227002651,0.212542002561275,-0.330646191313732,0.0735580710520031,6,0,0,0.602605454867305
"3795","Lamp5","UROD",-0.0879477159914595,0.0674887590102737,0.192524872908802,-0.220223253012899,0.0443278210299799,6,0,0,0.586394889510848
"3796","Lamp5","ETV4",0.0604897265369054,0.0946954172955169,0.522964769979526,-0.125109880863299,0.24608933393711,7,0.0126000605555774,21.081703111393,0.831999597196191
"3797","Lamp5","CLDN16",-0.0414587816533454,0.117007002204737,0.723093569219451,-0.270788291913628,0.187870728606937,5,0,0,0.916259482315301
"3798","Lamp5","NIPSNAP1",-0.0152089247025265,0.0409135339762328,0.710091398086188,-0.0953979777761986,0.0649801283711455,6,5.14515479069524e-07,0.00449058989660425,0.912429679780028
"3799","Lamp5","PTPRS",-0.0647231766713622,0.0322379819054386,0.0446785436367458,-0.127908460140276,-0.0015378932024486,7,7.06764698919622e-08,0.000829980798559016,0.318611033602768
"3800","Lamp5","C10orf90",-0.0288847037711393,0.0774944648367533,0.70934756293839,-0.180771063852381,0.123001656310103,6,0,0,0.912274097920567
"3801","Lamp5","NECAP2",-0.0228414223204518,0.0558674011439891,0.682649279544994,-0.132339516472522,0.0866566718316187,7,0,0,0.902529462625427
"3802","Lamp5","ZNF776",0.0656585945026302,0.0539071572212984,0.223226249650843,-0.0399974921600529,0.171314681165313,6,0,0,0.613992971862888
"3803","Lamp5","PHF14",0.091981467781414,0.0329869026274315,0.00529651889493287,0.0273283266701186,0.156634608892709,7,0.00163139899436872,22.1216570450771,0.124198175420592
"3804","Lamp5","ZNF256",-0.118293685226722,0.0988202432146273,0.231283465581823,-0.311977802870881,0.0753904324174356,5,5.93872832161336e-06,0.0107766308115963,0.622328019279452
"3805","Lamp5","HLA-A",0.0431852071476981,0.0976491741616361,0.658309346400517,-0.148203657329188,0.234574071624584,7,0.0170269257801726,27.0532524790454,0.892964921996311
"3806","Lamp5","MANBA",0.026541108279858,0.0367634729780707,0.470329918953383,-0.045513974703772,0.0985961912634881,7,0,0,0.804834027168301
"3807","Lamp5","SNX8",-0.0850727807908907,0.0722292477103346,0.238869873785627,-0.226639504933569,0.0564939433517873,7,0.0132791271448172,42.9336805531718,0.629355545406986
"3808","Lamp5","ANKRD18A",-0.0637230934223668,0.131979257151534,0.629218875955181,-0.322397684145725,0.194951497300991,6,0.0185024306338896,17.4776470115989,0.88191549991279
"3809","Lamp5","ZBBX",0.0418991134461819,0.148759017457053,0.778206040044154,-0.249663203145207,0.333461430037571,5,0.0423403788860397,39.4294981353853,0.935427282429193
"3810","Lamp5","CAT",-0.098255850042894,0.128466032998698,0.444367338581022,-0.350044647957075,0.153532947871287,5,0.0210298678503137,25.6186144164519,0.789850772988927
"3811","Lamp5","UACA",0.0767756904845984,0.116712826696772,0.51065567990318,-0.151977246374939,0.305528627344136,5,3.92743526287213e-06,0.0051710026142692,0.824565023970019
"3812","Lamp5","IQGAP1",-0.00943611442796259,0.0343907625933129,0.783793125317815,-0.0768407705117231,0.0579685416557979,7,0.000632639753774721,7.05602230173082,0.937900939131054
"3813","Lamp5","SSUH2",0.150255067275467,0.234854982155209,0.522316891595583,-0.310052239338539,0.610562373889474,5,0.160486713188201,66.116089152967,0.831981739752627
"3814","Lamp5","SH3D19",-0.095999266562774,0.0628576955442922,0.12669944647966,-0.21919808598077,0.0271995528552225,7,5.77702549868463e-06,0.0180863568190295,0.490218958413481
"3815","Lamp5","RPP38",0.0480752091752885,0.0876443585240975,0.583330783403623,-0.123704576980059,0.219854995330636,7,0.0226048667019025,48.8829890203361,0.859215679557334
"3816","Lamp5","VPS11",-0.0435163267514462,0.0736081489436705,0.554393803293856,-0.1877856476497,0.100752994146808,7,0.0133860602998368,40.8645357324289,0.848540024302249
"3817","Lamp5","CLEC2D",-0.00383561610520202,0.101580530479807,0.969879545026064,-0.202929797376098,0.195258565165694,6,0,0,0.995855798622175
"3818","Lamp5","TDRD9",0.12672799272151,0.105113915491452,0.227962011160762,-0.0792914959157219,0.332747481358743,6,2.73696754370497e-06,0.00349719084377095,0.619449600425256
"3819","Lamp5","DEPDC1B",-0.100399145668713,0.110546481423585,0.363768592088068,-0.317066267876565,0.116267976539139,6,0.00458689049015627,5.63636558222723,0.737658430833555
"3820","Lamp5","ATRIP",0.000128297591363433,0.0667240315142302,0.998465821055237,-0.130648401079843,0.13090499626257,7,0,0,0.999773769742565
"3821","Lamp5","LRFN3",-0.175498425642041,0.0670579047028754,0.00886757728729623,-0.306929503738396,-0.044067347545686,7,1.77020164306624e-06,0.00478827081502371,0.156181674195546
"3822","Lamp5","B3GNT4",-0.12635273827656,0.0889367724337749,0.155403123719311,-0.300665609147993,0.0479601325948737,6,0,0,0.537595012021763
"3823","Lamp5","CENPQ",0.0168655608649085,0.0819304817679935,0.836906450902352,-0.143715232636374,0.177446354366191,7,0,0,0.958081489492012
"3824","Lamp5","STOX1",-0.030918059444487,0.0457750229962873,0.499399340899887,-0.120635455908703,0.0587993370197288,7,7.10637744287569e-06,0.0413791182319785,0.821123581285857
"3825","Lamp5","API5",0.0512753177006872,0.0317366368431978,0.106169868069414,-0.0109273475024075,0.113477982903782,7,0,0,0.459697846575712
"3826","Lamp5","GNPNAT1",0.0956422771472686,0.0479238683851652,0.0459651939561155,0.0017132211125072,0.18957133318203,7,0.000881361641693439,5.04940585123059,0.322592578944358
"3827","Lamp5","ITPRID2",0.00776833264026563,0.033817762043965,0.818315870949482,-0.0585132630036514,0.0740499282841827,5,0,0,0.950766491857074
"3828","Lamp5","IGF2BP3",0.137192185636723,0.0613155576264206,0.0252551428961225,0.017015900996948,0.257368470276497,7,0,0,0.250545956095864
"3829","Lamp5","CDC42EP4",0.137590902691139,0.0960447682880958,0.151980614393441,-0.0506533840570236,0.325835189439301,5,0.0158415587910039,35.5849732668676,0.532065622813571
"3830","Lamp5","MRPL18",0.000711854613217638,0.106116676304335,0.994647650441281,-0.207273009102375,0.20869671832881,6,0.0358435101767053,61.5447455715741,0.998808560940909
"3831","Lamp5","GPR68",0.0383346457253503,0.0919784884799604,0.676840515222507,-0.141939879047804,0.218609170498505,5,0,0,0.900972364375106
"3832","Lamp5","CTH",0.0343107376654679,0.0628933877730166,0.585383501506068,-0.0889580372353565,0.157579512566292,6,0,0,0.859919087889826
"3833","Lamp5","GALK1",-0.243043540095597,0.104047493892172,0.0194969554486882,-0.446972880805905,-0.0391141993852896,5,0,0,0.224412021377153
"3834","Lamp5","CTC1",-0.0255344559381704,0.046435357614574,0.582393093158666,-0.116546084471973,0.0654771725956324,7,0,0,0.85876887013484
"3835","Lamp5","KIF17",0.00303722855035647,0.0920383586117522,0.973674910681771,-0.17735463952486,0.183429096625573,6,0,0,0.996762391443529
"3836","Lamp5","LINC00654",0.121144761810417,0.0852461347397619,0.15528264445781,-0.0459345921007651,0.288224115721599,5,0,0,0.537333664661734
"3837","Lamp5","SVOPL",-0.228050917350562,0.102740173785428,0.0264400951590668,-0.429417957735388,-0.0266838769657366,6,0,0,0.253318024650246
"3838","Lamp5","ZNF613",-0.184087639784601,0.08059478416066,0.0223648575548624,-0.342050514081274,-0.0261247654879285,7,0,0,0.236220996879728
"3839","Lamp5","NPIPB11",-0.0307156520125302,0.0871651722828648,0.724549955978019,-0.201556250393174,0.140124946368114,7,3.90204830442665e-06,0.0064317276406887,0.916919886089008
"3840","Lamp5","FAM133B",0.00894866249088997,0.0303617106132144,0.76819623062488,-0.0505591968200378,0.0684565218018178,7,0,0,0.931730093513482
"3841","Lamp5","KLHDC3",-0.0566356229260355,0.0404770767624208,0.161752297281736,-0.135969235579843,0.0226979897277725,7,2.82365592133177e-06,0.0213666793466578,0.54659387487773
"3842","Lamp5","DNAJC30",0.0925878668544472,0.0663861203466433,0.163110211224635,-0.0375265380983153,0.22270227180721,6,0,0,0.549319914400286
"3843","Lamp5","EFEMP2",-0.179070008299777,0.0831131182110446,0.0311983475509635,-0.341968726636245,-0.0161712899633099,5,0,0,0.274743032667137
"3844","Lamp5","NPY5R",-0.0364090642012704,0.0751920854781689,0.62823396702162,-0.183782843660939,0.110964715258398,6,6.28974062775347e-06,0.0163967740247621,0.88191549991279
"3845","Lamp5","MBD4",0.0583563425625231,0.0566660373025923,0.30309016847987,-0.0527070496971611,0.169419734822207,7,0.00472608579520925,22.047404591967,0.692703589672029
"3846","Lamp5","POLR2K",-0.0343428841922769,0.103903053997366,0.741000926238017,-0.237989127910835,0.169303359526282,5,0.0141114245448158,26.464027211669,0.923036460325539
"3847","Lamp5","LINC00877",0.0208042049142536,0.0878150140162141,0.812727054156192,-0.151310059859406,0.192918469687913,6,0,0,0.948815753829332
"3848","Lamp5","DTX2",0.0912695530336378,0.0912997120644153,0.317470394628631,-0.0876745944114933,0.270213700478769,6,3.3970131238e-06,0.00626960993785687,0.701947766322472
"3849","Lamp5","GPC6",-0.214371607106747,0.0995285394889463,0.0312503116631904,-0.409443959938954,-0.0192992542745398,7,0.0218994969069446,34.0350658232759,0.274998143620379
"3850","Lamp5","DGUOK-AS1",-0.000493029453059391,0.146705509710677,0.997318574817591,-0.288030544819578,0.28704448591346,5,0.0217272816379415,19.6439270882013,0.999491564254049
"3851","Lamp5","RADX",0.175947895293271,0.0938603362783947,0.0608517206344642,-0.00801498338920076,0.359910773975743,5,0.00737878887202843,16.3035822847805,0.363862863533779
"3852","Lamp5","CFL1",0.0296777516535534,0.0474821587303379,0.531951672957364,-0.063385569366123,0.12274107267323,7,0,0,0.836835209457292
"3853","Lamp5","PKD2L2",-0.000527300570648015,0.0971608073032646,0.99566982890923,-0.190958983593883,0.189904382452587,7,0,0,0.999031811939882
"3854","Lamp5","TMEM47",-0.107186361497989,0.0935708404781853,0.251997831426537,-0.290581838838374,0.0762091158423973,6,0,0,0.642293705462481
"3855","Lamp5","AAAS",-0.0210359339759465,0.0596110261361464,0.724173436422745,-0.137871398284269,0.0957995303323762,7,0,0,0.916734426397757
"3856","Lamp5","WDR24",-0.149067263006758,0.0812697888276732,0.0666202648460563,-0.308353122140173,0.0102185961266573,5,0,0,0.375453226811493
"3857","Lamp5","TSNARE1",0.0229936308417775,0.0400922296266851,0.566293753561639,-0.055585695286435,0.10157295696999,7,0,0,0.853477723042833
"3858","Lamp5","SAP30L-AS1",0.181529357569515,0.0922505015054451,0.0490925256731252,0.00072169706308442,0.362337018075945,6,0,0,0.331180224365095
"3859","Lamp5","CYB5R3",-0.0658927852791249,0.0381385083591724,0.0840378641028309,-0.140642888087183,0.0088573175289328,6,0,0,0.41684314259882
"3860","Lamp5","IER5",0.00130432259142149,0.119043303004657,0.99125798755949,-0.232016263898395,0.234624909081238,5,0,0,0.998654866216999
"3861","Lamp5","LINC01117",-0.0840677538816596,0.0993715303360937,0.397555892440118,-0.278832374429033,0.110696866665713,5,1.39169961533564e-06,0.00233027675721485,0.762040538177813
"3862","Lamp5","ZNF559-ZNF177",-0.0740808155313391,0.0636472885254774,0.244453482391515,-0.198827208754904,0.0506655776922261,5,0,0,0.636425355205449
"3863","Lamp5","HECTD3",-0.00962814896948687,0.0598205383447525,0.872132342574322,-0.126874249660999,0.107617951722025,7,7.29157376491857e-06,0.0248848688655193,0.968577940382375
"3864","Lamp5","IGFBP3",0.140251887997333,0.0774597099637418,0.0701961187113258,-0.0115663537845196,0.292070129779185,7,0.0111065143754114,29.4956937873628,0.385313666944408
"3865","Lamp5","PON2",-0.0984346618764042,0.102619990230091,0.337450308242276,-0.299566146821234,0.102696823068426,5,0.00151883230098895,2.56768347977528,0.718581654119746
"3866","Lamp5","CUEDC2",-0.133289431579513,0.0708438520304456,0.0599102200901685,-0.272140830085271,0.00556196692624494,7,0.00900912826031949,27.8896450970007,0.361709369988659
"3867","Lamp5","LINC00910",-0.122536770689418,0.0789835553411469,0.120800752254167,-0.277341694528992,0.032268153150156,6,0,0,0.480999259384963
"3868","Lamp5","C2orf74",-0.0407782648441601,0.136563184453082,0.765242482880795,-0.3084371879863,0.22688065829798,5,0.0286889980312732,32.6053541755888,0.929871259341206
"3869","Lamp5","LPCAT2",-0.0468481792478023,0.124406196339723,0.706489972128321,-0.290679843527277,0.196983485031673,6,0.012731600513735,13.2813708198879,0.910874233816963
"3870","Lamp5","DPM2",-0.000765726747247162,0.0633118870639258,0.990350206207591,-0.124854745185809,0.123323291691315,7,0,0,0.998310167270653
"3871","Lamp5","MEIS3",0.02576203169998,0.0473950945768409,0.586744958487813,-0.0671306467144978,0.118654710114458,7,0,0,0.86056654927368
"3872","Lamp5","ILF3",-0.0863896546302404,0.0260779471920049,0.000923843411569667,-0.137501491917307,-0.0352778173431733,7,0,0,0.054585113815654
"3873","Lamp5","CCDC9",-0.0795314386025374,0.0784099326596208,0.310438140208672,-0.233212082645605,0.0741492054405303,5,0.000599644827383948,1.62669481040239,0.697319631621997
"3874","Lamp5","MSL3",-0.0333168785832339,0.0544659420687116,0.540735510803581,-0.140068163421954,0.0734344062554858,7,0,0,0.840494877053987
"3875","Lamp5","ANKRD53",-0.113227255286604,0.106071047104197,0.285761378444776,-0.321122687413282,0.0946681768400748,6,0.000773087311620441,0.952966963392834,0.675582079502415
"3876","Lamp5","TSNAXIP1",-0.161478517283334,0.0747517227074204,0.0307573496979385,-0.307989201572203,-0.0149678329944654,6,0,0,0.272262875675534
"3877","Lamp5","LRTM1",0.113356982186759,0.100127392240489,0.257580801572747,-0.0828891004705149,0.309603064844033,6,0,0,0.64851427145998
"3878","Lamp5","KCTD13",-0.0509172191484195,0.0405940636736258,0.209732222414624,-0.130480121934852,0.0286456836380127,7,0,0,0.599782699042338
"3879","Lamp5","TMSB15B",-0.040705780177045,0.0794922474631187,0.608600390788481,-0.196507722254903,0.115096161900813,6,0,0,0.872064710452845
"3880","Lamp5","CERCAM",-0.232501683197634,0.0889352599299385,0.00894156899585221,-0.406811589616022,-0.0581917767792466,5,0,0,0.156562552886379
"3881","Lamp5","MVD",0.0188072784145431,0.0569481533130614,0.741209069117628,-0.0928090510651225,0.130423607894209,7,2.4455867419421e-06,0.00875150695321184,0.923036460325539
"3882","Lamp5","CIB2",-0.233614941051622,0.101179893339572,0.0209487550566688,-0.431923887956787,-0.0353059941464576,6,0,0,0.229629845758663
"3883","Lamp5","ATXN7L2",0.00954457506560146,0.0730114674022285,0.895991218905705,-0.133555271501186,0.152644421632389,7,0,0,0.976413248304476
"3884","Lamp5","PUS7",-0.0559457430331136,0.0362292059977685,0.122535857156447,-0.126953681977222,0.0150621959109951,7,9.67142591358666e-07,0.00913809637235326,0.483792114801566
"3885","Lamp5","GUCY1B1",0.0945869666931049,0.055996927949731,0.0911915233838872,-0.0151649953332521,0.204338928719462,5,0.00552467410909356,38.6778212202943,0.431896229595888
"3886","Lamp5","STK10",-0.0692856628969783,0.08562276514969,0.418401986651249,-0.237103198847102,0.0985318730531453,7,0.0228066020415392,52.7979522994068,0.773992133013677
"3887","Lamp5","ACSS1",-0.0149413900899569,0.0958720716994966,0.876153496516732,-0.202847197744212,0.172964417564298,5,0.00575109380167973,12.0289947536186,0.970267586336105
"3888","Lamp5","PIGC",0.0475857083624536,0.0624170892912655,0.445831635098533,-0.0747495386682476,0.169920955393155,7,0,0,0.790240777561324
"3889","Lamp5","LINC01013",-0.0790561368545006,0.095854058822194,0.409510565652324,-0.266926639917985,0.108814366208984,7,2.41118217544241e-07,0.000331717919597629,0.770066858703021
"3890","Lamp5","YDJC",-0.0648779163484087,0.0951119011235224,0.495161836268074,-0.251293817051647,0.12153798435483,5,0.000575631616057095,1.21974152536986,0.818019118653114
"3891","Lamp5","PDGFRA",-0.0542892780836154,0.0552236513275281,0.325567969330146,-0.162525645780368,0.0539470896131373,7,0.0035349281653978,16.6521433627198,0.708716130294416
"3892","Lamp5","CIAO2B",-0.00836959985906884,0.111016735055857,0.939904069955042,-0.225958402249774,0.209219202531637,5,0.0237684663151892,43.0672315545114,0.987071639145024
"3893","Lamp5","DUSP7",-0.220491257520613,0.096986732338761,0.0230010803737524,-0.41058175988281,-0.030400755158415,7,0.0251814078175096,45.002064844361,0.23960053795929
"3894","Lamp5","MCM3",-0.0936923197718452,0.0949317327556315,0.323670011188791,-0.279755096962864,0.0923704574191738,5,0,0,0.707640979704331
"3895","Lamp5","TDRD3",0.0230999688018787,0.031421433048369,0.462238411591076,-0.0384849083155611,0.0846848459193185,7,1.57125366747222e-07,0.00201388875060829,0.799986854445396
"3896","Lamp5","RANBP9",0.0925095443322541,0.028278749397612,0.00107037260143454,0.0370842139851009,0.147934874679407,7,0,0,0.0573576821673018
"3897","Lamp5","THBS1",-0.119375098153644,0.097922690553267,0.22281575022458,-0.311300044907308,0.0725498486000196,6,0.0023006041991572,3.47243282631555,0.613614304086806
"3898","Lamp5","GALT",-0.0926418588779457,0.0605253529221525,0.12586111653408,-0.211269370756941,0.0259856530010493,7,0,0,0.488533947624494
"3899","Lamp5","LZTS2",-0.044628753733017,0.0818998227051404,0.585809360357707,-0.205149456575308,0.115891949109274,7,0.0168687216136261,40.359167174714,0.860227669513484
"3900","Lamp5","VASN",0.166938314064464,0.0917449042225734,0.0688211271544967,-0.0128783939768568,0.346755022105785,5,0,0,0.381740194638509
"3901","Lamp5","TAGLN3",0.0374417260935173,0.0494058544322064,0.448546853339887,-0.0593919692190358,0.13427542140607,7,0.00303459468668593,18.1220270785019,0.792088059905187
"3902","Lamp5","PIAS3",0.103817225341623,0.0957890278353568,0.278448499130695,-0.0839258193297813,0.291560270013027,7,0.0168380696164306,27.5932101722894,0.668106652398611
"3903","Lamp5","USP38",0.0328395422802559,0.04308971416629,0.445988258069012,-0.0516147455897978,0.11729383015031,7,1.83601832589666e-06,0.0121957707659724,0.790240777561324
"3904","Lamp5","SCX",-0.0962852057860533,0.0849988580225946,0.25730566695768,-0.262879906237372,0.0703094946652656,5,0,0,0.648407755535325
"3905","Lamp5","ASTN2-AS1",-0.0666492681325545,0.134062051759994,0.619081599216406,-0.329406061275688,0.196107525010579,7,0.02958963680023,24.7499975889467,0.877471007323414
"3906","Lamp5","ROPN1L",-0.173715784945012,0.148620767209832,0.242462983585504,-0.465007136030995,0.117575566140971,5,0,0,0.634627888093465
"3907","Lamp5","TLR5",0.182572632236875,0.128383796374375,0.155001664551935,-0.0690549848554249,0.434200249329174,5,0,0,0.537033325737761
"3908","Lamp5","SLC40A1",-0.0490473331664294,0.103483513316774,0.635526452526638,-0.251871292260978,0.153776625928119,6,0,0,0.883795769360786
"3909","Lamp5","RAP1GAP",-0.00792937817526675,0.0310495077620914,0.798430738645938,-0.0687852951266628,0.0529265387761293,7,0,0,0.943614310056999
"3910","Lamp5","PDCL3",0.0330686903312899,0.0979653014395031,0.735698458302627,-0.158939772224746,0.225077152887326,5,0,0,0.921279357365562
"3911","Lamp5","RHOU",0.0514392799059923,0.0828731909401795,0.534797900615758,-0.110989189620671,0.213867749432655,6,0,0,0.83822386546053
"3912","Lamp5","ANGPTL2",-0.0625392637546048,0.138453428778609,0.651485898957021,-0.33390299769676,0.208824470187551,6,0.0346633058753925,33.4489117633231,0.889914575420899
"3913","Lamp5","FASTKD3",0.0237143502414589,0.059691039946574,0.691157363790121,-0.0932779382535679,0.140706638736486,6,0,0,0.904801979217278
"3914","Lamp5","CFAP53",-0.0697091624504868,0.0708859995747524,0.325411509291874,-0.208643168625123,0.0692248437241496,7,0,0,0.708716130294416
"3915","Lamp5","TRMT10A",0.0760680017792535,0.088199181977641,0.388436086411107,-0.096799218362817,0.248935221921324,6,0,0,0.755949089892665
"3916","Lamp5","MORC4",0.0527823332978783,0.042602277771014,0.215361918013188,-0.0307165967926804,0.136281263388437,7,0,0,0.606443755326265
"3917","Lamp5","PAF1",-0.12866395441255,0.0673103901028514,0.0559400826481155,-0.26058989479948,0.00326198597437982,6,1.43173331346323e-06,0.00480957594764474,0.350034493553454
"3918","Lamp5","AP4B1-AS1",-0.00134145543649874,0.134940976938095,0.992068317739754,-0.265820910273814,0.263137999400817,7,0.0308566658781337,25.9970758719568,0.998654866216999
"3919","Lamp5","PSTPIP2",0.169210527418845,0.111082693801942,0.127687584425587,-0.0485075517386521,0.386928606576343,5,0,0,0.491475964642934
"3920","Lamp5","PM20D1",-0.0384393217273783,0.273015353928542,0.888031531516312,-0.573539582653776,0.49666093919902,5,0.206377575325861,61.8905495565183,0.974214552015364
"3921","Lamp5","CEBPZOS",0.0234143819768215,0.0381406616790072,0.539284359690789,-0.0513399412605595,0.0981687052142026,7,0.00207889394724596,21.232040495226,0.839382175581193
"3922","Lamp5","AGRN",-0.23750072524053,0.118002098359286,0.0441480710882981,-0.468780588124884,-0.00622086235617558,5,8.7085266879636e-07,0.00105134787391522,0.317621447622866
"3923","Lamp5","TNKS2",0.00421486964378351,0.0249918395178929,0.866072078266596,-0.0447682357186914,0.0531979750062585,7,0,0,0.966974913429347
"3924","Lamp5","FSTL5",0.0598069981114192,0.0478705135688963,0.211537301577657,-0.0340174844050535,0.153631480627892,7,0.00424618819078136,27.9919798499078,0.60175418400742
"3925","Lamp5","CES2",-0.122316535967403,0.090409471936874,0.176082061463318,-0.299515844824961,0.0548827728901543,6,0.0132832488896548,28.500609752035,0.567897889169316
"3926","Lamp5","NLRC3",-0.133580230309023,0.0916031530696737,0.144771850021646,-0.313119111195893,0.0459586505778471,7,0.00559114064805429,8.68103806880144,0.521123798862538
"3927","Lamp5","RAB22A",0.000369828500850235,0.0360513908382791,0.99181514863171,-0.070289599134754,0.0710292561364544,7,1.68702874574749e-06,0.0163289778775471,0.998654866216999
"3928","Lamp5","BRD4",0.0355464118177151,0.0441007449739743,0.42022701114865,-0.0508894600226602,0.12198228365809,7,0.00529706790375804,45.5755527478932,0.775419661522405
"3929","Lamp5","SPATA6",0.0731379907427544,0.0456745963809988,0.109314077933082,-0.0163825731724068,0.162658554657916,7,1.15403791294157e-06,0.00641769434879406,0.463734401407849
"3930","Lamp5","ACTR3B",-0.0570308670344448,0.0266475241987604,0.032339105116925,-0.109259054741175,-0.0048026793277148,7,0,0,0.280045878416587
"3931","Lamp5","MPST",0.080932620974557,0.0823231985115117,0.325554132351527,-0.0804178832001473,0.242283125149261,5,0,0,0.708716130294416
"3932","Lamp5","LIN54",0.118071067206188,0.0435139845461037,0.00665956416920593,0.0327852246719922,0.203356909740384,7,0.00238001368216512,18.1405430441258,0.136841456872051
"3933","Lamp5","ELOF1",-0.0198626103293268,0.102925017896309,0.846973563226889,-0.221591938514233,0.181866717855579,6,0.0269661769556342,48.1373780798373,0.959421815061179
"3934","Lamp5","CDH23",0.0338652817375573,0.108697578541077,0.755378684306131,-0.179178057409667,0.246908620884781,5,0.0109820352934385,17.9763838096448,0.926555528105898
"3935","Lamp5","AGBL1",0.379227006229904,0.181051957926826,0.0362087396516953,0.0243716893628627,0.734082323096945,7,0.148648341018965,70.3829612949408,0.291728958956667
"3936","Lamp5","GPR88",-0.085647902877549,0.157707065361408,0.587073195122204,-0.394748071093412,0.223452265338314,6,0.0676643419928637,54.0938986054447,0.860709616337677
"3937","Lamp5","PGAM5",-0.0560821608545486,0.0682732798066163,0.411397706413536,-0.189895330381942,0.0777310086728451,6,0,0,0.770723852721724
"3938","Lamp5","ANAPC15",-0.147509170779458,0.114014385544712,0.195742516713522,-0.370973260166558,0.0759549186076425,6,0.0260741784845353,35.0131256674926,0.588272573234939
"3939","Lamp5","FALEC",0.0993940773762026,0.076200344892367,0.19210462553045,-0.0499558542223672,0.248744008974773,7,0,0,0.586077011394669
"3940","Lamp5","ATP1A2",-0.00337454370629504,0.169910930336647,0.984154525428257,-0.336393847745816,0.329644760333226,5,0.0776669083363558,62.1594439853613,0.997296915565468
"3941","Lamp5","HIPK1",-0.0198005664259507,0.0379135550636907,0.60149237902421,-0.0941097688766607,0.0545086360247594,7,0.000357884924705154,3.1799151664564,0.867839383514501
"3942","Lamp5","TRPV1",-0.0503109749727029,0.0587853601909399,0.392085229682075,-0.16552816376516,0.064906213819754,7,0,0,0.758201083617192
"3943","Lamp5","C5orf15",-0.0783535555760566,0.0441821714568125,0.0761591033568357,-0.164949020390183,0.0082419092380694,7,0,0,0.399669497716042
"3944","Lamp5","GMFG",0.0350638275037264,0.121415649438915,0.772740811193832,-0.202906472556088,0.273034127563541,5,1.48925173349137e-06,0.0018767515145071,0.933379071091086
"3945","Lamp5","AUP1",-0.0448201585560441,0.0464669634305548,0.334765411638221,-0.135893733350871,0.0462534162387832,7,0,0,0.71644122287518
"3946","Lamp5","GTF2F1",-0.0272880817278677,0.0515324255955682,0.596436272520029,-0.128289779931171,0.0737136164754361,7,0,0,0.865992238665974
"3947","Lamp5","TRIM7",-0.0734146439587378,0.0700664232225354,0.294737038944246,-0.210742310000448,0.0639130220829724,6,0,0,0.685617632510064
"3948","Lamp5","LMLN",-0.0103338977158719,0.0371904688044312,0.781116650640948,-0.0832258771407176,0.0625580817089737,7,0,0,0.937122277643741
"3949","Lamp5","RPS15A",-0.0225333548304811,0.0930677141965447,0.808688847614354,-0.204942722779176,0.159876013118214,6,1.35292338979331e-06,0.00228351772251349,0.947362141179829
"3950","Lamp5","CCDC39",0.0129996987305872,0.169307593800056,0.938797331886042,-0.318837087426659,0.344836484887833,6,0.0825836894628439,54.2175565240751,0.986648852449703
"3951","Lamp5","ADAMTS17",-0.216233023071169,0.293608907989359,0.461447058353479,-0.791695908270446,0.359229862128109,6,0.410199355142757,87.4839603448838,0.799485491699775
"3952","Lamp5","NAPA",0.0584926646689678,0.0462707652887037,0.206180251483107,-0.0321963688339975,0.149181698171933,7,0,0,0.595073257068699
"3953","Lamp5","KDM5C",-0.0764278827926917,0.0336602703130777,0.0231732322115304,-0.142400800316207,-0.0104549652691767,7,0,0,0.240146173325556
"3954","Lamp5","UBR7",0.0498038793689354,0.055937997667803,0.373282940981858,-0.0598325814272441,0.159440340165115,7,0,0,0.745257210551258
"3955","Lamp5","GPKOW",-0.0680686683338233,0.07234698667086,0.346774607371571,-0.209866156598708,0.0737288199310616,6,0,0,0.727134052964415
"3956","Lamp5","NMNAT1",-0.0899830300740229,0.0558410061188576,0.107089318740664,-0.199429390927465,0.0194633307794187,7,6.68259276723932e-05,0.262086174653971,0.46144116101557
"3957","Lamp5","PCNT",-0.0357434491655599,0.044678301779952,0.423700322541915,-0.123311311544678,0.0518244132135578,7,0.00250226414472947,18.1366219181098,0.777987433944228
"3958","Lamp5","MTFR1L",-0.135797115145599,0.041893699467041,0.00118915495963221,-0.217907257280144,-0.0536869730110539,6,0,0,0.0600046589124119
"3959","Lamp5","INHBA-AS1",0.192047247750177,0.13995181564439,0.169989252331761,-0.0822532704838177,0.466347765984171,7,0.0592488690677395,50.9207484333219,0.559719567355597
"3960","Lamp5","SHROOM2",-0.0898847208504184,0.0687286001062494,0.190933958932977,-0.224590301766523,0.0448208600656861,7,0,0,0.585277331840707
"3961","Lamp5","GSAP",-0.0109383393272603,0.0638031198021962,0.863878637073345,-0.135990156240859,0.114113477586339,7,0.00758676699004306,28.5372023027725,0.966512624578573
"3962","Lamp5","RAB11FIP4",-0.0331378496314115,0.0298232012022533,0.266506680651732,-0.0915902498915196,0.0253145506286967,7,3.83479243825636e-06,0.0533642374651399,0.655523116806677
"3963","Lamp5","GPR107",-0.0334691176587874,0.0273549100603962,0.221135588879806,-0.0870837561774964,0.0201455208599215,7,3.08465588082165e-07,0.00519017882803486,0.61174196331566
"3964","Lamp5","KLHL25",0.145580686183945,0.0968037170923167,0.132613565474365,-0.0441511128865999,0.33531248525449,7,0.0211633639121705,35.9100129953186,0.50187519921137
"3965","Lamp5","PVT1",-0.01668985683119,0.0398968273739436,0.675709210890765,-0.0948862015815313,0.0615064879191512,7,0,0,0.900067548790672
"3966","Lamp5","ARRB1",-0.0185714358426339,0.0322935347868255,0.565235730519101,-0.0818656009583032,0.0447227292730355,7,0,0,0.852935819308762
"3967","Lamp5","MAP4K3",0.140889017537765,0.0282639887183288,6.20408467375e-07,0.0854926175903938,0.196285417485135,7,3.76497191899374e-07,0.00608633674456787,0.00370973243066881
"3968","Lamp5","RRM2",0.0928542584838617,0.173915860027959,0.593408411391097,-0.248014563511247,0.43372308047897,5,0.0705809213526347,55.7847616056101,0.864697354919719
"3969","Lamp5","RPS9",-0.0452515775465114,0.0671708857289198,0.50051577146441,-0.17690409438485,0.0864009392918269,7,0.00350161009459751,10.5391470178062,0.821845066799594
"3970","Lamp5","GPR39",-0.104901751129157,0.091517628167969,0.251693217109004,-0.284273006288905,0.0744695040305902,7,0.00303745193064253,4.85437613287367,0.642064672228365
"3971","Lamp5","RELA",-0.0384825382609621,0.0675714185160952,0.569010691734324,-0.170920084936792,0.0939550084148675,6,0,0,0.854022613107834
"3972","Lamp5","SCAPER",0.0317897796268962,0.0264964698170116,0.230227065083141,-0.0201423469318991,0.0837219061856915,7,0,0,0.621816209052182
"3973","Lamp5","CD8A",0.207670997835036,0.108021287402511,0.0545427888718565,-0.00404683503753628,0.419388830707609,5,0.0113638698280542,19.326243608935,0.34837800237059
"3974","Lamp5","GNB1",0.0244096593075221,0.0245735560277423,0.320548985847536,-0.0237536254789299,0.0725729440939741,7,1.77435398668249e-06,0.0365219615146629,0.705195975303658
"3975","Lamp5","HDAC5",-0.127106793738278,0.0349486915646397,0.00027588086478127,-0.195604970511771,-0.0586086169647856,7,8.43477586150613e-08,0.000867464841669785,0.0320924146154616
"3976","Lamp5","ZBTB44",0.11826932069018,0.0526449116134864,0.0246689288790868,0.0150871899584527,0.221451451421908,7,0.00753171250549082,45.093415579534,0.248538938892164
"3977","Lamp5","MX1",-0.0327987461830347,0.0934702447850341,0.725663072191066,-0.215997059587844,0.150399567221775,5,0,0,0.917618044281986
"3978","Lamp5","ACSBG1",-0.0120892232165961,0.0993274246881377,0.903128036578636,-0.206767398282461,0.182588951849268,5,0,0,0.978460008363242
"3979","Lamp5","ZNF587",-0.0278448305800026,0.0392783236966235,0.47837978985786,-0.104828930398491,0.0491392692384856,7,0,0,0.809837752289462
"3980","Lamp5","CLP1",-0.0636244844158162,0.0934729714155669,0.496078718618438,-0.246828141918269,0.119579173086637,5,0,0,0.818902349585799
"3981","Lamp5","CCDC77",0.00801150313961724,0.0539737382785446,0.882000776894685,-0.097775079997321,0.113798086276555,7,0,0,0.972600026821903
"3982","Lamp5","OTUD6B",0.0557557466863599,0.0578172032544262,0.334872849818354,-0.0575638893791475,0.169075382751867,7,0.00761186996392408,38.1330432266935,0.71644122287518
"3983","Lamp5","CAPN10-DT",0.0321833399714323,0.0994738618769314,0.746289617706207,-0.162781846710465,0.22714852665333,5,0,0,0.923981530672427
"3984","Lamp5","ANKRD40",-0.00335151488367675,0.045960394884266,0.941868343462984,-0.0934322335720771,0.0867292038047235,7,0.00105153968641038,6.55966067702937,0.987324146208743
"3985","Lamp5","ZNF526",-0.0110075066501156,0.0887708395569019,0.901315965907534,-0.184995155059027,0.162980141758796,6,0,0,0.977956078464346
"3986","Lamp5","N4BP2L2",-0.00403557473997306,0.0213323295547192,0.84995451117068,-0.045846172373562,0.0377750228936159,7,0,0,0.960374716467325
"3987","Lamp5","BMPR1B",0.080449431518518,0.13043933493524,0.537394721789215,-0.17520696712191,0.336105830158946,5,0.0390078129988487,48.9301833133673,0.839104775803267
"3988","Lamp5","PIH1D1",-0.127572457140469,0.0603774962735705,0.0346081294003138,-0.245910175313369,-0.00923473896756961,7,0,0,0.287703178241735
"3989","Lamp5","ELAVL4",0.0315924507228431,0.0309345396105495,0.307127554598531,-0.0290381327921617,0.0922230342378479,7,7.63844084695614e-06,0.0990802494059748,0.6957260731822
"3990","Lamp5","ZNF213-AS1",-0.0837361931677796,0.0423222140038261,0.0478678210914928,-0.166686208361275,-0.000786177974283653,7,0,0,0.326928196706546
"3991","Lamp5","SMIM19",-0.0955627328242962,0.0506571491524941,0.0592328682291731,-0.194848920722658,0.00372345507406595,7,0,0,0.359143231846617
"3992","Lamp5","STX4",-0.130336398080935,0.0680900759053117,0.0555976544708336,-0.263790494559945,0.00311769839807402,6,0,0,0.349457988149122
"3993","Lamp5","CNTD1",0.0838386702758264,0.102434792764918,0.41309518747658,-0.116929834307237,0.28460717485889,5,0,0,0.771625852727355
"3994","Lamp5","SRPRB",-0.0604069741243002,0.0493978416863982,0.221380059437877,-0.157224964743652,0.0364110164950514,7,0,0,0.61174351975652
"3995","Lamp5","CEBPG",-0.0059184012850877,0.0847934077926995,0.94435452347296,-0.172110426685197,0.160273624115021,7,0,0,0.988246319851084
"3996","Lamp5","AGK",0.0130004815630483,0.0422028758491481,0.758046348064833,-0.0697156351452973,0.0957165982713938,6,0.003860699309108,40.0061813870666,0.926555528105898
"3997","Lamp5","MAFG",-0.0685170106075626,0.0729119406746368,0.34735978403392,-0.211421788372772,0.0743877671576466,7,0.0119159628714593,35.6441850931301,0.727134052964415
"3998","Lamp5","CCDC88B",0.100410673178894,0.148126304064903,0.497852858127888,-0.189911547951345,0.390732894309133,5,0.0436513055242739,42.2415222604984,0.819972776525467
"3999","Lamp5","INSM1",0.144728829017417,0.154052211938789,0.347484832568913,-0.15720795812134,0.446665616156175,5,0.0547043487107106,47.4499305416423,0.727134052964415
"4000","Lamp5","TOMM34",0.0773605857218527,0.136430456826523,0.570691689227712,-0.19003819605248,0.344759367496185,6,0.0790620967134239,78.5633169059236,0.855005079180535
"4001","Lamp5","TCAP",0.0533728829044349,0.100276305280895,0.594547198255342,-0.143165063948862,0.249910829757732,5,0.0043648250889263,8.33767134313902,0.865167075981126
"4002","Lamp5","OXLD1",-0.261427829668189,0.0788092460147324,0.000909170756750421,-0.415891113505821,-0.106964545830556,6,0,0,0.054585113815654
"4003","Lamp5","ST18",-0.288958734869831,0.0883267981236443,0.00106988805584267,-0.462076078061914,-0.115841391677748,6,4.29993451112786e-06,0.00695488206044536,0.0573576821673018
"4004","Lamp5","MIR4458HG",0.00414877513327505,0.089296018467553,0.962942882082943,-0.170868205025952,0.179165755292503,6,0.00577870255668041,11.4862222291573,0.994163912108515
"4005","Lamp5","MRTFB",0.00467577624426281,0.0560591997172124,0.933527262140078,-0.105198236203611,0.114549788692137,5,0.00798264161745611,58.3589135727276,0.985315638798959
"4006","Lamp5","MDM2",0.0135964678840859,0.0297232032673485,0.647357580624805,-0.0446599400250805,0.0718528757932522,7,0.000535609927143616,8.11048527088424,0.88822272908353
"4007","Lamp5","RIN3",-0.124675587870033,0.108721656158481,0.251488652746172,-0.337766118280203,0.0884149425401366,7,0.0126276971175809,15.0928150261533,0.64193208701728
"4008","Lamp5","AK4",0.101157917627811,0.0751329049716092,0.178177951019398,-0.0460998701704132,0.248415705426036,6,0.0162122635251389,51.9851235080163,0.57065616396384
"4009","Lamp5","SUPT3H",0.111901613741648,0.0372831749493569,0.00268743837673476,0.0388279336116023,0.184975293871693,7,0.00176803268284755,18.3961901308511,0.0873658205657537
"4010","Lamp5","SYT3",-0.194506617984637,0.0605414103714517,0.00131454027439216,-0.313165601885942,-0.0758476340833316,7,0,0,0.0638946086387591
"4011","Lamp5","NDUFAF4",-0.01166452663174,0.0516828204106314,0.821439061367136,-0.112960993256029,0.0896319399925492,6,4.47044362979286e-06,0.0245395494927935,0.952175025190422
"4012","Lamp5","ARL5B",0.0740616844227717,0.0649104371005125,0.253877131009285,-0.0531604345149853,0.201283803360529,7,0.00654312748462099,23.3758813390818,0.644884581508079
"4013","Lamp5","ZNF362",0.0194151510867438,0.0322812159920079,0.547548272436616,-0.0438548696347501,0.0826851718082378,7,0,0,0.844701985303082
"4014","Lamp5","MEX3B",0.0607849418757273,0.0920794230083721,0.509166559080901,-0.119687410937911,0.241257294689365,6,2.7805766012626e-06,0.00481603573879376,0.824364693203052
"4015","Lamp5","GLI4",-0.119539893931071,0.0654342095708633,0.067719089203347,-0.247788588046809,0.00870880018466766,7,0,0,0.37850538154163
"4016","Lamp5","CHCHD6",-0.0585006619221441,0.0306982625693945,0.0566934403433807,-0.118668150946111,0.00166682710182308,6,2.67984716304147e-06,0.0419332547546009,0.350930048171061
"4017","Lamp5","TMEM86B",-0.0287358787380628,0.0930661867404192,0.757497862457339,-0.211142252927764,0.153670495451638,6,2.80716824277255e-06,0.00497923210348675,0.926555528105898
"4018","Lamp5","CPLX2",0.0518944809348494,0.0572250325460031,0.364486493050725,-0.0602645218694491,0.164053483739148,7,0.00740981604022268,37.626056571303,0.737658430833555
"4019","Lamp5","ISOC1",-0.0896661284833134,0.0818068239072246,0.273047484146842,-0.250004557031084,0.0706723000644571,6,0,0,0.662377889749365
"4020","Lamp5","NRIP2",-0.0921782521279771,0.0844007710308267,0.274767435472236,-0.257600723615809,0.0732442193598548,5,0,0,0.664123178845013
"4021","Lamp5","FLT3",-0.15616996329985,0.14700891500291,0.288092127398256,-0.444302142111865,0.131962215512164,7,0.0609415859616212,45.824107558845,0.677807151594677
"4022","Lamp5","MEPCE",0.0551539878969427,0.0802434805622237,0.491872941943539,-0.102120343999156,0.212428319793041,5,0,0,0.816204797966937
"4023","Lamp5","ARL6IP6",0.0565461978589151,0.0545672242264173,0.300077732834172,-0.0504035963611844,0.163495992079015,7,0.00488116138656443,25.0431002921992,0.689988388187631
"4024","Lamp5","SEMA6A-AS2",-0.0879839507809551,0.11877052567699,0.458821121160545,-0.320769903532745,0.144802001970835,5,0.0218679861232354,32.6703493676306,0.798881072363449
"4025","Lamp5","PFAS",-0.0708119472814972,0.062774252411613,0.259302491139342,-0.193847221164685,0.0522233266016909,7,9.05045490669849e-08,0.000287704112688676,0.650513633634442
"4026","Lamp5","HEPACAM",-0.255642101401705,0.144632645175476,0.0771400160141257,-0.5391168769344,0.0278326741309888,5,0.0309613572338477,30.5859682258391,0.402494525092901
"4027","Lamp5","LINC00685",-0.24715110696797,0.283978719743919,0.384127961567426,-0.803739170041845,0.309436956105905,5,0.284074399674323,73.7974370728851,0.753573866861032
"4028","Lamp5","GAS1RR",0.0179724568298107,0.100633382786841,0.858256986225312,-0.179265349074832,0.215210262734453,6,6.21648767234926e-07,0.000907110131666313,0.964198712848146
"4029","Lamp5","WASHC5",-0.0179440393465818,0.0325527398612865,0.581476174009164,-0.0817462370728048,0.0458581583796411,5,0,0,0.858378677238391
"4030","Lamp5","GRINA",-0.0552259553171135,0.0519995005967038,0.288213984807273,-0.157143103700722,0.046691193066495,7,0.000571899457462098,2.59018023349654,0.677960472917029
"4031","Lamp5","SSNA1",-0.0402280806760558,0.0737080403104428,0.585219910793949,-0.18469318505555,0.104237023703439,7,1.26471747085453e-07,0.000293850741267369,0.859889284679671
"4032","Lamp5","PREX1",-0.18639329396883,0.086622337226843,0.0314137022856856,-0.356169955190125,-0.0166166327475341,6,0.00224509308876011,4.36930510230445,0.275624699658484
"4033","Lamp5","LTN1",-0.0131956926909195,0.0281365007456097,0.639077921853945,-0.0683422208032988,0.0419508354214599,7,0,0,0.885497957067701
"4034","Lamp5","EYA2",-0.00446464401136383,0.0991826083265027,0.964095843850214,-0.198858984224052,0.189929696201324,5,0,0,0.99419564321202
"4035","Lamp5","ZNF436",0.145882609200179,0.0802159857848913,0.0689690187565643,-0.0113378339225852,0.303103052322942,6,2.98114086124813e-06,0.006861197853418,0.381859308516838
"4036","Lamp5","BOD1",-0.0523523297041988,0.0506489261135473,0.301308428414398,-0.151622400742382,0.0469177413339841,7,0,0,0.691059489171285
"4037","Lamp5","TAF8",0.00973415113476373,0.048002068097354,0.839302239852747,-0.0843481735194893,0.103816475789017,7,0,0,0.958356578693386
"4038","Lamp5","HSPA2",-0.0755222863652516,0.108341028551859,0.485753179252195,-0.287866800374921,0.136822227644418,5,0.00630178283500772,10.2007547618554,0.813788901350183
"4039","Lamp5","ZNF248",0.0256890159654369,0.0314420327950314,0.41391252155247,-0.0359362359135519,0.0873142678444258,7,0,0,0.771625852727355
"4040","Lamp5","BOK",-0.246277708445476,0.100629404482178,0.014390174638958,-0.443507717016259,-0.0490476998746928,5,0.0022194030123475,3.9547774818665,0.192024501934971
"4041","Lamp5","ZNF324B",-0.153445655635599,0.0933147218310536,0.100095978649831,-0.336339149651838,0.0294478383806396,6,0,0,0.447996934383732
"4042","Lamp5","ZNF485",-0.0740275976248311,0.0965568341615214,0.443275468433416,-0.26327551504262,0.115220319792958,6,0,0,0.789496392228061
"4043","Lamp5","RMDN1",0.0846838667849748,0.0455407126160331,0.062953464383113,-0.00457428977273902,0.173942023342689,6,0,0,0.368543433513697
"4044","Lamp5","RADIL",0.0463959775430181,0.0894984838525024,0.60417949907875,-0.129017827478826,0.221809782564862,7,0.0142738311369993,27.3551305793222,0.868754145856967
"4045","Lamp5","MMP16",0.186403828755169,0.047620081249264,9.06310015643211e-05,0.0930701845657404,0.279737472944598,7,7.94524189386973e-07,0.0045943704505542,0.0200714101427355
"4046","Lamp5","LINC00598",0.194178797830634,0.279901835556687,0.487845951928853,-0.354418719067125,0.742776314728393,5,0.215845795488941,58.007025723192,0.814603067791341
"4047","Lamp5","EPHA1-AS1",-0.0319894932942436,0.128971583930147,0.804107167847967,-0.284769152826417,0.220790166237929,6,0,0,0.945968040265045
"4048","Lamp5","CHRAC1",-0.0572205614882882,0.0954230433723684,0.548738584421333,-0.244246289793334,0.129805166816757,6,0.00310709677551373,5.22838751869363,0.844764971297428
"4049","Lamp5","TRPM4",-0.0460314624546998,0.0997058396361911,0.644316063757501,-0.241451317189961,0.149388392280561,6,0.00865825655647181,14.2262220304737,0.886929185222919
"4050","Lamp5","TKT",-0.0769263717934762,0.0426644899897533,0.0713797621848855,-0.160547235592162,0.00669449200520986,7,2.03645838087137e-06,0.0133354530752253,0.387043884476683
"4051","Lamp5","RASGRP3",-0.114978783201168,0.133029538824729,0.387417525351587,-0.37571188817761,0.145754321775273,6,0.0405806077085849,43.4684493512314,0.755827226879962
"4052","Lamp5","TMEM167A",0.0633784048987503,0.0448634325118717,0.157745041377387,-0.0245523070473617,0.151309116844862,7,0,0,0.541471701125025
"4053","Lamp5","SEC16B",0.107817239963895,0.106663448301342,0.312103966061931,-0.101239277173585,0.316873757101375,5,0,0,0.698598321760493
"4054","Lamp5","SNAP23",0.143822677659565,0.0438528416117919,0.00103930013905566,0.0578726874807132,0.229772667838416,7,0.000159368815229429,1.0655988332162,0.0573576821673018
"4055","Lamp5","RFX2",0.0378078518775227,0.0861350282636673,0.660707177797527,-0.131013701326605,0.20662940508165,7,0.017557540055792,39.4548768929063,0.893418943835439
"4056","Lamp5","GRSF1",0.035598138282092,0.0388729119449931,0.35979440108219,-0.0405913691042913,0.111787645668475,6,0.00119593125303003,12.7190954468948,0.73483363923243
"4057","Lamp5","TTC28-AS1",0.065840346540158,0.0372729276401522,0.0773222561549658,-0.00721324923290773,0.138893942313224,5,0.000898075805003592,12.1760737126828,0.402980872275119
"4058","Lamp5","C3orf33",0.0128315166891182,0.111719733916297,0.908560432276845,-0.206135138149222,0.231798171527458,5,0.0272609492748147,48.1483700396737,0.979767074450202
"4059","Lamp5","KRI1",0.0203464341179072,0.0591194236384997,0.730727319738029,-0.095525507000318,0.136218375236132,7,3.9701369295661e-06,0.0139732566040499,0.919418417381732
"4060","Lamp5","IQCH",0.0518363943419088,0.0556160966098016,0.351316154421449,-0.0571691519740026,0.16084194065782,7,0,0,0.72969127366908
"4061","Lamp5","BBS9",0.0970762549372028,0.0464326406140627,0.0365558667615096,0.00606995162654815,0.188082558247858,7,0.00409705712107711,28.9290703589579,0.29202777480579
"4062","Lamp5","CDK4",-0.094309001950718,0.0690695003774544,0.172120514067759,-0.229682735120704,0.0410647312192684,7,0,0,0.56276410520658
"4063","Lamp5","ERVK3-1",-0.00459041321428446,0.0687908325854378,0.94679663992502,-0.139417967548267,0.130237141119698,6,2.24129026475535e-06,0.00686745269313238,0.988865030560056
"4064","Lamp5","SLC2A12",0.169281435578926,0.0667498237748361,0.0112108111959025,0.0384541850058517,0.300108686152,7,1.75625483181885e-08,4.93650887347979e-05,0.171714877133337
"4065","Lamp5","RPL8",-0.0415874903859994,0.0630011827346378,0.509185486173974,-0.165067539529316,0.0818925587573174,7,0,0,0.824364693203052
"4066","Lamp5","HYKK",-0.0649212817418228,0.126083520521605,0.606618039919012,-0.312040441008185,0.182197877524539,7,0.048621418773586,52.9939460140182,0.870998335861623
"4067","Lamp5","WDR83",-0.150708542718269,0.0627920685398841,0.0163896671488231,-0.273778735571213,-0.0276383498653259,7,0,0,0.205989845605198
"4068","Lamp5","MICAL1",-0.116418813087802,0.0496004828409785,0.018918620141626,-0.213633973071917,-0.0192036531036876,7,0,0,0.220945095970415
"4069","Lamp5","CACNG5",0.131358650479915,0.122260378575912,0.282635748458792,-0.108267288265106,0.370984589224935,6,0,0,0.67224361889791
"4070","Lamp5","ZNF101",-0.0440701701445952,0.0707602074937367,0.533409336751985,-0.1827576283709,0.09461728808171,7,4.568461817514e-06,0.0110620885513526,0.837285168688027
"4071","Lamp5","ZFP37",-0.0123824502376292,0.0486602714516799,0.799134526391541,-0.107754829760864,0.0829899292856059,7,0,0,0.943887713826619
"4072","Lamp5","LMO7-AS1",-0.0757485108403942,0.0776607532794157,0.329373299136554,-0.2279607902803,0.0764637685995114,7,1.30964886279565e-06,0.00266114502223491,0.711648651196756
"4073","Lamp5","ZNF28",0.0395587711072724,0.114553303169378,0.729845777649365,-0.184961577414806,0.264079119629351,6,0.0336294938804542,47.420284035451,0.91930803926833
"4074","Lamp5","BCORL1",-0.0438404713079594,0.0571947820774042,0.443371875562793,-0.155940184283289,0.0682592416673698,7,0.000676299409575936,2.59569806153712,0.789496392228061
"4075","Lamp5","PHLDA3",-0.135741866722674,0.101314524824274,0.180308236795318,-0.33431468648904,0.0628309530436914,6,0.0137561616669441,22.79342574815,0.572750900978019
"4076","Lamp5","FA2H",-0.211856975956595,0.0987004004807645,0.0318358814462613,-0.405306206158574,-0.0184077457546171,5,0,0,0.277092653723318
"4077","Lamp5","LINC02327",0.307001244526291,0.123409409575451,0.0128584862262672,0.065123246405055,0.548879242647527,5,3.86418751784738e-06,0.0044271772727972,0.183663428020178
"4078","Lamp5","ZNF300",-0.0433301907698631,0.124106204058709,0.726985716194212,-0.286573880982911,0.199913499443185,5,0,0,0.918061663375543
"4079","Lamp5","TTLL9",-0.0620417445056698,0.112006036524121,0.579637503017074,-0.281569542144024,0.157486053132684,6,0,0,0.858378677238391
"4080","Lamp5","ZNF333",-0.0564928904975418,0.0403443207282075,0.161432862944954,-0.135566306105561,0.0225805251104776,7,0,0,0.546286250129798
"4081","Lamp5","LINC00863",0.00335636299866953,0.0849525266474892,0.968484825697709,-0.163147529626088,0.169860255623428,5,0,0,0.995639101352657
"4082","Lamp5","SERP2",0.00810081574758436,0.0505360905014088,0.872646622437222,-0.0909481015546336,0.107149733049802,7,0.00601321008922761,37.9347990777747,0.968577940382375
"4083","Lamp5","COQ8B",-0.0442189043799661,0.0542040124842583,0.414622226746894,-0.150456816666672,0.0620190079067397,6,2.02157119669525e-06,0.00983521554019454,0.772206678128822
"4084","Lamp5","BTN2A2",0.110630769628438,0.122215019741856,0.3653519278418,-0.128906267435452,0.350167806692327,5,0,0,0.737993677404189
"4085","Lamp5","NDUFC2-KCTD14",0.120351290415781,0.101659016232894,0.236463628193222,-0.078896720104464,0.319599300936026,5,0,0,0.626447177645301
"4086","Lamp5","PLAG1",0.0196349168305465,0.0700856623014812,0.779357843982521,-0.117730457112993,0.157000290774086,7,0.0110609715793521,34.4412466867262,0.936059099747611
"4087","Lamp5","WDR4",-0.0884819766616422,0.0859305456120206,0.303154714435786,-0.256902751233079,0.0799387979097945,7,0.0157812508828333,34.3267669878772,0.692703589672029
"4088","Lamp5","AQP4",0.114342727492236,0.0975872027896215,0.24131833798925,-0.0769246753274286,0.305610130311901,5,0,0,0.632744284079826
"4089","Lamp5","TRIM46",-0.159747162666829,0.0717757287921943,0.0260380901776904,-0.300425006063645,-0.019069319270014,7,0.0134074466539608,43.5741770797767,0.252137263510121
"4090","Lamp5","BIN1",-0.0186120449579136,0.0307705166165378,0.545267913774444,-0.0789211493120189,0.0416970593961917,7,1.46277847307063e-06,0.0189386046660774,0.843410767063583
"4091","Lamp5","SLC13A4",-0.114448258704392,0.135678587712345,0.398934980575166,-0.380373404093847,0.151476886685064,6,0.0336651430835982,33.1656764222993,0.762720395648217
"4092","Lamp5","MEGF10",-0.141490896943152,0.0913754034133663,0.121512270258864,-0.320583396706169,0.0376016028198638,6,0,0,0.482298453377283
"4093","Lamp5","TC2N",0.0449052989380425,0.10647286014154,0.673204966758668,-0.163777672270347,0.253588270146432,6,0,0,0.899436733042891
"4094","Lamp5","MAMDC4",0.0492660966284795,0.103809900908869,0.635086406532577,-0.154197570391575,0.252729763648534,5,0,0,0.883550294988726
"4095","Lamp5","ZNF48",-0.0718834971982861,0.0593504022799067,0.225829802909387,-0.188208148134867,0.0444411537382949,7,0.00320219378628144,12.6815394610274,0.617020473610546
"4096","Lamp5","GYG1",-0.0310060731889293,0.047011724809669,0.509549612188056,-0.123147360666989,0.06113521428913,7,0,0,0.824364693203052
"4097","Lamp5","TMEM123",0.11753141519857,0.0908405639727642,0.19572731091997,-0.0605128185233548,0.295575648920494,7,0.0121634800252916,22.231186742346,0.588272573234939
"4098","Lamp5","TSPAN15",-0.070427922400321,0.121220850430923,0.561248191203805,-0.308016423420248,0.167160578619606,5,0,0,0.852205068385767
"4099","Lamp5","FBLN7",-0.281337530949713,0.210068269024969,0.180483720445708,-0.693063772533323,0.130388710633897,7,0.182402410622844,72.0148668689255,0.572750900978019
"4100","Lamp5","DSC2",-0.279518363516765,0.121799505050357,0.0217385360894143,-0.518241006750269,-0.04079572028326,5,0,0,0.234208246030005
"4101","Lamp5","OTOA",-0.0877680955273425,0.130595729914381,0.501545844650413,-0.343731022694248,0.168194831639563,6,0.0393603695250847,41.767100531368,0.821953006643139
"4102","Lamp5","DUSP14",0.0592348080434472,0.0879033662600749,0.500398547832072,-0.113052623946133,0.231522240033027,6,0,0,0.821845066799594
"4103","Lamp5","ATAD1",0.00287167723372621,0.0277953845942349,0.917713054582093,-0.0516062755074137,0.0573496299748661,6,0,0,0.981947800756359
"4104","Lamp5","KLC1",-0.000589333256182657,0.0474087310317796,0.990081831215042,-0.0935087386312171,0.0923300721188518,7,0.00216649101352593,13.5455016797359,0.99817809977244
"4105","Lamp5","UBE2J2",0.0145828255807989,0.0360507379387457,0.685838917272369,-0.0560753223952343,0.0852409735568321,7,4.90554201947037e-06,0.0462024667931122,0.903181005962289
"4106","Lamp5","TRAM1L1",-0.144070803779843,0.116893751452577,0.217764745558396,-0.373178346644671,0.0850367390849842,6,0.0294885547779186,39.9837357255611,0.607397120257931
"4107","Lamp5","PRMT5",0.0899277939171104,0.0546005143196547,0.0995552344110328,-0.0170872476867762,0.196942835520997,6,0,0,0.447418657768336
"4108","Lamp5","NOP10",-0.152826753346411,0.104555009808712,0.143826857767112,-0.357750806974719,0.0520973002818966,6,0.00710282397277688,10.428393631079,0.520137255457636
"4109","Lamp5","PPM1G",-0.113280803010322,0.0372971729855825,0.00238748111949298,-0.186381918787224,-0.0401796872334201,7,0,0,0.0833125240184361
"4110","Lamp5","ADRM1",-0.0912411459117657,0.0749088383541864,0.223212909786861,-0.238059771209704,0.0555774793861722,6,0,0,0.613992971862888
"4111","Lamp5","TTC9",-0.0114757153023877,0.0425266433421637,0.78727745306422,-0.0948264046364087,0.0718749740316333,7,0,0,0.938643357904296
"4112","Lamp5","DIRAS3",-0.0299729307435236,0.0829694693109718,0.717910676073001,-0.19259010240943,0.132644240922382,7,0.00900295608188887,19.0810759519037,0.914810205131275
"4113","Lamp5","MESD",0.0129875150826298,0.0425787671184049,0.760348423989226,-0.070465334975562,0.0964403651408217,5,2.52673071186926e-06,0.0237896985292466,0.926829263383873
"4114","Lamp5","MFSD2B",0.0891301466279117,0.0845098743084012,0.291575640830277,-0.0765061633545614,0.254766456610385,7,0.00308373913144032,5.52575886175428,0.681644123010079
"4115","Lamp5","ANO7",-0.0300348773405553,0.102415139601798,0.769318847134421,-0.230764862431722,0.170695107750611,5,0,0,0.932100292964428
"4116","Lamp5","PLCD3",-0.0603708252981326,0.122402930436342,0.621861465440847,-0.300276160555524,0.179534509959259,6,0.0343671945487991,41.8937257576197,0.878021400850895
"4117","Lamp5","GFAP",-0.0315360804278963,0.129781943628136,0.80801095983461,-0.28590401578265,0.222831854926857,5,0.00836171639451887,8.94959841347433,0.947362141179829
"4118","Lamp5","CHD1L",-0.0667156891279646,0.098449288816147,0.497983789005758,-0.259672749511195,0.126241371255265,5,1.00982682989834e-06,0.00144072268574839,0.820075479581363
"4119","Lamp5","PBLD",-0.141818705176597,0.0790162038641463,0.0726847186451795,-0.296687618945398,0.0130502085922046,7,0,0,0.389808779700079
"4120","Lamp5","STARD5",0.127479562229937,0.0784947572462043,0.104364725339084,-0.0263673349478374,0.281326459407712,7,0,0,0.455249120737383
"4121","Lamp5","GLTP",-0.0845488426948007,0.0777655973266354,0.276936582916696,-0.23696661269125,0.0678689273016491,7,0.0179077082844957,48.6779665231896,0.667180619480414
"4122","Lamp5","FZD4",0.0569455580613514,0.0966264072211825,0.555634943785903,-0.132438720047667,0.24632983617037,6,0,0,0.849033503044357
"4123","Lamp5","PLAAT3",0.0511665712340351,0.0846487738946034,0.545539634886221,-0.114741976934862,0.217075119402932,5,0.00560959601715579,14.7339091333913,0.843410767063583
"4124","Lamp5","GM2A",0.0610540198435053,0.113145004006076,0.589466968420166,-0.160706113039044,0.282814152726054,6,0.0124591084081722,15.8187245351148,0.862182550697374
"4125","Lamp5","BCS1L",-0.191050980168816,0.103089473908008,0.0638459606414238,-0.393102636213694,0.011000675876062,5,0.0116234553300362,21.7390678202243,0.369929187650575
"4126","Lamp5","CHSY1",0.0186691486129273,0.0352965180066258,0.596858700599696,-0.0505107554597288,0.0878490526855834,7,0,0,0.865992238665974
"4127","Lamp5","HSPA4",0.000812749658757516,0.0474414121653432,0.986331589732874,-0.0921707095610355,0.0937962088785506,7,0.00196960356601554,12.2759947623284,0.997350697988338
"4128","Lamp5","SEC14L5",0.0267406213450197,0.0626175622818645,0.669345336626121,-0.0959875455271284,0.149468788217168,7,0,0,0.897891293405697
"4129","Lamp5","SEMA3B",-0.117725828887246,0.103249949084898,0.254202031667297,-0.32009201049924,0.0846403527247479,5,0,0,0.645231086494472
"4130","Lamp5","MGME1",-0.030265434767284,0.112220079008142,0.787393258195452,-0.250212747965481,0.189681878430913,5,0.0204115309751395,33.1677471214361,0.938643357904296
"4131","Lamp5","CHST7",0.0439482652835789,0.106808761891396,0.680730240803074,-0.165393061256871,0.253289591824029,5,0,0,0.901733822525915
"4132","Lamp5","TSC22D2",0.105061002311619,0.0349104097529836,0.002617243694803,0.0366378565102352,0.173484148113003,7,7.83685638467998e-07,0.00836811033463189,0.0862248411739645
"4133","Lamp5","FABP3",0.165066906124865,0.0646257224617239,0.0106432642517115,0.038402817625005,0.291730994624725,7,0,0,0.168803505780448
"4134","Lamp5","DONSON",0.0384194233773157,0.0503306818573732,0.445260644529789,-0.0602269003804794,0.137065747135111,7,0,0,0.790157597259497
"4135","Lamp5","PPP3CB",-0.0562162021754894,0.0229622662949593,0.0143572251378104,-0.101221417117028,-0.0112109872339512,7,0,0,0.192024501934971
"4136","Lamp5","UMAD1",0.183202951715461,0.0500480132131766,0.000251680382224406,0.0851106483198503,0.281295255111072,5,0,0,0.0320924146154616
"4137","Lamp5","ARHGEF12",0.0873476448752093,0.0314524418109624,0.00548405682094328,0.0257019916998813,0.148993298050537,7,0.001073771749644,15.4873375318608,0.126089503777166
"4138","Lamp5","SLC25A26",-0.0277719748914174,0.0325853164839436,0.394055956032615,-0.0916380216247863,0.0360940718419514,6,0.000280781198185751,4.0645620772206,0.75908083400383
"4139","Lamp5","EFTUD2",-0.0726548073323428,0.037505125050058,0.0527212942116786,-0.146163501666127,0.000853887001441817,7,0,0,0.341371320161645
"4140","Lamp5","MYO15B",-0.0137609742001912,0.0974623722356997,0.887717723269734,-0.204783713629999,0.177261765229617,6,0.011475389731664,20.4178262425505,0.974199892960852
"4141","Lamp5","ZNF593",-0.000196102785490921,0.104113024723762,0.998497140076661,-0.204253881565592,0.203861675994611,5,0,0,0.999773769742565
"4142","Lamp5","OPRM1",-0.115427047659904,0.125056075320676,0.356005996172572,-0.360532451336357,0.129678356016549,6,0.0260621677097852,29.4742336930271,0.732294203682725
"4143","Lamp5","NIFK",0.0456463456236109,0.0590114865058876,0.439216896688788,-0.0700140426021002,0.161306733849322,7,0,0,0.787588206165247
"4144","Lamp5","CCDC154",-0.0756955595269192,0.0865680659629543,0.381897673741201,-0.245365851025597,0.093974731971759,7,0.00553083317266881,10.0771898716141,0.752035942741812
"4145","Lamp5","C8orf76",-0.0588692804697189,0.055113987139486,0.285458786745018,-0.166890710307515,0.0491521493680774,6,0,0,0.675198107334586
"4146","Lamp5","FIGNL2",-0.186316716325751,0.103845304320113,0.0727851374802641,-0.389849772756774,0.0172163401052716,6,0,0,0.389808779700079
"4147","Lamp5","KIRREL3-AS1",0.187635437631837,0.187318758651594,0.31649305348232,-0.179502582954038,0.554773458217712,5,0,0,0.701947766322472
"4148","Lamp5","IL6R",-0.089505748483675,0.0827401404377435,0.279355026055625,-0.251673443817438,0.0726619468500884,7,0,0,0.669232122716189
"4149","Lamp5","RASSF2",-0.124594905142636,0.156233730420696,0.42516625757043,-0.430807389937541,0.181617579652269,5,0.0271830968980026,22.225316906879,0.778050998360332
"4150","Lamp5","BCAR1",0.0167014545782725,0.0417181487345348,0.688905917456661,-0.065064614443101,0.098467523599646,7,0,0,0.904056972981151
"4151","Lamp5","CARD8",-0.00610980292754719,0.0744012575930717,0.934551592098927,-0.151933588214455,0.139713982359361,7,0,0,0.985334537171757
"4152","Lamp5","ARL6",0.0448157147587353,0.0375668318376583,0.232885173981181,-0.0288139226563476,0.118445352173818,7,0,0,0.623486995608806
"4153","Lamp5","COL12A1",-0.114181609374365,0.134638026642586,0.396402552732991,-0.378067292543378,0.149704073794647,5,0.0176597145483082,19.3529182978455,0.760850531535669
"4154","Lamp5","TMEM44",0.0291631820993931,0.0634698204199306,0.645888730377245,-0.0952353800288959,0.153561744227682,7,0.00381812430625538,13.1250653687582,0.887464962648033
"4155","Lamp5","RNF212",-0.00582267650663854,0.104327854353836,0.955492107458781,-0.210301513624497,0.19865616061122,6,2.167534361001e-06,0.00307495684068916,0.99250674134453
"4156","Lamp5","GMPR",0.0688396899172518,0.107437889633946,0.521692005170675,-0.141734704340272,0.279414084174775,5,0,0,0.831522682904985
"4157","Lamp5","JAK3",0.0442859046558726,0.0713468381781008,0.534788523368519,-0.0955513285840123,0.184123137895758,6,0,0,0.83822386546053
"4158","Lamp5","REXO2",-0.0559375087027731,0.078261246783132,0.474761304518309,-0.209326733782913,0.0974517163773668,6,0.0111845441629018,32.3208656996793,0.807430790609305
"4159","Lamp5","IDH3B",-0.00896480820744852,0.0931007144312896,0.923289055219887,-0.191438855427725,0.173509239012828,6,0.0172785522812962,35.9835720386989,0.982375103729229
"4160","Lamp5","RPL39L",0.0445056228393294,0.0965611762744164,0.644866066733235,-0.14475080496335,0.233762050642009,6,0,0,0.886929185222919
"4161","Lamp5","KCTD3",0.0156894454329187,0.0349582850607109,0.65357249030875,-0.0528275342473593,0.0842064251131967,7,0.00162974400977296,19.6625697856671,0.891077090670597
"4162","Lamp5","CYS1",-0.212237092470088,0.0669216640417105,0.00151692610842293,-0.343401143777329,-0.0810730411628459,7,8.35311534131939e-06,0.022804549512063,0.0692401501169075
"4163","Lamp5","TMEM63A",0.0572766394582004,0.125998407059198,0.649409806466789,-0.189675700487246,0.304228979403647,5,0.0111285051303698,13.324601324573,0.889181043619013
"4164","Lamp5","ADIPOR1",-0.027753555187199,0.0524700813511354,0.596846671338914,-0.130593024901311,0.0750859145269131,7,0.00452579964613897,24.9143501858853,0.865992238665974
"4165","Lamp5","PISD",-0.0749604226661464,0.0320770195395268,0.0194449750219753,-0.137830225695006,-0.0120906196372863,6,2.94942020675463e-06,0.0432611060649886,0.224029341317729
"4166","Lamp5","C5orf34",0.115508150164768,0.113207056034027,0.307573677449209,-0.106373602457732,0.337389902787269,6,0.0301008152399639,42.6861127940084,0.6957260731822
"4167","Lamp5","EIF3L",-0.0199592853095042,0.0578367180021093,0.730021352062818,-0.133317169577638,0.0933985989586294,7,0.00842711083705008,39.5862120699125,0.91930803926833
"4168","Lamp5","PTAR1",0.132368081878322,0.0470097059543838,0.00486619000282186,0.0402307512839117,0.224505412472733,7,0.00306399740188729,20.4985910992862,0.118764829068871
"4169","Lamp5","CCNE2",0.0275672768038198,0.0903813611043075,0.760358048587606,-0.149576935834332,0.204711489441972,5,0,0,0.926829263383873
"4170","Lamp5","SYCE2",0.0261715869567756,0.0848421479784094,0.757721769133639,-0.140115967451925,0.192459141365476,6,1.41110447037839e-06,0.00261229823860186,0.926555528105898
"4171","Lamp5","INPP5A",0.0629321665714081,0.0537434740618506,0.241609558949071,-0.0424031069938817,0.168267440136698,7,0.00615617021501882,33.5741345566159,0.63308692275897
"4172","Lamp5","CTSZ",-0.134202211430323,0.0993487394765541,0.176753270161297,-0.328922162713822,0.0605177398531752,5,0,0,0.569295006156464
"4173","Lamp5","ZFAND6",0.0391613759229486,0.0412646904736717,0.3426060109125,-0.041715931238641,0.120038683084538,7,0.00158112512299876,13.0372341826971,0.724019311627953
"4174","Lamp5","FTSJ1",-0.0359734527691175,0.0678558271166641,0.596011142500013,-0.168968430058955,0.0970215245207205,7,0,0,0.865749755049829
"4175","Lamp5","OR2L5",0.0426269205439007,0.136374703769239,0.754605816686393,-0.224662587246126,0.309916428333928,6,7.10253444497926e-08,5.55268341937274e-05,0.926555528105898
"4176","Lamp5","DDX11-AS1",0.232648834534738,0.13386683221162,0.0822262413489071,-0.0297253353245038,0.49502300439398,7,0.0466573989482809,41.764659961727,0.412822678543904
"4177","Lamp5","ISYNA1",-0.0018351235546043,0.0720837711615928,0.979689483799171,-0.143116718901153,0.139446471791944,7,0,0,0.997093441046833
"4178","Lamp5","ATP13A5",-0.0484687356217813,0.175600942076685,0.782535488551248,-0.392640257743388,0.295702786499825,6,0.0837942027169563,53.4773769454324,0.937343620161761
"4179","Lamp5","SH2D4B",-0.0098952325001913,0.104550008301838,0.924596068720255,-0.214809483355158,0.195019018354775,6,2.57443999695434e-07,0.000350129999439333,0.982604139858307
"4180","Lamp5","AMOT",0.0707525425755088,0.136026547592301,0.602967567971498,-0.195854591646724,0.337359676797742,6,0.0528833622838146,54.0686742273958,0.868633169033008
"4181","Lamp5","GTPBP4",-0.0831747421013884,0.0470086977364358,0.0768358291575887,-0.175310096624932,0.00896061242215535,7,0.00106529501557123,6.40068471436033,0.401805676589378
"4182","Lamp5","ALKBH8",0.0390378382838906,0.0377227738308076,0.300733696153775,-0.0348974398214424,0.112973116389224,7,0.000889442999635136,8.41425684858396,0.690227838654455
"4183","Lamp5","POLR2M",-0.0876680336664086,0.0583685638607805,0.13310396381937,-0.202068316662865,0.0267322493300474,7,0,0,0.50277646977759
"4184","Lamp5","CDS1",-0.00773898474954808,0.0322073195737665,0.810108144163069,-0.0708641711527023,0.0553862016536061,7,0,0,0.948138901550806
"4185","Lamp5","CNDP1",-0.219737156282352,0.135191649211931,0.104082633092503,-0.484707919748309,0.0452336071836041,5,0.0259649727126299,29.6312470457067,0.455085911390479
"4186","Lamp5","NPIPB3",-0.11979710139173,0.104452818182717,0.251422302857454,-0.324520863113565,0.0849266603301049,6,0,0,0.64193208701728
"4187","Lamp5","OR2L2",0.0419059044573805,0.173091954576169,0.808701146110002,-0.297348092525554,0.381159901440315,6,0.0562831105358621,34.3643516917645,0.947362141179829
"4188","Lamp5","LINC01750",0.156019985613446,0.0847657171339507,0.0656798402231522,-0.0101177670928069,0.322157738319699,5,0,0,0.373672580884055
"4189","Lamp5","TMEM14C",-0.120882105903134,0.0982820988061361,0.218715682358128,-0.313511479888167,0.0717472680819002,6,0.0238693883006254,44.7375662608931,0.608563630437471
"4190","Lamp5","TATDN3",-0.0253505957584214,0.0346840482398469,0.464839797480344,-0.0933300811465711,0.0426288896297283,7,0,0,0.800708976211741
"4191","Lamp5","HMGCR",0.165330629485631,0.0782803901712813,0.0346837699083322,0.0119038840541761,0.318757374917085,7,0.0105625247092828,26.360536655151,0.287703178241735
"4192","Lamp5","CCDC180",0.111018467342364,0.0746292159076339,0.136856251656063,-0.0352521080310618,0.25728904271579,5,0,0,0.509388083895069
"4193","Lamp5","G6PC3",-0.0304372120095274,0.105939975118307,0.773877873397037,-0.238075747764478,0.177201323745423,7,0.0264279816031922,37.4806958677208,0.93379129128798
"4194","Lamp5","CFLAR-AS1",0.127553857105828,0.102854371624216,0.214923484323942,-0.0740370069301344,0.329144721141791,5,0,0,0.605928356991023
"4195","Lamp5","ANKAR",0.0543001235170314,0.0293957817108346,0.0647169985352366,-0.00331454993360555,0.111914796967668,7,0,0,0.371880205906429
"4196","Lamp5","DHX15",0.0133823548611038,0.0272705944186049,0.62362115880509,-0.0400670280363608,0.0668317377585684,7,0,0,0.878949373971724
"4197","Lamp5","PYY",0.129168986604425,0.115827788688282,0.264772728052743,-0.0978493076335236,0.356187280842374,6,0.0109097931383569,13.0758873925573,0.654477926053113
"4198","Lamp5","FBN2",0.174897511174881,0.127298522029297,0.169467676482594,-0.07460300728772,0.424398029637481,7,0.0368372222176494,34.8402286617368,0.558463472872785
"4199","Lamp5","MRPS9",0.023209525922274,0.0275085458431465,0.398825571317029,-0.0307062331973622,0.0771252850419102,6,5.74254033572759e-07,0.0110664954455921,0.762640711125736
"4200","Lamp5","SLC22A5",-0.0488509782051554,0.0437374599394001,0.264031128584417,-0.134574824461643,0.0368728680513321,7,0.00164748335727507,11.8726187355742,0.65404384915092
"4201","Lamp5","RCL1",0.022918964796858,0.0310269829984368,0.460102253255395,-0.0378928044290147,0.0837307340227307,7,0,0,0.799114769561592
"4202","Lamp5","ZNF620",-0.109778430018453,0.114412218161071,0.337307330314976,-0.334022257005491,0.114465396968586,6,0.0281947144086748,39.1167566645214,0.718535511798503
"4203","Lamp5","POLR3A",-0.0310056044283319,0.0306486936668995,0.311707716706768,-0.0910759401886557,0.0290647313319919,7,1.37172052910772e-06,0.0181127072969318,0.698312131064191
"4204","Lamp5","RPL21",-0.0969044512835723,0.0757004076506089,0.200508298931473,-0.245274523893766,0.0514656213266216,7,0,0,0.591415610548944
"4205","Lamp5","NT5DC3",0.0722886414343075,0.0570109800334385,0.204805976328919,-0.0394508261545641,0.184028109023179,6,0.00961336779289805,55.0276993247655,0.59405158159533
"4206","Lamp5","UGDH",0.0331155364869087,0.0501503865815037,0.509045514539708,-0.0651774150235994,0.131408487997417,7,0,0,0.824364693203052
"4207","Lamp5","EIF4ENIF1",-0.00610237092379962,0.0314251630463705,0.846029143017052,-0.0676945587029849,0.0554898168553856,7,0,0,0.959421815061179
"4208","Lamp5","STOML1",-0.0290355140513557,0.0504595444295174,0.56500616901091,-0.127934403809508,0.0698633757067971,7,4.65516294509811e-07,0.00232380880481259,0.852935819308762
"4209","Lamp5","TFR2",-0.13324109729537,0.0739453065634468,0.0715631632095837,-0.278171234985499,0.0116890403947595,7,0.00811890269213088,21.9697129972099,0.387226212610451
"4210","Lamp5","EXTL1",-0.0848047469877809,0.071423942638652,0.235092195220661,-0.224793102193393,0.0551836082178316,7,0.00894381771227144,26.7547830394172,0.625081420051728
"4211","Lamp5","FAM53A",-0.0631568348934092,0.113806637296283,0.578929813178421,-0.286213745195736,0.159900075408918,5,0,0,0.858378677238391
"4212","Lamp5","DHDH",-0.0567679093407008,0.120604359778399,0.637858317340658,-0.293148110884875,0.179612292203473,6,0.0171013886707773,19.6729714534301,0.885086808739919
"4213","Lamp5","DOP1B",-0.0875929953789072,0.040024683206158,0.0286350625499885,-0.166039932955602,-0.00914605780221234,5,0,0,0.264437616243485
"4214","Lamp5","TRAPPC6A",-0.0545784598426786,0.073160661119693,0.455662406032229,-0.197970720722417,0.0888138010370595,6,0,0,0.796559964002254
"4215","Lamp5","RAMP2-AS1",-0.150372727723298,0.133952821122928,0.261616009279828,-0.412915432751772,0.112169977305176,5,0,0,0.652691555693316
"4216","Lamp5","VPS25",0.130386861778568,0.114438233641983,0.254551152870166,-0.0939079546140995,0.354681678171235,6,0,0,0.645664147875042
"4217","Lamp5","CYP27C1",0.134717979531214,0.183339883697513,0.462461861968566,-0.224621589445673,0.494057548508101,5,0.0408671038532848,24.1525450217211,0.800026241469996
"4218","Lamp5","TTBK1",-0.0932279621891053,0.0479142764923809,0.0516878908973908,-0.187138218459466,0.000682294081255516,7,0.00387569573890818,25.8292910693514,0.339912216016716
"4219","Lamp5","RABL6",-0.0341487470483618,0.0324501143153813,0.292640847551966,-0.0977498024007168,0.0294523083039932,7,0,0,0.682733495098315
"4220","Lamp5","UFD1",-0.0617200028772018,0.064376717928576,0.337693903757128,-0.187896051460105,0.0644560457057013,5,0.00414064612711165,19.826402680544,0.718706834406498
"4221","Lamp5","SLC2A11",-0.00452261743996777,0.0819737892315116,0.956001828921642,-0.165188292010008,0.156143057130072,5,0,0,0.992625038162505
"4222","Lamp5","ADNP-AS1",0.00205120658631419,0.0813859441552881,0.979892685010997,-0.157462312805839,0.161564725978467,6,0,0,0.997093441046833
"4223","Lamp5","KLHL14",-0.157266574339267,0.170622291253369,0.356672822927846,-0.491680120155573,0.177146971477039,5,0,0,0.732803835949194
"4224","Lamp5","HDGFL2",-0.0928522436304148,0.0459104586812014,0.0431284531976351,-0.182835089159284,-0.00286939810154568,5,0,0,0.313539922061105
"4225","Lamp5","AKR1A1",-0.100186053661267,0.058399561432654,0.0862485578271695,-0.214647090782203,0.0142749834596692,7,6.11059217684739e-07,0.0022093111722934,0.420219835304873
"4226","Lamp5","UBA3",0.0353692888932141,0.0277218104819349,0.202003230516072,-0.0189644612376232,0.0897030390240514,7,0,0,0.592631191281858
"4227","Lamp5","THAP11",-0.0130345543918917,0.0931549700123979,0.888720561316982,-0.1956149405971,0.169545831813317,5,0.00746420931591365,16.6419201967564,0.974528625783036
"4228","Lamp5","TMUB1",-0.0119201560207504,0.0618534517104545,0.847181313386575,-0.133150693692729,0.109310381651228,6,0,0,0.959507654776972
"4229","Lamp5","C20orf96",0.0406148832295307,0.0666941473320556,0.542542849900213,-0.0901032435209064,0.171333009979968,7,0,0,0.841648714743371
"4230","Lamp5","DYM",0.0469307458742724,0.0267123182910433,0.0789356606346442,-0.00542443591974305,0.0992859276682878,7,1.39951816152696e-06,0.0256341662482934,0.405843321379927
"4231","Lamp5","CREB3",-0.127639299364126,0.0720962721700986,0.0766603932686929,-0.268945396237116,0.0136667975088649,5,0,0,0.401432018296151
"4232","Lamp5","ERN1",0.164108258083027,0.07178394138708,0.0222459731514749,0.0234143182960164,0.304802197870038,7,0.00394317620377457,10.3265719612539,0.235913209565378
"4233","Lamp5","BPHL",-0.03663847519516,0.0429443015771648,0.393569099006403,-0.12080775962763,0.0475308092373096,6,2.21573075602337e-06,0.0175051100163927,0.759050773360235
"4234","Lamp5","NUDT19",-0.179150513542415,0.0566274480453079,0.00155793760645157,-0.290138272247632,-0.0681627548371984,6,0,0,0.0705733933164935
"4235","Lamp5","RHOG",-0.0920199642259924,0.100901813450123,0.36178170643981,-0.289783884563013,0.105743956111028,5,0.00692771846741414,12.7945038616836,0.736264102753927
"4236","Lamp5","RUVBL2",0.00727020550101574,0.0627138820515465,0.907710734517151,-0.115646744650708,0.13018715565274,7,0,0,0.979767074450202
"4237","Lamp5","RYR3",0.00499105232825679,0.0767101041963635,0.948123187691251,-0.14535798914693,0.155340093803444,7,8.38597509967147e-07,0.00182614875845515,0.989407085654421
"4238","Lamp5","ALDH1A2",-0.0459191030955849,0.0866672754225472,0.596228358533272,-0.215783841561991,0.123945635370821,6,3.34952894359449e-06,0.00672674175025407,0.865957607444669
"4239","Lamp5","SMAD7",-0.00275067248264579,0.0591241736290755,0.962892882871019,-0.118631923411327,0.113130578446035,7,0,0,0.994163912108515
"4240","Lamp5","NUDT22",-0.175143563990563,0.103759120225582,0.0914146163654164,-0.378507702700264,0.0282205747191382,7,0.0266804948220344,40.6867182238104,0.43227655085568
"4241","Lamp5","ZGRF1",-0.141090379428155,0.0565421810751609,0.012584644431742,-0.251911017942812,-0.030269740913497,7,0.00370910964463176,16.4690558940724,0.181789091051703
"4242","Lamp5","SIRT4",-0.0931620412569553,0.0686000550341072,0.174449037814214,-0.227615678461271,0.0412915959473605,6,0,0,0.565544848484534
"4243","Lamp5","BAIAP2-DT",-0.0113125818391195,0.084850804577316,0.893937770649204,-0.177617102869905,0.154991939191666,5,0.00570888993627408,15.2699154890089,0.975921257738596
"4244","Lamp5","LRRC43",-0.0726315426726643,0.132320818729223,0.583070731381172,-0.331975581786794,0.186712496441465,6,0.0426978147060913,45.770797573703,0.859160039007816
"4245","Lamp5","CIZ1",-0.0473767041336713,0.0407385755272567,0.244852003180496,-0.127222844948559,0.0324694366812167,7,0.00228747915571734,20.4302076655312,0.636602338199387
"4246","Lamp5","CNTLN",0.0742886003228652,0.119101622562537,0.532797498456411,-0.159146290399989,0.30772349104572,7,0.0620112608632697,74.4333757031411,0.837186823533913
"4247","Lamp5","RAP2B",0.0823127873838575,0.0646178127450621,0.202719946022663,-0.0443357983562175,0.208961373123932,6,0,0,0.593144491400319
"4248","Lamp5","TRIOBP",0.0883958315124519,0.142244980899426,0.534314273460616,-0.190399208032011,0.367190871056915,6,0.0642717776875353,61.5809357748509,0.838037301304696
"4249","Lamp5","ZNF433",-0.083484349462558,0.0971586157092939,0.390198010816583,-0.273911737040542,0.106943038115425,5,0,0,0.756630141601695
"4250","Lamp5","PPP1R1A",0.0659686287540453,0.132206929491293,0.617793393431653,-0.193152191555516,0.325089449063606,5,0.0429418214430547,52.1886795165359,0.877117743092904
"4251","Lamp5","CWC15",-0.0255438144020684,0.0482847216299875,0.596788257681974,-0.120180129800386,0.0690925009962492,7,0,0,0.865992238665974
"4252","Lamp5","ATP1A1-AS1",-0.104677048564602,0.0984490564478866,0.287663576858158,-0.297633653514411,0.0882795563852062,5,0.01034190665504,21.307016921345,0.677503269477071
"4253","Lamp5","PLGLB1",-0.0140959007212208,0.0708906603860559,0.842387885240197,-0.153039041918151,0.124847240475709,7,0,0,0.958821007634427
"4254","Lamp5","TTLL12",-0.111709783222506,0.0523045197831649,0.0326991649448598,-0.214224758226172,-0.00919480821884032,7,0,0,0.281735816697103
"4255","Lamp5","SLC22A13",-0.0284748840665515,0.0986067612234761,0.772755764100079,-0.221740584696706,0.164790816563602,6,0,0,0.933379071091086
"4256","Lamp5","DHRS13",0.0139787078671491,0.0712459889093672,0.844450938328372,-0.125660864438151,0.153618280172449,6,0,0,0.959421815061179
"4257","Lamp5","AP4S1",0.0533008983135718,0.03166161017944,0.0922870293761315,-0.00875471733067739,0.115356513957821,7,0.000824804891162785,11.2548079600813,0.434170174787237
"4258","Lamp5","PVALEF",-0.178225718833365,0.0730971250546629,0.014760432538887,-0.321493451313925,-0.0349579863528056,5,2.75171442054814e-06,0.00858141708010979,0.193890854540042
"4259","Lamp5","PRELID3B",-0.0746473752585372,0.156498174505963,0.63337237757176,-0.381378160936489,0.232083410419415,5,0.0539436390113289,46.6262067659425,0.882993296421211
"4260","Lamp5","RABEP2",-0.108076145924099,0.0579918617080452,0.0623718093274036,-0.221738106268295,0.00558581442009709,7,0,0,0.367678264177257
"4261","Lamp5","HES6",-0.186119786066776,0.0739286483927287,0.0118170940317637,-0.331017274342249,-0.0412222977913027,5,3.17675761707337e-06,0.0104660148642092,0.176430246599078
"4262","Lamp5","DSCR9",-0.266015133062678,0.137394883219379,0.0528510878988615,-0.535304155832748,0.00327388970739095,5,0,0,0.341371320161645
"4263","Lamp5","PPIA",-0.0309404025547537,0.052164492246683,0.553093163467849,-0.133180928630071,0.0713001235205638,7,0,0,0.847358654329107
"4264","Lamp5","ACOT12",-0.0265130922355987,0.214494246844564,0.90162607375613,-0.446914090941988,0.393887906470791,6,0.167257022011478,67.3427958646258,0.977956078464346
"4265","Lamp5","CITED4",0.207939505573248,0.119507264849798,0.0818636247112813,-0.0262904294232453,0.44216944056974,5,0.0211264235380262,30.2796507949688,0.412560930434982
"4266","Lamp5","ZNF808",-0.00704166678882088,0.0693098491267248,0.919076628958116,-0.142886474851106,0.128803141273465,7,0.00795901002696523,24.973182483026,0.982309092211961
"4267","Lamp5","NRP1",0.00187153534081857,0.148992995548101,0.989977851779212,-0.290149369882196,0.293892440563833,6,0.053046505049531,43.346988255448,0.998157417538791
"4268","Lamp5","AMMECR1L",0.0309670581475131,0.0490930177811024,0.528182192427908,-0.065253488595832,0.127187604890858,7,0,0,0.834967724949814
"4269","Lamp5","ENDOG",-0.0189222552655189,0.117104230725538,0.871632884574142,-0.248442329924843,0.210597819393805,6,0.0413150759939575,54.9021854825614,0.968577940382375
"4270","Lamp5","AKAP8",-0.0638868851307314,0.0415362899194868,0.124024650959588,-0.14529651742434,0.0175227471628767,7,1.76574495260339e-06,0.0124975310622211,0.486420153219607
"4271","Lamp5","PLA2G15",-0.0732224932286475,0.0593918344671714,0.217623752863267,-0.189628349760068,0.0431833633027731,7,0,0,0.607397120257931
"4272","Lamp5","PRMT1",-0.0399671028943948,0.0494327230477206,0.418794118465055,-0.13685345972567,0.0569192539368806,7,0.000158202939927924,0.795356108557889,0.774175034143301
"4273","Lamp5","TAF7L",0.00982263195674843,0.0926901449829899,0.915603952265687,-0.171846713931708,0.191491977845205,5,0,0,0.980734315041589
"4274","Lamp5","STAM2",0.0099447152631271,0.0292238307684069,0.733634594159435,-0.047332940533244,0.0672223710594982,7,0,0,0.920044423350121
"4275","Lamp5","KCNH8",-0.142088072310629,0.0756775148832684,0.0604431958508229,-0.290413275921329,0.00623713130007056,6,0,0,0.363053831833245
"4276","Lamp5","NOXRED1",-0.0521133979622071,0.0927682549752081,0.5742802606991,-0.233935836622244,0.129709040697829,6,0,0,0.856247790013208
"4277","Lamp5","PSMB5",-0.0574648425871454,0.0586494804452268,0.327184164817149,-0.172415711971776,0.0574860267974853,7,0.00274915671922666,10.8794858696745,0.710412234133167
"4278","Lamp5","CSAD",-0.0194356610813298,0.0279516774975055,0.486848043231236,-0.0742199422839192,0.0353486201212596,7,0,0,0.814177681246292
"4279","Lamp5","IFT20",-0.0333723039578252,0.0442509882039972,0.450753442068344,-0.120102647117966,0.0533580392023161,7,0.00226057325202493,16.5340936730459,0.794077894076118
"4280","Lamp5","PAFAH2",0.114509763195504,0.0745154887282463,0.12436083475361,-0.0315379110022594,0.260557437393267,7,0,0,0.486676597412247
"4281","Lamp5","RPP25",-0.0234720921209218,0.109689203360615,0.830556991828259,-0.238458980200617,0.191514795958773,7,0.02668685854947,36.1904676778675,0.9557195814756
"4282","Lamp5","PEX6",-0.0724847519451759,0.0363761249942098,0.0463001882478064,-0.143780646830954,-0.00118885705939735,7,0,0,0.323836123956005
"4283","Lamp5","LDOC1",-0.0209893744355158,0.0626239426243796,0.737500373132231,-0.143730046549203,0.101751297678171,7,0.0063695368007732,24.9942353498914,0.921463278270996
"4284","Lamp5","SHMT2",0.15467658580193,0.107995508458237,0.15207223707383,-0.056990721268306,0.366343892872166,5,0,0,0.532230577455645
"4285","Lamp5","CHRNE",-0.0063171283142201,0.258535603168955,0.980506214262945,-0.513037599246712,0.500403342618272,5,0.248462736798876,84.1248710466531,0.997093441046833
"4286","Lamp5","SLC35E4",0.0128588087075992,0.0500752156452999,0.797340981367264,-0.0852868104752653,0.111004427890464,7,2.19846828232201e-07,0.00106558935672741,0.943226894493407
"4287","Lamp5","CACHD1",0.139218550318026,0.0881069287632121,0.11408190861352,-0.0334678568463055,0.311904957482358,5,0,0,0.469877796733769
"4288","Lamp5","ZNF19",-0.255727382959427,0.123017898123346,0.0376373990379593,-0.496838032735003,-0.014616733183852,5,0,0,0.297496025759622
"4289","Lamp5","PIGA",-0.0419037841754578,0.0892271409506664,0.638619051163273,-0.216785766882243,0.132978198531327,6,6.58357827257991e-08,0.000120125648901874,0.885223881193556
"4290","Lamp5","ETNK2",0.0241708025984443,0.0600520694285023,0.687317991783101,-0.0935290906785191,0.141870695875408,7,0,0,0.903181005962289
"4291","Lamp5","ZNF726",0.0426426186214271,0.073899335689328,0.563914756815305,-0.102197417811091,0.187482655053945,7,0,0,0.852935819308762
"4292","Lamp5","ZPR1",0.00288518612340289,0.063987701338216,0.96403581294776,-0.122528403953006,0.128298776199812,7,0,0,0.99419564321202
"4293","Lamp5","TOR1AIP2",-0.000204314737439895,0.0276412577832123,0.994102363526091,-0.0543801844799235,0.0539715550050437,7,2.02416580501121e-06,0.0333510909798793,0.998808560940909
"4294","Lamp5","THAP1",0.0590418717962317,0.0764497283000326,0.439938727889041,-0.0907968422997047,0.208880585892168,7,0,0,0.787844750947146
"4295","Lamp5","CSTF1",-0.0161043642564694,0.0525961552292557,0.759460745997184,-0.119190934231089,0.0869822057181498,7,0,0,0.926555528105898
"4296","Lamp5","STOML2",0.0383190432668604,0.0680387422043237,0.573302468980259,-0.0950344410070195,0.17167252754074,6,2.78452385873643e-07,0.000899232438204969,0.856052469288915
"4297","Lamp5","FAM120AOS",0.0100410032409646,0.0378066811032473,0.790556479094601,-0.0640587300963913,0.0841407365783204,7,0,0,0.940310954555847
"4298","Lamp5","SERHL2",-0.133079696394012,0.076678227215516,0.0826415891138262,-0.283366260134802,0.0172068673467787,6,0.000195749103499206,0.483743183741292,0.413692241193909
"4299","Lamp5","ZDHHC21",0.0735668319145777,0.0275383742536164,0.00755288828292302,0.0195926101847045,0.127541053644451,7,9.65944743343536e-07,0.0159191350902238,0.146311626191069
"4300","Lamp5","WRAP53",-0.0694889460684267,0.0842619296404644,0.409554516312996,-0.234639293431585,0.0956614012947316,5,0,0,0.770066858703021
"4301","Lamp5","ZSCAN2",0.00920536999152813,0.101163345181377,0.927496474481366,-0.189071143119565,0.207481883102621,7,0.0110323129332578,15.3154710451762,0.983884112435921
"4302","Lamp5","NT5C2",0.00130408816760749,0.0265161072797531,0.960775067907675,-0.0506665271109088,0.0532747034461238,7,0,0,0.99402737661308
"4303","Lamp5","SLC25A48",-0.0219806631205197,0.0457991492820891,0.631272861361267,-0.111745346235988,0.0677840199949484,6,0,0,0.882993296421211
"4304","Lamp5","ATRAID",-0.000593645517035212,0.068798757588224,0.993115359469008,-0.135436732571056,0.134249441536986,6,5.68379172920259e-06,0.0177360932577441,0.998654866216999
"4305","Lamp5","LINC00174",0.0554795342101875,0.0453745502062595,0.221442430164597,-0.0334529500087856,0.144412018429161,5,0,0,0.61174351975652
"4306","Lamp5","TRPV2",-0.208251728386681,0.18140674465454,0.250975878963757,-0.563802414462234,0.147298957688872,5,0.0406748744170967,25.0006835114368,0.64193208701728
"4307","Lamp5","INTS14",-0.0170283212173586,0.0744333298321068,0.819045509273193,-0.162914966937679,0.128858324502961,5,0.0120882302128841,49.6576983758842,0.951429358465092
"4308","Lamp5","GPR137B",0.0427395851229502,0.0429190298788598,0.319338100187522,-0.0413801676910134,0.126859337936914,7,0.00133552368019601,9.77859361632565,0.704062213401684
"4309","Lamp5","VGF",-0.911288047538704,0.203515023777946,7.54362087780483e-06,-1.31017016445629,-0.512405930621117,6,0.0709071478345827,30.0885190020703,0.00820128746160618
"4310","Lamp5","SKIDA1",0.00944615016026793,0.0730316754208853,0.897086094614844,-0.133693303395286,0.152585603715822,7,6.54882896767326e-06,0.0148276062693486,0.976551460826999
"4311","Lamp5","CCDC137",-0.029387866371589,0.0623762964251661,0.637541928982938,-0.151643160853909,0.0928674281107311,7,0,0,0.884907605467381
"4312","Lamp5","MYBPHL",0.0862735506371661,0.121889426210217,0.479068372038735,-0.152625334831112,0.325172436105444,5,0,0,0.810032727270423
"4313","Lamp5","LINC00472",0.0584389297141153,0.0762900441442428,0.443670406663492,-0.0910868091875714,0.207964668615802,7,0.0119294852459973,32.5185717145283,0.789520156582511
"4314","Lamp5","CADM2",0.0898346027705871,0.0385736768853007,0.0198638602510523,0.0142315853241126,0.165437620217062,7,2.15738884907406e-06,0.0192108883204426,0.225381313797281
"4315","Lamp5","FAM66A",-0.458559590711892,0.308116254165877,0.136680205364616,-1.0624563519284,0.145337170504617,5,0.214286187315512,47.2910598214655,0.509366960409923
"4316","Lamp5","STIP1",0.187716547636945,0.0582901079407291,0.0012801886268654,0.0734700354181641,0.301963059855726,7,2.97048800633866e-07,0.00114856969805413,0.0627726718097994
"4317","Lamp5","CAPS",-0.108027923205141,0.0776873306100281,0.164362686493626,-0.260292293255852,0.0442364468455703,6,0,0,0.550591979769544
"4318","Lamp5","OPCML",0.0727258635723872,0.0398676823689629,0.0681247324513619,-0.00541335801786254,0.150865085162637,7,0,0,0.379638245752953
"4319","Lamp5","PLAAT5",0.0400189354981311,0.10570829571373,0.705000556797841,-0.16716551696789,0.247203387964153,5,6.06464515320938e-07,0.000943871209342376,0.910144531473291
"4320","Lamp5","DACH1",0.0234466869217143,0.103366866544734,0.820556081092539,-0.179148648700723,0.226042022544151,6,0.0152338438093089,24.2148061947863,0.952018241840247
"4321","Lamp5","CECR2",-0.0890831691004248,0.0656100729569635,0.174537739723498,-0.217676549119119,0.039510210918269,7,2.93209201990518e-06,0.00773048254192537,0.565544848484534
"4322","Lamp5","CLDN20",0.0520750499895622,0.0998306521283383,0.601925272289033,-0.143589432735128,0.247739532714252,5,0,0,0.8680338189747
"4323","Lamp5","SEC23B",-0.106542584769028,0.0353683154584503,0.00259213240887092,-0.175863209261442,-0.0372219602766142,7,0,0,0.0856334571206831
"4324","Lamp5","SNN",-0.0118305823572348,0.0592503896678512,0.841737924691897,-0.127959212176187,0.104298047461718,6,0.000371077940839775,1.60237712217595,0.958821007634427
"4325","Lamp5","C15orf39",0.178718856798302,0.0920583307860168,0.0522139737947109,-0.00171215601916616,0.35914986961577,5,0,0,0.340651666887092
"4326","Lamp5","TMEM131L",0.000724449200024565,0.0422864486396789,0.986331352569666,-0.0821554671678487,0.0836043655678979,5,0,0,0.997350697988338
"4327","Lamp5","PLCG2",0.030403793908385,0.185594860455479,0.869874357285915,-0.333355448300091,0.394163036116861,5,0,0,0.968155182762425
"4328","Lamp5","KCNK6",-0.168527203937176,0.086027541960761,0.0501138088245792,-0.337138087858775,8.36799844242675e-05,7,0.00362989250455329,6.50567063457391,0.334379106357185
"4329","Lamp5","LRRC14",-0.00917403261462128,0.0853246548679651,0.914377150159761,-0.176407283149143,0.1580592179199,5,0,0,0.980734315041589
"4330","Lamp5","TMEM161B",0.0732722538811701,0.0300481347462743,0.0147485253196596,0.0143789919758659,0.132165515786474,7,4.92623794745257e-06,0.0679399319653639,0.193890854540042
"4331","Lamp5","GPR146",0.000642466488898892,0.0963070521140925,0.994677333808961,-0.188115887111945,0.189400820089742,6,0,0,0.998808560940909
"4332","Lamp5","DOCK1",-7.9171107805767e-05,0.070577867214135,0.999104968826273,-0.138409248953161,0.138250906737549,6,0,0,0.999773769742565
"4333","Lamp5","C2orf92",-0.133008807105649,0.0700594973815931,0.0576286485868838,-0.27032289874855,0.00430528453725157,5,1.07812082226351e-06,0.0036814627646037,0.354516979655629
"4334","Lamp5","RAPGEF3",-0.069037589255464,0.111143226582851,0.534495168015392,-0.286874310483426,0.148799131972498,5,0,0,0.838078892657149
"4335","Lamp5","ETFDH",-0.0845541278657282,0.0380225214374622,0.0261625324123177,-0.159076900484556,-0.0100313552469002,6,0,0,0.252728372470846
"4336","Lamp5","SYNGR2",-0.114126766152991,0.0897648283374665,0.203587319834132,-0.290062596772846,0.0618090644668636,6,0,0,0.593161131697475
"4337","Lamp5","TMEM191C",-0.0129063591050154,0.0666282865711293,0.846405385693658,-0.143495401136043,0.117682682926012,6,0,0,0.959421815061179
"4338","Lamp5","NT5E",0.0208855023655067,0.098753775493178,0.832504410080793,-0.172668340938476,0.21443934566949,6,0.00916157760381337,15.3253944411474,0.956380426527974
"4339","Lamp5","NDUFA3",0.0496269303461228,0.0744870543751274,0.505251916146958,-0.0963650135436035,0.195618874235849,6,0,0,0.822642296147239
"4340","Lamp5","PRR11",0.00679945966466427,0.138827535150608,0.960937031285594,-0.265297509292996,0.278896428622324,5,0.0198644984208514,20.1073478107194,0.99402737661308
"4341","Lamp5","TMEM72-AS1",-0.0507073220608848,0.0404973882353867,0.210528549320564,-0.130080744470179,0.0286661003484093,7,2.74222571908196e-07,0.00215465569158979,0.60080774843497
"4342","Lamp5","NSDHL",0.201017963872562,0.0839294295427833,0.0166165957773721,0.0365193047257152,0.36551662301941,6,0,0,0.206238639985863
"4343","Lamp5","KANK1",-0.0637335901629191,0.0769691628250724,0.407647519202145,-0.21459037722026,0.0871231968944219,7,0,0,0.76893638519534
"4344","Lamp5","TRMT1",-0.157885778171808,0.0480146885494205,0.00100801248218738,-0.25199283845758,-0.0637787178860359,6,0,0,0.0571318543814165
"4345","Lamp5","HRH1",-0.049769698428655,0.0554543299677573,0.369457585727534,-0.15845818795226,0.0589187910949496,7,0.00337700608985887,15.7044134909915,0.741486873434852
"4346","Lamp5","ZNF621",-0.176751069782229,0.1194059389234,0.138805583595534,-0.410782409612283,0.0572802700478249,6,0.0241287528533349,29.5305775757929,0.5124964415619
"4347","Lamp5","DAG1",-0.0834841418130996,0.0548326402088614,0.127877237857846,-0.190954141799711,0.0239858581735116,7,0.00662738499091082,34.8432193959382,0.491839132303546
"4348","Lamp5","PGBD4",-0.0718619822299279,0.0760310952236425,0.344574295101526,-0.220880190573402,0.0771562261135466,7,0,0,0.72433889877292
"4349","Lamp5","TRAF1",-0.052564382219346,0.100804627085579,0.60205464475099,-0.250137820782072,0.14500905634338,6,0,0,0.868093983189908
"4350","Lamp5","SRSF2",-0.123215996988872,0.0401964597008145,0.00217419397642536,-0.201999610308484,-0.0444323836692596,7,0,0,0.0816161615188604
"4351","Lamp5","ZNF454",-0.0119347656545218,0.0590366337700598,0.83979270519573,-0.12764444161232,0.103774910303277,7,0,0,0.958356578693386
"4352","Lamp5","CCDC158",0.211981773837307,0.102647887448542,0.0389102020657853,0.0107956113490449,0.41316793632557,6,0,0,0.302947334964014
"4353","Lamp5","CCDC134",0.0302278019275675,0.0635906762224461,0.634537817901552,-0.0944076332209744,0.154863237076109,6,0,0,0.883274563016695
"4354","Lamp5","RAD54L",-0.0607681271008399,0.108597923045923,0.575772852157049,-0.273616145066701,0.152079890865021,5,0,0,0.857172605371113
"4355","Lamp5","ZNF574",-0.0851853307763639,0.0801881483975268,0.288091247375192,-0.24235121362247,0.0719805520697417,6,0,0,0.677807151594677
"4356","Lamp5","NEIL2",0.0322684797290846,0.09240612139368,0.726937036637467,-0.148844190153564,0.213381149611734,7,0.0240374087081113,47.59358824197,0.918061663375543
"4357","Lamp5","IREB2",-0.0221729676151384,0.0278208870656326,0.425456863438283,-0.0767009042817345,0.0323549690514578,7,0,0,0.778225547546409
"4358","Lamp5","SLC6A7",0.00942161432664775,0.0832383380619134,0.909881191807346,-0.153722530407672,0.172565759060968,6,0,0,0.979993184257472
"4359","Lamp5","SRCAP",0.204072531983638,0.340831319241996,0.549340040576225,-0.463944578533947,0.872089642501224,5,0.444306764048298,88.676692292169,0.844764971297428
"4360","Lamp5","AGA",-0.270398945757807,0.128276149456237,0.03503582949797,-0.521815578767508,-0.0189823127481048,5,0,0,0.288961024114637
"4361","Lamp5","TNFRSF1A",0.0637653838595654,0.0796186791113334,0.423198384350368,-0.0922843596952995,0.21981512741443,5,0.00283546596567158,8.40414309152635,0.777304481407779
"4362","Lamp5","SNX9",-0.0105971848657989,0.0319376679784906,0.740033979934448,-0.0731938638538386,0.0519994941222409,7,0.00103766324530173,14.4265636424166,0.922699531904995
"4363","Lamp5","AUNIP",0.0583449905516458,0.119430710599568,0.625177413550037,-0.175734900871533,0.292424881974825,5,0,0,0.87996431216605
"4364","Lamp5","CEP44",0.0620283948961896,0.0441035059609503,0.159597143249987,-0.0244128883792206,0.1484696781716,7,0.00224014686522027,16.4750688297591,0.543942016911792
"4365","Lamp5","MAPK11",0.0306631269743474,0.0675265452549274,0.649764071383785,-0.101686469725724,0.163012723674419,5,0,0,0.889381770593874
"4366","Lamp5","SLC45A2",-0.0465361204076237,0.10112671546551,0.645389662082911,-0.244740840594854,0.151668599779607,6,0,0,0.88705623514573
"4367","Lamp5","SLC14A2",0.017836533284181,0.0861896375239289,0.836052642340477,-0.151092052103282,0.186765118671644,7,0.00137396847440596,2.38294586610822,0.958003625387149
"4368","Lamp5","FAM32A",-0.0632968307618873,0.0800991817425196,0.429393062424246,-0.220288342168354,0.0936946806445795,7,0.00880315630201048,20.1911804525287,0.781933596123919
"4369","Lamp5","SGSH",-0.052978805690171,0.115743667597096,0.647149804649724,-0.279832225619055,0.173874614238713,6,0.0286312689767773,38.3286518934142,0.888141440647929
"4370","Lamp5","NCOA3",0.0417655834592389,0.0509661368396853,0.412514245943698,-0.0581262091776844,0.141657376096162,7,0.00830626841848931,53.4125119761487,0.771544865067357
"4371","Lamp5","PRTFDC1",0.0106216568151643,0.038968272060234,0.785182297853993,-0.0657547529626528,0.0869980665929814,7,8.39406386367977e-07,0.00698376831011764,0.938342670134496
"4372","Lamp5","LZTFL1",0.0922392317876293,0.0595058837854079,0.121120898358973,-0.0243901572999962,0.208868620875255,7,0,0,0.48107975136205
"4373","Lamp5","PCIF1",-0.0112257567321283,0.0684306217872008,0.869695081652871,-0.145347310874724,0.122895797410467,6,0,0,0.968084250924989
"4374","Lamp5","CYP27A1",0.0656309351077755,0.0983027331169026,0.504362779207495,-0.127038881383206,0.258300751598757,5,0,0,0.822278216591144
"4375","Lamp5","TRABD2A",-0.0859639376434616,0.111539940178512,0.440884209864387,-0.304578203231097,0.132650327944174,5,0,0,0.78860584069802
"4376","Lamp5","MIR155HG",0.0403796002437305,0.0986453858816357,0.682289435951764,-0.152961803325331,0.233721003812792,6,0,0,0.902529462625427
"4377","Lamp5","BFSP1",0.0467101596621329,0.0959300086599878,0.626315617201847,-0.141309202348059,0.234729521672324,6,8.17667175256537e-07,0.0012896269869063,0.880609228439783
"4378","Lamp5","NPIPB4",-0.0168806058937651,0.102929353303688,0.869729675720218,-0.218618431320993,0.184857219533463,7,0.0330226373704958,51.4837195895817,0.968084250924989
"4379","Lamp5","CEMIP2",-0.209241601811622,0.0874261103189419,0.0166951394714884,-0.380593629345173,-0.0378895742780698,5,0.0100917840247532,27.1751282499449,0.206684444036781
"4380","Lamp5","TMEM165",-0.032676130895433,0.0258240503539579,0.205750486110162,-0.0832903395241393,0.0179380777332732,7,0.000154271620551315,2.94956106751366,0.59469941911079
"4381","Lamp5","CPEB1-AS1",-0.0493820623793852,0.0617910710680047,0.424187227430987,-0.170490336238829,0.0717262114800589,7,0,0,0.778050998360332
"4382","Lamp5","ITGB8",-0.0235540632981209,0.0730247349150124,0.747036739108718,-0.16667991371213,0.119571787115888,7,0.00247047372071797,6.04791744133358,0.924251227291657
"4383","Lamp5","NDUFA6",-0.0493126220438529,0.0645050590526479,0.444583148546733,-0.175740214607672,0.0771149705199663,6,1.81198645296336e-06,0.00619539537547817,0.789927121179229
"4384","Lamp5","DNAJC6",0.0307478941104729,0.0253763873249262,0.225637416201324,-0.0189889111041212,0.080484699325067,7,1.18829893009499e-06,0.0232292830610172,0.616635708489861
"4385","Lamp5","IDUA",-0.277463404455915,0.0799698153764649,0.000521230764697067,-0.434201362444104,-0.120725446467726,6,0,0,0.0452902827819608
"4386","Lamp5","AGPAT3",-0.0391810441347209,0.025741106325569,0.127979099477611,-0.0896326854550523,0.0112705971856106,7,2.17981060093981e-06,0.0402159032223159,0.491843293266523
"4387","Lamp5","CLPX",-0.00190585640139854,0.033165659807871,0.954174983865171,-0.0669093551483333,0.0630976423455362,6,0,0,0.991655395154565
"4388","Lamp5","FKBP5",0.229494095503244,0.24451060569469,0.347943628866508,-0.249737885496424,0.708726076502911,5,0.225841554279171,82.790373424088,0.727386548748283
"4389","Lamp5","SPATA20",-0.16367288555457,0.0745871990100327,0.0282078831269194,-0.309861109321956,-0.0174846617871844,6,0.00306689693777735,8.6948260561264,0.262329357435237
"4390","Lamp5","STOM",0.152957822108068,0.107621441310272,0.155241802004213,-0.0579763268243574,0.363891971040492,5,0.0227495581443431,40.9495556253224,0.537333664661734
"4391","Lamp5","AMPD2",-0.066354388341742,0.0568447079107431,0.243092357804329,-0.177767968558497,0.0450591918750135,7,0.00479884461126685,22.3191399064393,0.635490783996521
"4392","Lamp5","TIRAP",-0.0653483917071869,0.0684443205531963,0.339695442238456,-0.199496794937766,0.0688000115233923,7,5.63373089902286e-06,0.0145566053404965,0.720542354333042
"4393","Lamp5","FMNL1",-0.0473058640467708,0.0784417570633168,0.54646217700746,-0.201048882774912,0.106437154681371,7,0.0114466745827766,29.1447597938508,0.843982009124998
"4394","Lamp5","LINC00534",0.111983216143433,0.111052106490379,0.313269940186263,-0.105674912985018,0.329641345271883,5,0,0,0.698925605264866
"4395","Lamp5","SPDL1",-0.0828916539844997,0.0527237035977607,0.115906606364822,-0.186228214167675,0.0204449061986762,7,0,0,0.472924102010777
"4396","Lamp5","LRP5",-0.0820368124997319,0.171635419086758,0.632670598662719,-0.418436052381215,0.254362427381751,7,0.0893259982731609,53.1824681135338,0.882993296421211
"4397","Lamp5","FOXP4",0.120793701630319,0.0914189249200605,0.186394513947936,-0.0583840987183713,0.299971501979008,5,0,0,0.579579406254291
"4398","Lamp5","ISCA2",0.00644483319986433,0.0828446872135677,0.937991788678904,-0.155927770049214,0.168817436448943,6,0,0,0.986435567287306
"4399","Lamp5","SLC9A9",-0.238562933418614,0.314535529273899,0.448175049411009,-0.855041242653699,0.377915375816472,7,0.594051628092211,92.7089623440136,0.791570730454328
"4400","Lamp5","PRKAB1",0.0385915910776756,0.0515941049208525,0.454469503280246,-0.0625309963817761,0.139714178537127,7,0,0,0.796305590023421
"4401","Lamp5","DUSP10",-0.023888785178339,0.081402804007628,0.769167581087536,-0.183435349273863,0.135657778917185,7,0.0128513183337816,29.9240389777026,0.932057462987723
"4402","Lamp5","CMIP",0.041589891097744,0.0402576142972414,0.301560011917012,-0.0373135830283539,0.120493365223842,7,0.0027640345281634,25.7744864923374,0.691270113573998
"4403","Lamp5","TEX9",0.185060661857908,0.0503158348110613,0.000235087880240537,0.0864434377761614,0.283677885939655,7,4.76871361964771e-06,0.0240976555016113,0.0319479086340521
"4404","Lamp5","LINC00870",0.135003393094599,0.148883062148525,0.364525954783504,-0.156802046624548,0.426808832813747,5,6.03168892786221e-07,0.000438864910487623,0.737658430833555
"4405","Lamp5","ANKRD52",-0.0622290010174194,0.0500483473064368,0.213728668743508,-0.160321959223788,0.035863957188949,7,0.00400306190500535,24.2783254515218,0.603974434597836
"4406","Lamp5","MARCKS",0.000622883346156833,0.0646961668845473,0.992318226085837,-0.126179273685349,0.127425040377663,7,0,0,0.998654866216999
"4407","Lamp5","CKMT2",-0.0649254632437629,0.0907977318932526,0.47457443889685,-0.242885747632462,0.113034821144936,6,0.0132047975362895,28.1458114481851,0.807430790609305
"4408","Lamp5","DISP1",0.00743608884476314,0.0432973289860594,0.863638204839962,-0.0774251165946955,0.0922972942842218,6,0,0,0.966512624578573
"4409","Lamp5","LRRC59",-0.0552066103539968,0.0756698790446004,0.465651960831158,-0.203516847995916,0.093103627287922,6,0.00340760744438366,9.29368412095022,0.801256374040261
"4410","Lamp5","MAP3K2-DT",-0.103615951266303,0.10202391604012,0.309817746970345,-0.303579152266677,0.0963472497340699,5,0,0,0.696879927838551
"4411","Lamp5","KIAA2013",-0.106799781548718,0.0760141475679787,0.160021652974253,-0.25578477309747,0.0421852100000328,7,0.0156465630346679,43.8522927460097,0.544291398507647
"4412","Lamp5","LINC01362",0.123462524099866,0.130772364249865,0.345117240357387,-0.132846600003023,0.379771648202755,5,0.00862365563833399,8.75182024280825,0.724843181846504
"4413","Lamp5","ABCF3",-0.0792122161840036,0.0612035021117815,0.195581430509565,-0.199168876050816,0.0407444436828092,7,3.13089579394623e-06,0.0100888825027434,0.588272573234939
"4414","Lamp5","COLEC10",-0.265875927813739,0.170136373312701,0.118117894778329,-0.599337091966895,0.0675852363394164,6,0.0747551620302397,46.8813313777998,0.475075320016034
"4415","Lamp5","AP5Z1",-0.0623113836954132,0.0517540531643696,0.22859328513948,-0.163747463951549,0.0391246965607225,7,0,0,0.620378556692602
"4416","Lamp5","DPH1",0.067545599722095,0.0570636725451696,0.236536484765301,-0.0442971432920244,0.179388342736215,7,9.23296640723064e-07,0.00336299654653629,0.626447177645301
"4417","Lamp5","CHD4",0.0302520452043121,0.0710110371399637,0.67009406105971,-0.108927030094853,0.169431120503477,6,0.000324822759348847,0.634406696325093,0.898216865810935
"4418","Lamp5","EDF1",-0.0107282214329477,0.0638879687240113,0.866644322850746,-0.135946339177431,0.114489896311536,7,0.00172042297204726,5.4042281777559,0.967080288977519
"4419","Lamp5","BFAR",-0.030139365068366,0.0386188273102101,0.435136692818001,-0.10583087572155,0.0455521455848175,7,3.54604231100561e-06,0.0291487085309208,0.783940902291424
"4420","Lamp5","PPFIA2-AS1",0.085009284369772,0.274262401312423,0.7565943956839,-0.452535144516048,0.622553713255592,5,0.236304596470927,72.2142913192963,0.926555528105898
"4421","Lamp5","GRPEL2-AS1",-0.0393819851706498,0.114293703569538,0.730418953768975,-0.263393527826642,0.184629557485343,5,0,0,0.91930803926833
"4422","Lamp5","YTHDF3",0.0114771554702515,0.0281403305390129,0.683380628592805,-0.0436768788992664,0.0666311898397694,7,0,0,0.902529462625427
"4423","Lamp5","PITPNM3",-0.169522174082758,0.0456945297393643,0.000207340443874574,-0.259081806662406,-0.0799625415031094,7,0.00182948734663923,12.2122360591909,0.0302388337597077
"4424","Lamp5","BRPF3",0.030511574001603,0.0385069754620946,0.428147966124634,-0.0449607110576699,0.105983859060876,7,0,0,0.780640574307744
"4425","Lamp5","SGCD",0.0535949012974835,0.0628463912010779,0.39377464653624,-0.0695817620149441,0.176771564609911,7,0.00434799462163585,15.7081011270898,0.759050773360235
"4426","Lamp5","VPS29",-0.0251362877502599,0.0346653591535899,0.468382972046101,-0.0930791432024419,0.0428065677019221,7,0,0,0.803989086077124
"4427","Lamp5","PRDX1",0.00839502606415769,0.0731022684396044,0.908572360201751,-0.134882787265646,0.151672839393961,6,0.00589483868592379,18.2909333582947,0.979767074450202
"4428","Lamp5","FHDC1",0.203631841543356,0.0995508141989621,0.0408049450676237,0.00851583108175172,0.39874785200496,6,0,0,0.308722865580033
"4429","Lamp5","LIX1",-0.12103071690325,0.132856270107715,0.362300708499177,-0.381424221434696,0.139362787628196,6,0.0222661523675871,21.3036778774645,0.736988292726936
"4430","Lamp5","PIDD1",-0.060203940186113,0.0532526924242513,0.258251590115156,-0.164577299417434,0.0441694190452085,6,0,0,0.649648878036843
"4431","Lamp5","LINC00471",0.131313698048791,0.106272389548375,0.216594919593463,-0.0769763580170348,0.339603754114616,6,0,0,0.607283648398929
"4432","Lamp5","CHCHD7",0.0732691637396674,0.0595144678651665,0.218279795604662,-0.0433770498351253,0.18991537731446,5,1.82756687209886e-06,0.00915053759897824,0.60792163717305
"4433","Lamp5","PLEKHG1",0.0992680034391589,0.083315126972245,0.233466635346917,-0.0640266447938229,0.262562651672141,7,0.00857555044606231,17.8466968240877,0.623519319975768
"4434","Lamp5","PCYT1B",-0.0228363604154446,0.0477357508285843,0.632371836157767,-0.116396712814448,0.0707239919835585,7,0,0,0.882993296421211
"4435","Lamp5","DUSP8",-0.0346936174131303,0.0433977371855632,0.424038925336998,-0.119751619307369,0.0503643844811082,7,0.00065110767626732,4.47695519660236,0.778050998360332
"4436","Lamp5","LEMD1",-0.156742545776125,0.0995054427094657,0.115206640858282,-0.351769629752391,0.0382845382001413,5,0,0,0.471834321241164
"4437","Lamp5","PGK1",0.0374709064330559,0.0548633106098195,0.494615304697507,-0.0700592064348246,0.145001019300936,7,0.00462243724956923,23.2257711716609,0.81779405901804
"4438","Lamp5","EGLN1",0.0376753897888649,0.0856603751974937,0.660065421466833,-0.130215860500411,0.205566640078141,5,0.0164130065454072,53.5747915582805,0.893414587639381
"4439","Lamp5","DXO",0.0116291403846238,0.0821544384462713,0.887433736241985,-0.149390600140181,0.172648880909428,6,0,0,0.974048907196735
"4440","Lamp5","BCAT2",0.0370937425868219,0.0448900035208798,0.408619623813823,-0.0508890475799787,0.125076532753623,6,0,0,0.769644856022005
"4441","Lamp5","ZNF616",0.0609306140979814,0.0733731973410032,0.406301026125857,-0.0828782101209349,0.204739438316898,6,0,0,0.767364809134417
"4442","Lamp5","FOXK2",-0.0440997692369414,0.0371198194604289,0.234818299197429,-0.116853278492011,0.0286537400181282,7,0.00277048169097067,33.1414453757824,0.625081420051728
"4443","Lamp5","SMCR5",-0.00216198700610728,0.0941765197091819,0.981684770761969,-0.18674457382543,0.182420599813216,7,0.00385468564452521,5.56119374056392,0.997296915565468
"4444","Lamp5","STX5",-0.072113936044066,0.0543903027023087,0.184886017818692,-0.178716970448823,0.0344890983606905,7,0.00614417061275936,32.5852479579077,0.577599761518739
"4445","Lamp5","RMI2",-0.0584741859825481,0.111208505749591,0.599022465393992,-0.276438852026263,0.159490480061166,5,0,0,0.866752530386781
"4446","Lamp5","FILIP1",-0.110081093282778,0.0853664912733967,0.197220235185483,-0.277396341665188,0.0572341550996325,7,0.0100496168193551,20.0874271140792,0.589599871180598
"4447","Lamp5","ZNF157",-0.0408584532901121,0.0905176763186387,0.651711041788985,-0.218269838838898,0.136552932258674,7,0.0166741819090618,32.3620193669708,0.889914575420899
"4448","Lamp5","NSUN4",0.0160903560052059,0.061097615976236,0.792277055327212,-0.103658770849476,0.135839482859887,6,0.00873057169238664,42.4618963240022,0.940925361704199
"4449","Lamp5","LINC01162",0.0146990881654343,0.144632497206136,0.919049886096318,-0.268775397352683,0.298173573683552,5,0,0,0.982309092211961
"4450","Lamp5","PEX10",-0.0888476451272693,0.0830428789471697,0.284663949380494,-0.251608697036241,0.0739134067817029,7,0.00947112200531997,20.326331038207,0.674201711531037
"4451","Lamp5","FAM98B",0.0311083762063988,0.0341020740622073,0.361656278958857,-0.0357304607536449,0.0979472131664426,7,0,0,0.736264102753927
"4452","Lamp5","HMGN3",-0.0131804883864475,0.0417595944694143,0.752285044092444,-0.0950277895554976,0.0686668127826025,7,0.00154351069625792,12.2890468926089,0.926365948771237
"4453","Lamp5","IQCA1",0.226430827098974,0.142391194530201,0.111789177344321,-0.0526507858958563,0.505512440093804,5,0.0339611683962062,34.7072566740408,0.466464330726005
"4454","Lamp5","HNMT",-0.0467779324430855,0.052396491769559,0.371981208796119,-0.149473169227671,0.0559173043414996,7,1.79030791300977e-06,0.00824611803268898,0.744093661240599
"4455","Lamp5","CES3",-0.0189483274803588,0.124450579039325,0.878985153150138,-0.262866980252592,0.224970325291874,5,0.023049871711652,30.2429372067758,0.971323130524652
"4456","Lamp5","ZNF518B",0.137767113789442,0.0488556965011195,0.004804188003369,0.0420117082076279,0.233522519371255,7,0,0,0.118132413463721
"4457","Lamp5","MXD1",0.108188196238382,0.053566063436683,0.0434129303368232,0.00320064110889556,0.213175751367869,7,0.00531399635312655,28.2200018911761,0.314104732594452
"4458","Lamp5","SMN1",-0.0759542197503873,0.0967606078173659,0.432470882853708,-0.265601526194629,0.113693086693855,6,0,0,0.783174983539044
"4459","Lamp5","CLK2",-0.0528351816513657,0.0680403739593858,0.437437935626704,-0.186191864106399,0.0805215008036674,7,0.00918320154528946,31.2373993216031,0.785987382853252
"4460","Lamp5","LRRC56",0.0277050937103123,0.132053478458221,0.833822153971637,-0.231114968101037,0.286525155521662,5,2.32302557988156e-06,0.00211476421419906,0.957066814410865
"4461","Lamp5","CFD",0.0479688471478847,0.102137149409027,0.638604151878508,-0.152216287177395,0.248153981473164,6,0,0,0.885223881193556
"4462","Lamp5","GPR153",-0.0439566655226201,0.106285980377276,0.679189236388164,-0.252273359123611,0.164360028078371,6,0,0,0.901589974244206
"4463","Lamp5","AP2S1",-0.0495199127204021,0.0546736138467983,0.365075095535282,-0.156678226764777,0.057638401323973,7,0,0,0.737862610699077
"4464","Lamp5","MRPL49",-0.0770740340340977,0.0892824755201766,0.38799425920362,-0.252064470504223,0.0979164024360274,5,0.00411587654087103,9.85768754546743,0.755827226879962
"4465","Lamp5","B4GALT7",-0.0858476178120175,0.0654769976640911,0.189820234354725,-0.214180175049449,0.0424849394254144,7,7.47956540648854e-07,0.00216402038577617,0.583413051310244
"4466","Lamp5","TPM2",0.0183643064559824,0.0968127578386491,0.849552911995318,-0.171385212151768,0.208113825063732,5,0,0,0.960282195683175
"4467","Lamp5","KLF16",-0.0322708351875635,0.113221984662561,0.775626754764709,-0.25418184738433,0.189640177009203,5,0.0213303516447034,34.3543508066215,0.934584658568636
"4468","Lamp5","GAS5",0.0401724606585968,0.0496965162183991,0.418885863625507,-0.0572309212865761,0.13757584260377,5,0,0,0.774175034143301
"4469","Lamp5","CDHR1",0.0862195114269527,0.0954697142246637,0.366468307546873,-0.100897690067719,0.273336712921625,6,0,0,0.738681019712297
"4470","Lamp5","SATB2",0.0367541653372905,0.0876823625244989,0.67508898300763,-0.135100107290112,0.208608437964693,5,0,0,0.899979293952049
"4471","Lamp5","TEKT5",-0.120410675285899,0.123381448566127,0.329103097960346,-0.362233870835889,0.121412520264091,5,0,0,0.711476480759166
"4472","Lamp5","BDP1",-0.0375536337612565,0.0256303407338929,0.142865736879256,-0.0877881785111765,0.0126809109886635,7,3.86238666271979e-07,0.00702260258242791,0.519863907097606
"4473","Lamp5","SNHG10",0.0503733258968226,0.0818377306149112,0.538206799833334,-0.110025678684894,0.210772330478539,6,0.0154906975707607,43.4785186960412,0.839248783091326
"4474","Lamp5","SYCP2",0.100870959113222,0.0621136005281846,0.104381059374689,-0.0208694608721284,0.222611379098571,7,0.00441674863772939,16.3533476846007,0.455249120737383
"4475","Lamp5","ILDR2",0.0633005599486825,0.0695044964825004,0.362432118846456,-0.0729257499206092,0.199526869817974,7,0,0,0.737012454699124
"4476","Lamp5","WASHC3",0.0486719456191223,0.0532084679514693,0.36032782767164,-0.0556147352383113,0.152958626476556,5,0.00285750680089403,19.950690205187,0.735279972213913
"4477","Lamp5","MOSPD3",-0.139518118150461,0.073535726247785,0.0577905349291622,-0.283645493173116,0.00460925687219446,7,0.00463463385295923,11.7630967667849,0.355096692004025
"4478","Lamp5","C6orf118",0.134615019118865,0.116837371264989,0.249256479625911,-0.0943820206088483,0.363612058846577,6,0,0,0.640081219636306
"4479","Lamp5","SCMH1",0.0150828656166845,0.0386714699354186,0.696517571987254,-0.0607118226859594,0.0908775539193284,7,0.00337852076996163,35.2109716225122,0.906391554342484
"4480","Lamp5","MTF1",0.0961842872116938,0.0406355543976297,0.0179330163373941,0.0165400641005213,0.175828510322866,7,0,0,0.214675617996893
"4481","Lamp5","IMPA2",0.15224417867932,0.10763892650137,0.157245359669113,-0.0587242405979185,0.363212597956558,6,0.00880654266852941,12.1924074116446,0.540926261238879
"4482","Lamp5","TRIM16",0.0172542615824205,0.0483703845833451,0.721307963498205,-0.0775499501192874,0.112058473284128,7,0,0,0.915502622105158
"4483","Lamp5","AGMAT",-0.190262636682852,0.106411352947786,0.073777315353556,-0.398825056006693,0.0182997826409888,5,0,0,0.392308988133916
"4484","Lamp5","IL13RA1",0.049432266451169,0.136275810504635,0.716801424515352,-0.217663414101922,0.31652794700426,5,0.0329718535885221,37.0774122218492,0.914462798800233
"4485","Lamp5","HVCN1",0.0194396556264739,0.102271331859157,0.849247048368767,-0.181008471468419,0.219887782721366,5,0,0,0.960210404787944
"4486","Lamp5","RNFT1",0.00811408498805078,0.0605501783241092,0.893397858758878,-0.110562083784681,0.126790253760783,7,0.0038103128765388,14.6128618797667,0.975921257738596
"4487","Lamp5","DNAJC4",-0.176249245548099,0.098968240415622,0.0749342267733676,-0.370223432376019,0.0177249412798221,5,0.0150032686260629,31.4676068896909,0.395297052484651
"4488","Lamp5","LYN",0.0141697637595309,0.0911839296875244,0.876507876732334,-0.16454745439685,0.192886981915911,6,3.11736479605449e-06,0.00535828008215872,0.97039045527143
"4489","Lamp5","MMP24OS",0.0155374653092102,0.0606698895433727,0.797874810718184,-0.103373333141824,0.134448263760244,5,0,0,0.94351674689793
"4490","Lamp5","SMNDC1",0.0289741445590988,0.0449231408079265,0.518945668741472,-0.0590735934968587,0.117021882615056,7,0,0,0.82924522347398
"4491","Lamp5","HDHD5-AS1",-0.0173514033010223,0.0746993218266704,0.816317999894259,-0.163759383750863,0.129056577148818,5,0.00054631124260579,1.70206567351079,0.9501067601689
"4492","Lamp5","ZNF383",-0.0359202226271341,0.0468331185009197,0.443091408538103,-0.127711448172633,0.055871002918365,7,0.00148806184586587,9.06037910007913,0.789496392228061
"4493","Lamp5","KCNN4",0.111740452557422,0.144213807624293,0.438443119388987,-0.170913416459581,0.394394321574425,5,0.02358319907615,22.4731192291882,0.786945560426783
"4494","Lamp5","BMP8A",0.0160902087282573,0.101402536249607,0.873923682492567,-0.18265511026199,0.214835527718504,5,0,0,0.96932418094311
"4495","Lamp5","TRMT2B",-0.0706225134591623,0.0491039191772326,0.150370054766804,-0.166864426546304,0.0256193996279793,6,0,0,0.529888515974262
"4496","Lamp5","SLC14A1",0.27739599180417,0.216648430950185,0.200405563512964,-0.147227130165306,0.702019113773645,6,0.193370617108371,77.7409839874981,0.591415610548944
"4497","Lamp5","PCK2",-0.167156190967644,0.124981270270489,0.181075816199196,-0.412114979439869,0.0778025975045812,5,0.0177238604630289,22.5948266731275,0.573186389616442
"4498","Lamp5","HTRA1",-0.0203755883458847,0.0520657114068224,0.695543198498916,-0.122422507532713,0.0816713308409436,7,0.00541811817256013,31.8538317954706,0.906391554342484
"4499","Lamp5","BCO1",0.0815053464732306,0.0914346516403006,0.372711696846364,-0.0977032776807248,0.260713970627186,7,0,0,0.744426274377091
"4500","Lamp5","C2orf68",0.01197240484254,0.0658524779732797,0.855734627301652,-0.117096080277805,0.141040889962885,6,0,0,0.96254048230817
"4501","Lamp5","ZNF98",-0.121199025067226,0.108132817210588,0.262358186101913,-0.33313545234683,0.0907374022123791,5,0,0,0.653170461249013
"4502","Lamp5","PLLP",-0.184521980461893,0.14450019921313,0.201613911296454,-0.467737166678491,0.0986932057547043,5,0.0415796867150959,43.2351351135333,0.592262531366811
"4503","Lamp5","VWA5B2",-0.137858711308925,0.0501452049027912,0.00597426884601274,-0.236141506915777,-0.0395759157020727,7,2.73785010679202e-06,0.0133644536221542,0.130942895017987
"4504","Lamp5","C1orf146",0.128208423873301,0.103615270068983,0.21595692402655,-0.0748737737102958,0.331290621456898,6,0,0,0.607032545755052
"4505","Lamp5","COX5B",-0.0551481193349791,0.0923658704104793,0.550466218447581,-0.236181898740212,0.125885660070254,6,0.0100449420760539,19.6298666825767,0.84527298618773
"4506","Lamp5","LRCH2",0.12116398207887,0.0328097420173953,0.000221687677407061,0.0568580693827246,0.185469894775015,7,5.15070953741582e-06,0.0605907191772512,0.0308274759780353
"4507","Lamp5","NUDT12",-0.04960808539092,0.0784878093868857,0.527355325696122,-0.203441365014661,0.104225194232821,7,0.00713761923533957,16.5935993234729,0.834322309829333
"4508","Lamp5","ENPP2",-0.107635364304208,0.0950223277631051,0.257324459216544,-0.293875704447054,0.0786049758386383,7,0.00694401384338602,10.7361420163701,0.648407755535325
"4509","Lamp5","IL20RB",-0.0282424282083026,0.0866630308052031,0.74450921364689,-0.198098847377586,0.141613990960981,6,0,0,0.923833556845838
"4510","Lamp5","CACNG2",0.0559584340546116,0.0643154555543882,0.384266521417921,-0.0700975424812759,0.182014410590499,7,0.0151480148617129,62.0124187212299,0.753597747103046
"4511","Lamp5","RNF41",-0.00246615371519996,0.0400314370488988,0.950877056179373,-0.080926328580424,0.0759940211500241,7,0.00035952139275118,2.74485154775449,0.990120895882608
"4512","Lamp5","OIP5",0.11050237835909,0.0893953794838991,0.216418277671694,-0.0647093458136428,0.285714102531823,7,0,0,0.607283648398929
"4513","Lamp5","SLC6A9",0.0270686423647855,0.102591960633238,0.79189735597907,-0.174007905579712,0.228145190309283,5,0.00465683460494558,8.18551832474926,0.940727175936594
"4514","Lamp5","TMEM60",0.0693458599711462,0.0809985564231523,0.391922012572247,-0.0894083934179677,0.22810011336026,6,3.62638822970461e-06,0.0080973831061499,0.758201083617192
"4515","Lamp5","ABHD14A",-0.122688034205961,0.109881748077544,0.26418846064132,-0.338052302996251,0.0926762345843297,5,0.00601669727654062,9.32367146763243,0.654186179054494
"4516","Lamp5","PSAT1",0.162420509222119,0.0895020180412338,0.069567968557646,-0.0130002226823534,0.337841241126591,7,0.0110152330493956,20.0694844632701,0.382863937404919
"4517","Lamp5","COX18",-0.0529048648069575,0.0457016587876405,0.247021729490127,-0.142478470064471,0.0366687404505563,6,0,0,0.63819872917675
"4518","Lamp5","KLHL42",-0.029200441318407,0.0363782294893036,0.422153929673825,-0.100500460938775,0.042099578301961,7,0.00207730171742686,23.8071589137427,0.776339973084618
"4519","Lamp5","PNISR",-0.0328652468515543,0.029511124617295,0.265426707116099,-0.0907059882447259,0.0249754945416172,7,4.33198564440176e-06,0.062183940057456,0.654477926053113
"4520","Lamp5","GLA",-0.0316098803998771,0.122979200278524,0.797152246187825,-0.272644683793322,0.209424922993568,5,0.0242278053029768,33.0659808223585,0.943226894493407
"4521","Lamp5","MEIS1",0.007795482849262,0.0819073090985936,0.924176266170671,-0.152739893054571,0.168330858753095,6,0,0,0.98245099701607
"4522","Lamp5","PARP12",0.0318809764293365,0.111691468458777,0.775308686867697,-0.187030279130257,0.25079223198893,6,5.98821943881838e-08,7.23915417616752e-05,0.934574799541457
"4523","Lamp5","SLC6A13",-0.135623105920703,0.113623386034706,0.232626785100322,-0.358320850350218,0.0870746385088113,5,0,0,0.623483577547008
"4524","Lamp5","VILL",-0.124565825380292,0.0658148328600739,0.0584016355839561,-0.25356052743456,0.00442887667397604,7,0,0,0.357250721201294
"4525","Lamp5","ACADS",0.051426729323216,0.0908450750353741,0.571330799072468,-0.126626345918956,0.229479804565388,5,0,0,0.855299936384124
"4526","Lamp5","BAIAP2L1",-0.0943412763280348,0.101119694886104,0.350837323889995,-0.292532236432478,0.103849683776409,5,0,0,0.72961567293043
"4527","Lamp5","SLC7A11",0.0191370460945193,0.115510167575427,0.868413408833943,-0.207258722201504,0.245532814390543,5,0,0,0.967580297891175
"4528","Lamp5","AIMP1",0.0378077524144218,0.0513087561364051,0.461202958795882,-0.0627555617044807,0.138371066533324,7,0.00396553308934997,22.5722909727301,0.799485491699775
"4529","Lamp5","SNHG12",-0.0292038063543331,0.118645097383593,0.805570584090372,-0.261743924168423,0.203336311459757,6,0.0330151273918304,44.4122228586618,0.946083351042798
"4530","Lamp5","FBXO2",-0.103960747875512,0.0638239125744494,0.103340902413555,-0.229053317873866,0.0211318221228421,7,0.00583151433738487,21.3576622798262,0.454661910429237
"4531","Lamp5","NOMO2",-0.0184250487978523,0.0775321298225101,0.8121571874775,-0.170385230894656,0.133535133298951,7,0,0,0.948815753829332
"4532","Lamp5","ASAP3",0.148524811045505,0.0758889828852087,0.0503318670974286,-0.000214862232880836,0.29726448432389,7,0,0,0.335144097226141
"4533","Lamp5","RPAP3",-0.00148102336632912,0.0407829550414351,0.971031378150151,-0.081414146430658,0.0784520996979998,7,0,0,0.996343438519147
"4534","Lamp5","LINC00536",0.098175662190337,0.144547160242387,0.497014517940994,-0.185131565952282,0.381482890332956,5,0,0,0.819460387042147
"4535","Lamp5","LINC01933",0.114815261831958,0.132284851081062,0.385427394308698,-0.144458281987169,0.374088805651084,5,0.0381492652712197,47.9430191765033,0.754615415919232
"4536","Lamp5","SLC24A1",-0.116257264078139,0.0980959708337142,0.235962883078547,-0.30852183394071,0.0760073057844326,6,3.21411382872397e-06,0.00468657784411107,0.62638848362627
"4537","Lamp5","NABP2",-0.0483987405772452,0.0606608481675416,0.42495292191169,-0.167291818257279,0.0704943371027889,7,0,0,0.778050998360332
"4538","Lamp5","UNC80",0.0124693607633348,0.0398263047901131,0.754209558515682,-0.0655887622626019,0.0905274837892715,7,0.00438541337916104,45.9769114847196,0.926555528105898
"4539","Lamp5","ENPP3",0.0619484399488142,0.111394672081963,0.578131063986824,-0.156381105401483,0.280277985299112,6,0,0,0.858226091635853
"4540","Lamp5","ASPN",-0.149074157822379,0.122591506194597,0.223975953355232,-0.389349094774308,0.0912007791295503,5,0,0,0.614623319452782
"4541","Lamp5","METTL14-DT",-0.0169582219370647,0.083326911193092,0.838733032868877,-0.180275966818493,0.146359522944363,5,0,0,0.958356578693386
"4542","Lamp5","VMA21",0.0327859538923259,0.0500121082983977,0.512107061198716,-0.0652359771634503,0.130807884948102,7,2.02185935556244e-06,0.00976048527340336,0.825598320959214
"4543","Lamp5","GOLM1",0.05174411408371,0.0288397800895758,0.0727824657256666,-0.00478081621391386,0.108269044381334,7,0,0,0.389808779700079
"4544","Lamp5","PPIH",-0.103065522772353,0.0556118110511283,0.0638389761647927,-0.212062669547611,0.00593162400290519,7,0.0034522870641574,15.7979999111377,0.369929187650575
"4545","Lamp5","DHX37",-0.0500295215183923,0.0732221090662343,0.494444434993086,-0.193542218160275,0.0934831751234907,6,2.66963453219752e-07,0.000691818142980507,0.81779405901804
"4546","Lamp5","TMBIM1",-0.0897041294912687,0.138889179537146,0.518364598449056,-0.361921919226392,0.182513660243855,5,0.0475602033238138,52.8673923772348,0.829106552615597
"4547","Lamp5","DAP",-0.108846881366817,0.0572885261869379,0.0574361397487284,-0.221130329420595,0.00343656668696099,7,0,0,0.353796724460948
"4548","Lamp5","AP3B1",0.0100280740823787,0.0322154838321077,0.755586867114209,-0.0531131139730849,0.0731692621378422,7,9.26884962744486e-08,0.00109115284893106,0.926555528105898
"4549","Lamp5","PREB",-0.12372173870675,0.0644703912536198,0.0549783314600728,-0.250081383633051,0.00263790621955064,6,0,0,0.34837800237059
"4550","Lamp5","CLIC5",0.197239483602316,0.111810796863965,0.0777240923682604,-0.0219056513337807,0.416384618538412,6,0.00674846305329068,8.51192569718017,0.403605045867141
"4551","Lamp5","GTPBP2",-0.0377169233946443,0.0546501061676082,0.490098106670375,-0.144829163234447,0.0693953164451581,7,0.000463259168292181,1.86406234981743,0.815738797170636
"4552","Lamp5","KIFAP3",0.0231648742503189,0.0313665550232884,0.460197626722191,-0.0383124439144204,0.0846421924150582,7,0.00110039871753758,16.0433169235056,0.799114769561592
"4553","Lamp5","UPP1",-0.0543679180610739,0.037357102232309,0.145570470218867,-0.12758649300318,0.0188506568810325,7,1.77110292355845e-06,0.0162587089068389,0.522269692067356
"4554","Lamp5","NR1H4",-0.171769550730832,0.141996475730839,0.226403723964472,-0.450077529094892,0.106538427633228,5,0,0,0.617606682373849
"4555","Lamp5","LINC01569",-0.0374588357640829,0.141377595609656,0.791043392822766,-0.314553831379877,0.239636159851711,5,0,0,0.940324166268341
"4556","Lamp5","APOD",-0.0903606685504228,0.0909569317394281,0.320493357893764,-0.26863297890397,0.0879116418031245,5,0,0,0.705195975303658
"4557","Lamp5","MYBBP1A",-0.112362474634483,0.0607703133589496,0.064462172434501,-0.231470100147237,0.00674515087827193,7,7.87492703892567e-07,0.00263847111930324,0.371880205906429
"4558","Lamp5","RNF166",-0.0191792139335368,0.0778311462552452,0.805356500456296,-0.171725457469287,0.133367029602213,6,0.00513163823063305,13.3618637330767,0.946083351042798
"4559","Lamp5","SLC25A34",-0.00200112806817162,0.0942761819521582,0.983065189239714,-0.186779049294347,0.182776793158004,6,0,0,0.997296915565468
"4560","Lamp5","ZNF486",-0.0601989211531751,0.0872593084474543,0.490266270610196,-0.231224023026057,0.110826180719707,6,0.000663420284791993,1.30683882296449,0.815791614056955
"4561","Lamp5","BAIAP2L2",-0.135942350374725,0.0866690240280519,0.116759145986183,-0.305810516044943,0.0339258152954932,7,0.0120302951133799,24.229581668237,0.473561011652999
"4562","Lamp5","TEX22",0.066064984000559,0.0641990586442494,0.303449280122239,-0.0597628587835447,0.191892826784663,7,1.08398382526605e-06,0.0031671247436509,0.693053917738256
"4563","Lamp5","KCNK13",0.0348015781942001,0.10698384228036,0.744955910331809,-0.174882899603018,0.244486055991418,5,0,0,0.923875114762844
"4564","Lamp5","GXYLT2",-0.102791707086561,0.0516304164713089,0.0464903681171203,-0.20398546387713,-0.00159795029599161,7,8.62831591749947e-07,0.004155945065453,0.324260407768792
"4565","Lamp5","IGDCC4",0.0010570018605321,0.108575840842037,0.992232598545738,-0.211747735781014,0.213861739502078,6,0,0,0.998654866216999
"4566","Lamp5","G2E3-AS1",0.170261879362304,0.0958297186038473,0.0756155194739454,-0.0175609177498448,0.358084676474453,5,0,0,0.398013203076106
"4567","Lamp5","KIN",-0.00176892496234991,0.0373948568619225,0.962270968815441,-0.0750614976187486,0.0715236476940488,7,0,0,0.994163912108515
"4568","Lamp5","EXO5",-0.173297140884072,0.134642617963359,0.198062988525319,-0.437191822876442,0.0905975411082987,5,0,0,0.590236550297945
"4569","Lamp5","AADAT",0.0464317327018741,0.0562644461194009,0.409234730964313,-0.063844555302246,0.156708020705994,6,0,0,0.770066858703021
"4570","Lamp5","MYOM1",0.00140056297423486,0.0747228360402159,0.985045774434418,-0.14505350448728,0.14785463043575,6,0,0,0.997296915565468
"4571","Lamp5","NR4A3",-0.624474021654098,0.435517378234796,0.151610204220252,-1.47807239763561,0.229124354327411,5,0.681948936935248,81.4786384494481,0.531613109772583
"4572","Lamp5","METTL2B",-0.0471034376866159,0.0453894334622854,0.299380785588382,-0.136065092551372,0.0418582171781406,7,0,0,0.689313595466204
"4573","Lamp5","ZNF541",0.012535927347051,0.0973792849197815,0.897568923563014,-0.178323963935985,0.203395818630087,6,0,0,0.976797411674409
"4574","Lamp5","THSD1",0.105766876148682,0.0664042601979015,0.111211247867943,-0.0243830822592317,0.235916834556595,7,0,0,0.464976377514909
"4575","Lamp5","BCAS1",-0.189483859717959,0.114802265437372,0.0988358704112172,-0.414492165318816,0.0355244458828985,6,0.0152175229417028,19.2556982237493,0.445235873481858
"4576","Lamp5","NOP53",-0.111221756587037,0.0608675363517761,0.0676583602985574,-0.2305199356642,0.00807642249012698,5,0,0,0.37850538154163
"4577","Lamp5","TRIT1",0.0395408476442496,0.0351010633941241,0.259959969883281,-0.0292559724272909,0.10833766771579,6,0,0,0.651489759092311
"4578","Lamp5","GNG4",-0.0861242763062891,0.037880884046257,0.0229927509628681,-0.160369444739491,-0.0118791078730876,7,6.0924526650804e-05,0.531070292690055,0.23960053795929
"4579","Lamp5","RGS9",0.176203775384504,0.0872144503917988,0.0433470239170354,0.00526659368512272,0.347140957083884,6,1.27381229297046e-07,0.000242247799322411,0.313983682025334
"4580","Lamp5","TXNDC9",-0.00155890500065533,0.0530979733142095,0.976578247893396,-0.105629020348575,0.102511210347264,7,0,0,0.997093441046833
"4581","Lamp5","MICALL1",-0.0660620246861952,0.0649784465485905,0.309307604389251,-0.193417439692794,0.0612933903204032,7,0,0,0.696879927838551
"4582","Lamp5","KXD1",0.00997229798182481,0.0503934485070342,0.843132083833263,-0.0887970461487359,0.108741642112386,7,2.24665099452268e-07,0.00110609425864042,0.95917381987505
"4583","Lamp5","RNASEL",-0.127960927696442,0.17140382270438,0.455337339574849,-0.463906247009515,0.207984391616631,6,0.0838064844161745,56.1461821491706,0.796305590023421
"4584","Lamp5","CPM",-0.187032486398624,0.0834919685543878,0.0250827775827213,-0.350673737763575,-0.0233912350336731,5,0,0,0.250179263646175
"4585","Lamp5","CHL1",0.0778861962398365,0.0330782630648994,0.0185424757271362,0.0130539919614923,0.142718400518181,7,0,0,0.218257349626794
"4586","Lamp5","LINC01031",0.101038523327606,0.100043939542614,0.31252333290798,-0.0950439950474212,0.297121041702633,6,0,0,0.698836623863407
"4587","Lamp5","SAXO1",-0.101029188366852,0.187548615509096,0.590105835739987,-0.468617720115031,0.266559343381327,5,0.0715894658430863,46.7770709055657,0.862617734948601
"4588","Lamp5","CDK2AP2",-0.116907232575441,0.186040690143011,0.529744531964678,-0.48154028491472,0.247725819763837,5,0.0974357367722081,60.5953157953791,0.83539935843094
"4589","Lamp5","FLVCR1-DT",-0.0673864284539178,0.101333133915465,0.506051159611932,-0.265995721368804,0.131222864460968,5,0,0,0.822824639047686
"4590","Lamp5","KCNC3",0.0772102555534888,0.0419800710628608,0.065883992513449,-0.00506917179815053,0.159489682905128,7,0,0,0.373672580884055
"4591","Lamp5","ACP6",0.0703537205097605,0.0413320163914484,0.0887253086278502,-0.0106555430258975,0.151362984045418,6,0,0,0.425959841782602
"4592","Lamp5","SNPH",-0.0263184296798127,0.0394691179367857,0.504893064959086,-0.103676479337477,0.0510396199778511,7,0,0,0.822477819723869
"4593","Lamp5","PBX2",-0.125462915576926,0.067452318987886,0.0628821653072757,-0.257667031466889,0.00674120031303832,7,0,0,0.368543433513697
"4594","Lamp5","ZSCAN16",0.0637239579850977,0.103312104484325,0.53735993513448,-0.138764045971218,0.266211961941414,6,0.0055099413438986,8.01543301493326,0.839104775803267
"4595","Lamp5","PRDX5",-0.0173348998465207,0.0799066322379768,0.828255542743636,-0.173949021158842,0.139279221465801,5,0,0,0.954801237292379
"4596","Lamp5","PUF60",-0.156872260319868,0.0625695524502778,0.0121703508745651,-0.279506329651202,-0.0342381909885331,7,0,0,0.178940236991961
"4597","Lamp5","PMS2",-0.0410921745450613,0.0422570733553966,0.330835158758504,-0.123914516413706,0.0417301673235832,7,4.91518965634484e-07,0.00345301165361741,0.713050495870438
"4598","Lamp5","MUC20",0.1873780378365,0.167036907043611,0.261957580030822,-0.140008284057943,0.514764359730942,5,0.0420038964514522,30.7454950981907,0.652838959376138
"4599","Lamp5","CEBPB-AS1",0.10947186069434,0.0972520374709339,0.260313239398245,-0.0811386301718306,0.30008235156051,6,0,0,0.651489759092311
"4600","Lamp5","IRAK4",0.188875017818624,0.0773792203858675,0.0146506697216741,0.0372145327105359,0.340535502926711,6,0,0,0.193813450444137
"4601","Lamp5","PEX11B",-0.0871457258696003,0.056731493530813,0.124511787323076,-0.198337409979161,0.0240459582399603,6,0,0,0.486676597412247
"4602","Lamp5","ABCA5",0.00350991152108611,0.0330288958610277,0.915369796583563,-0.0612255348156523,0.0682453578578245,7,0.0020084134472761,28.3205137230282,0.980734315041589
"4603","Lamp5","SLITRK3",0.030302650725496,0.0516181793234551,0.557167543324677,-0.0708671216960061,0.131472423146998,7,0,0,0.850110570377623
"4604","Lamp5","CHEK1",0.18809663754809,0.10634633228358,0.0769410011983841,-0.0203383436156556,0.396531618711836,5,0,0,0.401805676589378
"4605","Lamp5","RAE1",0.0836360906002171,0.0529290316476268,0.114071302540369,-0.0201029051657122,0.187375086366146,7,0.00428573398366971,22.9840561236765,0.469877796733769
"4606","Lamp5","ZNF860",-0.133500758912339,0.121491918941846,0.271835783390332,-0.371620544451017,0.10461902662634,5,0,0,0.661223251865873
"4607","Lamp5","FXR1",0.0895357195095663,0.0350640497863309,0.0106649174949679,0.0208114447762383,0.158259994242894,7,6.87389226757924e-06,0.072733950657313,0.168803505780448
"4608","Lamp5","CDKN1B",0.0881995830963859,0.0553663571029224,0.111156235583162,-0.0203164827805254,0.196715648973297,7,8.71916110002256e-07,0.00336559791988334,0.464976377514909
"4609","Lamp5","PFN4",-0.317886862612856,0.104922022078435,0.00244761139342021,-0.523530247071705,-0.112243478154006,5,0,0,0.0833125240184361
"4610","Lamp5","NIPAL1",-0.153506563445768,0.145426712976059,0.291169465132952,-0.438537683268888,0.131524556377352,5,0,0,0.68102789624975
"4611","Lamp5","CHAC2",-0.0478607837741821,0.0875317569953114,0.584528553041203,-0.219419874988504,0.12369830744014,6,0,0,0.859593421924713
"4612","Lamp5","FBXO30",0.0697556439316001,0.0502451661987648,0.165044017856345,-0.0287230722152082,0.168234360078408,7,0.00129001661838669,6.70626198593367,0.551334376967334
"4613","Lamp5","GPR173",0.0241884563929218,0.0500378210008894,0.628809283566283,-0.0738838706336833,0.122260783419527,7,0.00302343606534168,17.424952000375,0.88191549991279
"4614","Lamp5","DRICH1",0.24661421095341,0.16756538720172,0.141088638172878,-0.0818079130174699,0.57503633492429,7,0.130887296183365,76.9174918556392,0.516890902214625
"4615","Lamp5","LYSMD2",0.0356571560151574,0.0413034773211688,0.387974353525022,-0.0452961719706003,0.116610484000915,7,0,0,0.755827226879962
"4616","Lamp5","NOMO3",-0.00514211543088223,0.0769647744959549,0.946731939901488,-0.155990301521201,0.145706070659436,7,0,0,0.988865030560056
"4617","Lamp5","HELZ",0.0815002339092582,0.0267287976615148,0.00229486421415003,0.0291127531426308,0.133887714675886,7,0.000375260674843653,7.07354843776944,0.0833125240184361
"4618","Lamp5","FERMT1",-0.0797286023021657,0.212834285698566,0.707954901493678,-0.496876136946664,0.337418932342332,5,0.0937601691696095,45.7602161887939,0.91154529144734
"4619","Lamp5","LMO7",0.0334836755004952,0.0377424914731483,0.374992097521936,-0.0404902484736856,0.107457599474676,7,0.00017132779158555,1.61281009674253,0.746369391384376
"4620","Lamp5","KHK",-0.241975562650646,0.0693900175545997,0.00048814056099969,-0.377977497944264,-0.105973627357029,7,0,0,0.0450106332181102
"4621","Lamp5","ZIK1",-0.0551369270599246,0.0911002215882874,0.545023706003861,-0.233690080356586,0.123416226236737,5,0,0,0.843376602544951
"4622","Lamp5","CSF1",-0.0340921473989077,0.137033475222256,0.803525546380491,-0.302672823510891,0.234488528713076,5,0.0248480619644038,26.5508575714352,0.945598524967952
"4623","Lamp5","SAMHD1",-0.00977940933226005,0.0605835429622041,0.871762435759626,-0.128520971594015,0.108962152929495,7,0.00522475748345105,21.0168795060414,0.968577940382375
"4624","Lamp5","SUB1",0.0341872319583624,0.0520546823792208,0.511337734001297,-0.0678380707315822,0.136212534648307,7,0.00480810626006006,27.4817114265687,0.825025359001823
"4625","Lamp5","ALG1L2",0.00286682674454726,0.128556977622334,0.982208610762773,-0.249100219356549,0.254833872845644,7,0.0344501594353078,33.6336262544554,0.997296915565468
"4626","Lamp5","SYT9",-0.0383406568643704,0.123061993629056,0.755378259537158,-0.279537732243018,0.202856418514277,6,0.0212326012087365,24.1152586196405,0.926555528105898
"4627","Lamp5","ORMDL3",-0.139001950387519,0.0863063740925311,0.107274757045776,-0.308159335245121,0.0301554344700823,6,0.0113666247485651,26.0702619378134,0.46144116101557
"4628","Lamp5","MYO10",0.0485814776069998,0.101356339752875,0.631715509742781,-0.150073297913441,0.247236253127441,7,0.0253483003432495,40.1034214686932,0.882993296421211
"4629","Lamp5","ART3",-0.0103543613702995,0.123300827358388,0.933075184124081,-0.25201954225673,0.231310819516131,6,0.0330661834067598,39.2680327449078,0.985315638798959
"4630","Lamp5","VRK2",-0.222702291012219,0.08117196560808,0.00607720759146246,-0.38179642015838,-0.0636081618660587,6,2.39454248216537e-06,0.00528382407262379,0.132114463819926
"4631","Lamp5","TTF2",-0.165299159757611,0.090634739161646,0.0681831107152847,-0.342939984262619,0.0123416647473973,6,3.51241400155204e-06,0.00581274822246287,0.379786595735487
"4632","Lamp5","RHPN2",-0.0602147013326894,0.0971480523500351,0.535373619024861,-0.25062138510697,0.130191982441591,6,0,0,0.838267412387412
"4633","Lamp5","HACE1",0.0254862492158601,0.0310312943942408,0.411470872569497,-0.0353339701905116,0.0863064686222318,7,4.66240615027468e-06,0.0609089152602871,0.770723852721724
"4634","Lamp5","GRM7-AS1",-0.0579086123818708,0.0953700063816595,0.543718578357785,-0.244830390095279,0.129013165331537,6,0,0,0.842816653088886
"4635","Lamp5","SLC1A3",0.0553509490887656,0.0973824116352693,0.569771851230521,-0.135515070444016,0.246216968621548,7,0.0124472025563032,19.3267948020337,0.854376739138775
"4636","Lamp5","RSPH1",-0.00289111357205432,0.0716655129986735,0.967820654004644,-0.143352937983041,0.137570710838933,7,0.00162465105171654,3.98155812240074,0.995377876631969
"4637","Lamp5","PDCD2L",-0.0522627624514371,0.0661830730620174,0.429720735308887,-0.181979202039174,0.0774536771363,6,0,0,0.781980608660896
"4638","Lamp5","PPCDC",0.00421526435718308,0.0580186504330399,0.942081765397439,-0.109499200923194,0.11792972963756,7,0.00627819254649429,29.8785172495131,0.987324146208743
"4639","Lamp5","TCEANC2",0.0716546237226256,0.0702492093568068,0.307725556547883,-0.0660312965591299,0.209340544004381,7,0.00739247004216672,22.3884897139135,0.695800705380247
"4640","Lamp5","GLB1L2",-0.153005396578721,0.0925029745436224,0.0981154837601509,-0.334307895147047,0.0282971019896041,6,3.11722675236673e-06,0.00501813841724201,0.444220848429946
"4641","Lamp5","HAP1",-0.0106912475314493,0.0962935530817282,0.91159441562306,-0.199423143515033,0.178040648452134,6,0,0,0.980489742157131
"4642","Lamp5","DLL3",0.0783967829442772,0.0928849817518273,0.398658225763551,-0.103654435993964,0.260448001882519,6,0.00352411137460799,6.34228318882827,0.76256457484106
"4643","Lamp5","PLPP4",0.0635954876993858,0.111270630738122,0.567634437065301,-0.154490941084389,0.281681916483161,5,0,0,0.853498876246994
"4644","Lamp5","ADA2",-0.19880955509542,0.094157885924326,0.0347337544542152,-0.38335562036753,-0.0142634898233101,5,0,0,0.287703178241735
"4645","Lamp5","ABT1",-0.0450895684425412,0.113941830270688,0.692308314229351,-0.268411452105665,0.178232315220583,6,0.0277433173074101,38.9595064318666,0.905268111563042
"4646","Lamp5","MEIOC",-0.0317840923278224,0.0928658741743778,0.73215670798819,-0.213797861102431,0.150229676446786,7,0,0,0.919666801398003
"4647","Lamp5","XKR8",-0.137919174362334,0.0953437869375677,0.148024117460851,-0.324789562909627,0.0489512141849588,5,0,0,0.526805492887568
"4648","Lamp5","PHYH",-0.00522531900268072,0.071525834464204,0.941762360001339,-0.145413378516694,0.134962740511333,5,0,0,0.987324146208743
"4649","Lamp5","MED11",0.0734491980598231,0.0847600130083732,0.386185975806756,-0.0926773747657348,0.239575770885381,7,0.00179923897921177,3.20424852260608,0.75514448539619
"4650","Lamp5","RNF32",0.055174719054236,0.0897449149045795,0.53869015518789,-0.120722081954352,0.231071520062824,6,0.00175688595117665,3.16041040606752,0.839382175581193
"4651","Lamp5","ZNF669",0.00807161963884543,0.120508698342252,0.946597975094285,-0.22812108893577,0.244264328213461,6,0,0,0.988865030560056
"4652","Lamp5","SPI1",0.0191859768970351,0.0818031667083202,0.814567091328532,-0.141145283672598,0.179517237466669,7,0,0,0.949269912804318
"4653","Lamp5","TBC1D14",0.0247731341195518,0.0307316796442221,0.420179053852317,-0.0354598511675462,0.0850061194066498,7,0,0,0.775419661522405
"4654","Lamp5","COL25A1",0.120524708860709,0.0471694803228631,0.0106144559999951,0.028074226258427,0.212975191462992,7,0,0,0.168803505780448
"4655","Lamp5","BBOF1",-0.0735874833755129,0.0621710466195448,0.23655976672887,-0.195440495630982,0.0482655288799556,7,0.00945834762279261,39.1721303611447,0.626447177645301
"4656","Lamp5","TIPARP",-0.0163078861568292,0.0760833133364773,0.830279992550978,-0.165428440120801,0.132812667807142,7,0.00768594818967886,19.3588605940191,0.955661061685962
"4657","Lamp5","PTPN14",0.0805641657703114,0.116715243921108,0.490029073353958,-0.148193508761868,0.309321840302491,5,0.0150177740876098,21.984162898772,0.815738797170636
"4658","Lamp5","ZNF322",0.0143174320756393,0.080416795280334,0.858691309701349,-0.143296590425946,0.171931454577225,7,0.0179219759066795,44.7152461501135,0.964217804077724
"4659","Lamp5","WASHC1",-0.13606124073449,0.0678499924293415,0.0449283852358679,-0.269044782247315,-0.00307769922166551,5,0,0,0.319463236097947
"4660","Lamp5","GMPR2",-0.0863896904053214,0.0638822328910426,0.176270620388871,-0.211596566123765,0.0388171853131221,7,0,0,0.568352749859938
"4661","Lamp5","INF2",-0.163159396139303,0.0849637320629926,0.0548147546410497,-0.329685250974879,0.00336645869627383,5,0,0,0.34837800237059
"4662","Lamp5","TTC6",-0.0321033041463344,0.146726728333529,0.826808522819378,-0.319682407249444,0.255475798956775,5,0.0372772321114756,36.0789266869797,0.954515500680704
"4663","Lamp5","ATP2C2-AS1",-0.0952430922409734,0.0817311996945165,0.243889037778995,-0.255433300055477,0.06494711557353,5,0,0,0.636259619574418
"4664","Lamp5","FAM161A",-0.0101437433044558,0.0539647012870928,0.850900191683796,-0.11591261426362,0.0956251276547083,7,0.00631580759690377,34.012000766354,0.960721774113098
"4665","Lamp5","SPTSSB",-0.126024309477429,0.13056570176884,0.334435848061309,-0.381928382560554,0.129879763605696,6,0.0502199719271191,56.7093190618623,0.715989671851986
"4666","Lamp5","TMPRSS9",-0.0787712813385855,0.0852241343178819,0.355338607874697,-0.245807515215238,0.0882649525380669,7,1.33142270668391e-06,0.00223075805757103,0.732176133728425
"4667","Lamp5","AMER1",-0.0314377105670685,0.0757514112800368,0.678133448359403,-0.179907748454022,0.117032327319885,6,0,0,0.901378558730513
"4668","Lamp5","HSF2BP",-0.110007307360728,0.0999086011552062,0.270862081123833,-0.305824567370709,0.0858099526492527,6,0,0,0.660370540205857
"4669","Lamp5","CPNE5",0.0338206656198773,0.0529189810753916,0.522756099815995,-0.069898631386447,0.137539962626202,7,0.00258312967265213,12.9389698560418,0.831999597196191
"4670","Lamp5","PLEKHF2",0.151531710377521,0.0805798367260412,0.0600377234249309,-0.00640186748563765,0.30946528824068,7,0,0,0.361709369988659
"4671","Lamp5","MEOX2",-0.0889842256221647,0.139089750748192,0.522327862033843,-0.361595127707274,0.183626676462945,6,0.0108606328839458,8.86018587833567,0.831981739752627
"4672","Lamp5","AKR1C3",0.158575612582658,0.112243672297483,0.157720427849059,-0.0614179426129244,0.37856916777824,6,0.0123783455376706,15.9906707929484,0.541471701125025
"4673","Lamp5","PRPSAP2",0.0208910304717063,0.0319844334997426,0.513651564815189,-0.0417973072537056,0.0835793681971182,7,1.45338461208964e-06,0.0176201822659824,0.826288159392566
"4674","Lamp5","ACYP1",-0.0399473466636914,0.0764774710294188,0.601432672765645,-0.189840435510057,0.109945742182675,7,0.0150767831953297,44.0949595274105,0.867839383514501
"4675","Lamp5","CCK",-0.0806222513104301,0.0760108957051962,0.288841246582509,-0.229600869325245,0.0683563667043847,7,8.71948570691089e-07,0.00190007150277901,0.678931839446179
"4676","Lamp5","NUBP2",-0.100019774814561,0.099356505915122,0.314090669043576,-0.294754948037941,0.0947153984088192,7,0.0264178941604796,44.0166318530364,0.699215425150703
"4677","Lamp5","LRRC63",0.0782374545725733,0.0906006491616929,0.387839605611649,-0.0993365547602938,0.25581146390544,6,0,0,0.755827226879962
"4678","Lamp5","CD59",-0.118894940305132,0.0753544705495136,0.114609561224543,-0.266586988656263,0.0287971080459985,6,0,0,0.470729373142631
"4679","Lamp5","CDC42EP3",-0.0775904831381606,0.0576879528967046,0.178624190594814,-0.190656793157545,0.0354758268812234,7,0.00725056997577914,35.3303485327434,0.571167565594486
"4680","Lamp5","ABCG1",-0.169618911134729,0.0623653995330037,0.00653293383460716,-0.291852848100868,-0.0473849741685908,7,0.00476299447830326,17.7188802162362,0.135637770361227
"4681","Lamp5","BCL2L15",-0.0638987816881024,0.0959401956981883,0.50539370300897,-0.251938109926276,0.124140546550071,6,1.26671901211496e-06,0.0019513758981246,0.822690815532296
"4682","Lamp5","SFMBT1",0.00457373347841837,0.0651105712868259,0.943998151881577,-0.123040641256588,0.132188108213425,7,0.0149595298104929,59.7938328313798,0.988246319851084
"4683","Lamp5","BRPF1",0.0327246158480622,0.106051985722763,0.757647535271074,-0.17513345665751,0.240582688353635,5,0,0,0.926555528105898
"4684","Lamp5","ZNF823",0.0280543996193601,0.12238489849914,0.81868946233268,-0.211815593690544,0.267924392929264,5,0,0,0.95110814843953
"4685","Lamp5","OTUB2",-0.0314810091006718,0.099519195083704,0.751751263864526,-0.226535047235147,0.163573029033804,6,6.34355354646445e-06,0.00958664703540132,0.925975950944022
"4686","Lamp5","FIBP",-0.155957197139193,0.0780823888242218,0.0457880959404799,-0.30899586706152,-0.0029185272168652,7,0.00665234484130215,15.5176714172095,0.321538367206224
"4687","Lamp5","FAM131C",-0.16164970500366,0.151722382534232,0.286681008361741,-0.459020110419364,0.135720700412045,5,0.030202409049565,26.697214754304,0.676616968422747
"4688","Lamp5","GSTT2B",-0.0400974410810369,0.148540303848567,0.787203971655124,-0.331231086876864,0.25103620471479,6,0.0224878305127709,16.8413417435723,0.938643357904296
"4689","Lamp5","SDCBP",0.054353649142019,0.0421435459651093,0.197145626159005,-0.0282461831304035,0.136953481414442,7,0,0,0.589563526690559
"4690","Lamp5","PCSK4",-0.0172592287984663,0.0882900376281066,0.845014602301246,-0.190304522743241,0.155786065146309,5,0,0,0.959421815061179
"4691","Lamp5","FLAD1",-0.0208011151783292,0.0563210437177308,0.711880918747143,-0.131188332436787,0.089586102080129,6,0,0,0.913257230990891
"4692","Lamp5","SEMA3F",-0.0817932256426292,0.0786229098951237,0.298189837476048,-0.23589129739681,0.0723048461115511,6,0,0,0.687763214344468
"4693","Lamp5","TACR3",-0.0522176055501861,0.103696515027675,0.614569329958062,-0.255459040326746,0.151023829226374,5,0.000450862506823233,0.712967538121307,0.87512951866861
"4694","Lamp5","LINC01483",0.00234704520625574,0.103587959796237,0.98192346945534,-0.200681625226352,0.205375715638864,6,3.74350350067383e-07,0.000496173018182731,0.997296915565468
"4695","Lamp5","ZNF324",0.00718252398899688,0.0582202381526596,0.901815564543346,-0.106927045961561,0.121292093939554,7,0,0,0.977956078464346
"4696","Lamp5","ATP13A1",-0.0618844708701658,0.0504885713482312,0.220306900538106,-0.16084025234358,0.0370713106032482,7,0.000306498966684504,1.53289097555933,0.610910425654255
"4697","Lamp5","PSMA5",-0.123233506612293,0.0419947154543022,0.00334085191554433,-0.205541636443733,-0.0409253767808533,7,0,0,0.0974904751750664
"4698","Lamp5","SNRPB2",0.0140047106997074,0.0485908337577354,0.773180536264199,-0.081231573444227,0.109240994843642,7,0,0,0.933571200986676
"4699","Lamp5","KCNJ14",-0.0197432588587734,0.132202959071859,0.881284942189459,-0.27885629728924,0.239369779571693,6,0.0450802183427222,47.016328738961,0.972169230111958
"4700","Lamp5","NUP50",-0.00544109418194306,0.0737773164456148,0.941209128468991,-0.150041977291363,0.139159788927477,7,0.018176504213001,57.399830295447,0.987190405354831
"4701","Lamp5","SPSB2",-0.116105240318216,0.0969291887293203,0.230980995310325,-0.306082959278369,0.0738724786419376,5,0,0,0.622173557622513
"4702","Lamp5","LINC01411",0.0417910638520489,0.110911015577506,0.706323626612257,-0.175590532168623,0.259172659872721,5,0,0,0.910874233816963
"4703","Lamp5","GJD2",-0.198115081356904,0.0936630108013463,0.0344137409472611,-0.381691209211129,-0.0145389535026791,6,0.0175992294316707,37.3325631865578,0.287703178241735
"4704","Lamp5","ICE2",0.0264727278099764,0.029289964120146,0.366093164550275,-0.0309345469739802,0.0838800025939329,7,1.48958736739828e-06,0.0214988286904623,0.738111055599518
"4705","Lamp5","CD82",0.0334387816346519,0.109473569766865,0.76002289083674,-0.181125472367437,0.24800303563674,5,5.09332774358784e-06,0.00778395114050564,0.926704093751689
"4706","Lamp5","GACAT2",-0.0237125279433189,0.14196102305041,0.867342130321854,-0.301951020330584,0.254525964443946,5,0,0,0.967279253523521
"4707","Lamp5","PIEZO2",-0.3163861578213,0.0932739719999778,0.000693821466794692,-0.499199783636254,-0.133572532006346,6,0.0046651906953276,7.773098126815,0.0490959965091081
"4708","Lamp5","TTI2",-0.107763956951809,0.0564661958954971,0.0563306889525401,-0.218435667250966,0.00290775334734918,7,2.52080442174022e-06,0.0103811181444644,0.350214090220282
"4709","Lamp5","GNAZ",0.00972488200794324,0.0475625220981706,0.837989960662514,-0.0834959483183615,0.102945712334248,7,0,0,0.958345542185359
"4710","Lamp5","MRTFA",-0.0170813204668236,0.0347375942104116,0.622914231563479,-0.0851657540287974,0.0510031130951502,5,0,0,0.878781561315047
"4711","Lamp5","MEGF6",0.0201705749074845,0.134718097745019,0.880982123796296,-0.2438720447385,0.284213194553469,5,0,0,0.972169230111958
"4712","Lamp5","KHDC1",-0.0675888623388238,0.0765668078100281,0.377374799838921,-0.217657048057679,0.0824793233800314,7,0.0116910880386087,30.8500338406114,0.747951570345198
"4713","Lamp5","LRRC75B",-0.0665988914598022,0.0851982434255194,0.43439487186928,-0.233584380119897,0.100386597200292,6,0,0,0.783666959222313
"4714","Lamp5","PCBP4",0.0489470586821068,0.0629389734748269,0.436751335418457,-0.0744110625524756,0.172305179916689,7,0,0,0.785548085466887
"4715","Lamp5","RAB3D",-0.115891267159302,0.0648980277757406,0.0741407090181879,-0.243089064267434,0.0113065299488297,7,0,0,0.393366787554796
"4716","Lamp5","TF",-0.118194316739895,0.0856141874379344,0.167418622756124,-0.285995040683908,0.0496064072041182,7,0.0156402034248049,33.9070663625999,0.55522998046048
"4717","Lamp5","ABCA9-AS1",-0.0583920355463817,0.117815930856196,0.620161917095226,-0.289307016829588,0.172522945736824,6,2.40968489739457e-06,0.00249106560355589,0.87748384928008
"4718","Lamp5","PARP6",-0.0182073797899249,0.0363704205022088,0.616645941024184,-0.0894920940768314,0.0530773344969816,7,0,0,0.876537990474976
"4719","Lamp5","ZNF154",-0.0749874480486679,0.0658222537114621,0.254602409018808,-0.203996694704392,0.0540217986070558,7,0.00920510691589022,34.8322729831186,0.645664147875042
"4720","Lamp5","CXADR",0.0254975200121945,0.0411990441082995,0.535991327659933,-0.0552511226375497,0.106246162661939,7,0,0,0.8386990076139
"4721","Lamp5","ZNF791",0.0208713732132673,0.0335927650677734,0.534398566748859,-0.0449692364606836,0.0867119828872183,7,0,0,0.838037301304696
"4722","Lamp5","FAM228A",-0.0754523694788098,0.125276397363472,0.546982985566708,-0.320989596424144,0.170084857466524,6,0.0490445977930569,60.5380724266456,0.84426555554882
"4723","Lamp5","POC1A",-0.13355313748365,0.102600846439535,0.193026906943501,-0.334647101288463,0.0675408263211626,6,0.00349804896419098,5.13551290355138,0.587082599221091
"4724","Lamp5","DDX23",-0.0496279676457263,0.0488832857827097,0.309994356552273,-0.145437447225816,0.0461815119343634,7,0,0,0.696879927838551
"4725","Lamp5","FBXL12",-0.0905259786818015,0.0506395768821525,0.073832049911165,-0.189777725563167,0.00872576819956447,7,1.98464938903428e-06,0.00966413738873111,0.392425548838943
"4726","Lamp5","PPARGC1A",-0.0533071436780797,0.102473374928881,0.602920825418688,-0.254151267912956,0.147536980556797,7,0.0271212824039437,44.0437681698256,0.868633169033008
"4727","Lamp5","ACAP2",0.0269035557054386,0.0237912255854246,0.258131532844328,-0.0197263895900614,0.0735335010009386,7,5.32002020672224e-06,0.118444735194246,0.649483484385718
"4728","Lamp5","EIF3G",-0.0376572033924341,0.0654633615545775,0.565128381349495,-0.16596303434633,0.0906486275614617,6,2.8198280185119e-07,0.000945157107804655,0.852935819308762
"4729","Lamp5","ACAD9",-0.0487088002494424,0.0329182998671287,0.138956635322027,-0.113227482421304,0.0158098819224194,6,0,0,0.512890916978139
"4730","Lamp5","TLL2",0.0228672369342546,0.102853230539822,0.82405792172295,-0.178721390617392,0.224455864485901,6,0,0,0.952809502647661
"4731","Lamp5","ZNF768",-0.0517850870449695,0.104646930980986,0.620702274940763,-0.256889302860351,0.153319128770412,6,0.0213481417987063,35.1592362849247,0.8777964007189
"4732","Lamp5","SFT2D3",-0.0843619905741542,0.0876740266590905,0.335937451322735,-0.256199925205576,0.0874759440572677,5,0.00330161868917513,8.14268753661905,0.717302587286027
"4733","Lamp5","ANKRD34C-AS1",0.221857092905663,0.0823212073452496,0.00703849381581949,0.0605104913451199,0.383203694466207,7,0,0,0.141230448898298
"4734","Lamp5","FTCDNL1",0.0725459647358758,0.069598513144797,0.297249741421592,-0.0638646144054638,0.208956543877215,7,0.00561856631148432,16.6574292046737,0.687717093762976
"4735","Lamp5","RABGAP1",0.00757519072628861,0.0233032715028026,0.745128215020569,-0.0380983821411631,0.0532487635937403,7,0,0,0.923897182315291
"4736","Lamp5","TELO2",-0.000916021862132355,0.0576126426120926,0.987314435254888,-0.113834726436011,0.112002682711747,7,0,0,0.997613323839068
"4737","Lamp5","DDB2",-0.0107625886565959,0.0914926189792723,0.906358132270698,-0.190084826707215,0.168559649394024,6,1.94644730379289e-06,0.00336779623162934,0.979410581352243
"4738","Lamp5","PCED1B",-0.147678505526872,0.177739943934967,0.406047968280621,-0.496042394253576,0.200685383199832,6,0.0959507189552408,58.2265469799701,0.767306534468615
"4739","Lamp5","CAPN14",-0.0609322368453657,0.10126061945503,0.547349378073431,-0.25939940402944,0.137534930338709,6,0.0191882161203803,33.3469251327277,0.844555074503389
"4740","Lamp5","FAF2",-0.00416021298607522,0.0284289698551284,0.883655280036192,-0.0598799700197017,0.0515595440475512,7,6.18283353084412e-06,0.0947334656684234,0.973189568893511
"4741","Lamp5","SKP2",0.069135582759837,0.0371758966273737,0.0629296277986884,-0.0037278357227995,0.141999001242473,7,0,0,0.368543433513697
"4742","Lamp5","PTTG1IP",0.0169903209272342,0.0460433760009404,0.712122622449683,-0.0732530377612448,0.107233679615713,7,0,0,0.913273398592575
"4743","Lamp5","ZDHHC2",0.107740786781923,0.0453527149398072,0.017519526009278,0.0188510988987889,0.196630474665056,7,3.46494469801061e-06,0.0217296872060768,0.212490883919833
"4744","Lamp5","BTBD9",0.0209236561603485,0.031963562327844,0.512719113209296,-0.0417237748198269,0.083571087140524,7,1.58381959228383e-05,0.198649242049389,0.826138184151139
"4745","Lamp5","JPH1",0.0395702762324107,0.0458871204299137,0.388500725430168,-0.0503668271644723,0.129507379629294,7,0,0,0.755951867136248
"4746","Lamp5","GLIDR",-0.0240612589338184,0.0539351847774532,0.655514660556545,-0.12977227859714,0.0816497607295028,7,0,0,0.891987198915488
"4747","Lamp5","DEDD",-0.0379761340857159,0.0868108422312653,0.661778922836582,-0.208122258326585,0.132169990155153,7,0.0167901947780088,35.3378170234096,0.893958447780717
"4748","Lamp5","TRAPPC5",0.128444995124758,0.132339522561392,0.331761605241144,-0.130935702826796,0.387825693076312,5,0.0302667869460095,35.8039131627584,0.713842575940777
"4749","Lamp5","C14orf93",-0.0198611178172173,0.122152456200635,0.870839005161726,-0.259275532593569,0.219553296959134,6,0.0322305825106802,40.0997381260007,0.968577940382375
"4750","Lamp5","GLT8D2",0.150378900371001,0.0663761002314517,0.0234784632444562,0.0202841344831353,0.280473666258868,7,0.00607028635329695,20.3587059597982,0.241011967330859
"4751","Lamp5","TYW5",0.0761290488873115,0.0384573262254115,0.0477516339488602,0.000754074543797181,0.151504023230826,7,0,0,0.326856584927945
"4752","Lamp5","ACACA",0.0771911576295913,0.0300299914744249,0.0101560960139515,0.0183334558836735,0.136048859375509,6,3.11678401255958e-06,0.0526968813376189,0.165924524905528
"4753","Lamp5","YKT6",-0.138394605506545,0.059740118167801,0.0205249401808377,-0.255483085547601,-0.0213061254654876,7,0,0,0.22867109709499
"4754","Lamp5","MYLIP",0.0333335959773703,0.105117412477395,0.751161484870976,-0.172692746626364,0.239359938581105,5,0,0,0.925975950944022
"4755","Lamp5","ZSWIM3",0.0158236457385125,0.0640652753203629,0.804913989480879,-0.109741986549041,0.141389278026067,7,0.00593433757793878,21.4385963881219,0.946038694946959
"4756","Lamp5","AK1",-0.0495894594832162,0.0655545361911245,0.449372760060815,-0.178073989441048,0.0788950704746153,7,2.15397914308411e-07,0.000605293909116717,0.792929481481107
"4757","Lamp5","ZNF404",0.0122383932752866,0.0678672213944106,0.856894693723276,-0.120778916388564,0.145255702939138,7,0,0,0.963462311858031
"4758","Lamp5","RHOT2",-0.164263867987616,0.0451561796076996,0.000275101695293807,-0.252768353698129,-0.0757593822771031,6,3.65740505463751e-06,0.0255722718629999,0.0320924146154616
"4759","Lamp5","CPNE7",-0.151956608638567,0.0509529415292603,0.00286097904156521,-0.251822538942293,-0.0520906783348416,7,0,0,0.089332763337019
"4760","Lamp5","ZDHHC19",0.0369223889309919,0.106564239258313,0.7289819324134,-0.171939682055212,0.245784459917196,6,0,0,0.91913282699127
"4761","Lamp5","CAMK2D",0.0905506763981224,0.0438266308913744,0.0388180165793663,0.00465205828729796,0.176449294508947,7,0.00101121580320944,7.12546036105265,0.302426488776965
"4762","Lamp5","GOLGA2",-0.00264088634067192,0.0365618340279969,0.942418325322994,-0.0743007642442769,0.069018991562933,7,0,0,0.987503789760597
"4763","Lamp5","RAB33A",0.083489817270609,0.118800352453864,0.482196506319973,-0.14935459488963,0.316334229430848,5,0.0133805646493309,18.4097870464495,0.811720289507115
"4764","Lamp5","NFKBIA",0.0693162435234192,0.0743632017020975,0.351268843229186,-0.0764329535877795,0.215065440634618,6,1.77526898537503e-06,0.00492880454063095,0.72969127366908
"4765","Lamp5","TCP11L1",-0.0198663731732563,0.0289533501194275,0.492617827185888,-0.0766138966391126,0.0368811502926,7,0.000270609696387451,4.1647696508505,0.816636622583315
"4766","Lamp5","GOLGB1",-0.0516671959500737,0.0297524120570452,0.0824628033291532,-0.109980852035077,0.0066464601349301,7,0,0,0.413390309358299
"4767","Lamp5","GABPA",0.037360116668592,0.0353149370577294,0.290095292991637,-0.0318558880808566,0.106576121418041,7,0,0,0.679711913966886
"4768","Lamp5","TUSC1",-0.0618298393436914,0.0976575475637338,0.526649312839596,-0.253235115387117,0.129575436699734,5,0,0,0.83424933613389
"4769","Lamp5","SPATA17",0.0423459084290969,0.0962362007822457,0.659922205349498,-0.14627357911307,0.230965395971264,6,0,0,0.893367631172136
"4770","Lamp5","SPRYD7",-0.0175736314545526,0.0429193657784008,0.682204373150799,-0.101694042619519,0.0665467797104139,7,0.000536851992876017,3.73020437086313,0.902529462625427
"4771","Lamp5","LINC00609",0.0541726950348968,0.080870374068761,0.502940211709856,-0.104330325556157,0.21267571562595,7,0.00160989518239582,3.18700301722657,0.822278216591144
"4772","Lamp5","SOX8",-0.126939192652091,0.109378876524372,0.245826669475668,-0.341317851309313,0.0874394660051318,5,0.0108919330680851,17.900774277419,0.637156727407784
"4773","Lamp5","THAP4",-0.0595852454772199,0.0420481537513388,0.156461988157018,-0.141998112446247,0.0228276214918069,7,0,0,0.53965518417375
"4774","Lamp5","NDST3",-0.10258484799528,0.0837816572065858,0.220789727337813,-0.266793878685269,0.0616241826947089,7,0.00683952710661398,13.7469770375371,0.611492438451345
"4775","Lamp5","TP53INP2",-0.165405679754429,0.11342788830927,0.144772954324257,-0.387720255683029,0.0569088961741714,6,0.0285379712021225,40.8244675441439,0.521123798862538
"4776","Lamp5","STARD3",-0.101815423056357,0.0397304238380733,0.0103874805262764,-0.179685622869493,-0.0239452232432219,7,0,0,0.1674714391366
"4777","Lamp5","CPT2",0.0621149961762157,0.122308428849485,0.611554753843811,-0.177605119374454,0.301835111726885,5,0.0251637087231451,34.7312535315806,0.874121429918725
"4778","Lamp5","SAE1",-0.0627966202432106,0.031411167241884,0.0455887339423548,-0.124361376749667,-0.00123186373675367,7,0,0,0.320761019645749
"4779","Lamp5","THOC3",0.0110000950696169,0.0724260877944823,0.879281355846909,-0.130952428548704,0.152952618687938,7,0,0,0.971323130524652
"4780","Lamp5","DDX4",-0.0153339965444609,0.136037308444029,0.910253295619324,-0.281962221648525,0.251294228559603,5,0,0,0.980126088601916
"4781","Lamp5","BCAM",-0.0834498388235493,0.0819046599942353,0.308266786978208,-0.243980022578249,0.0770803449311503,6,0,0,0.696394528456476
"4782","Lamp5","LRWD1",-0.268595958241286,0.0822723624909693,0.00109573598962239,-0.429846825646609,-0.107345090835962,5,0,0,0.0579818880526291
"4783","Lamp5","PLK5",-0.0825526307007955,0.0613929192256409,0.178734910607156,-0.202880541288828,0.0377752798872374,5,0,0,0.571216140018969
"4784","Lamp5","ADGRG2",0.0055852646028318,0.0967402032208582,0.95395996971559,-0.184022049567136,0.195192578772799,7,3.51427642064554e-06,0.004450407734992,0.991631446409644
"4785","Lamp5","ACVR1B",0.0854685957486759,0.03358198414882,0.0109254945441768,0.0196491162875937,0.151288075209758,7,0,0,0.170017108872897
"4786","Lamp5","LINC02236",-0.204582857328955,0.0881128219004251,0.0202421743081631,-0.37728081482998,-0.0318848998279294,5,0.00010139950778669,0.2363596659002,0.227301561081054
"4787","Lamp5","USP27X",0.0409788323884589,0.092638958173553,0.658236038621168,-0.140590189197017,0.222547853973935,6,0,0,0.892964921996311
"4788","Lamp5","DDX60L",-0.0350250125938555,0.0938772722015031,0.70907875684113,-0.219021085075665,0.148971059887954,6,0,0,0.912274097920567
"4789","Lamp5","CPNE9",0.125258283816151,0.0800571706943322,0.117674283123153,-0.0316508874489158,0.282167455081217,7,0,0,0.474626223227585
"4790","Lamp5","RNF25",-0.0600305735381111,0.0768477476772658,0.43470696572606,-0.210649391278574,0.0905882442023515,7,0.00776038311714577,19.1453551618839,0.78387524172466
"4791","Lamp5","CYTH3",-0.0501061231767912,0.0292019859886063,0.0861901550908119,-0.107340963991503,0.00712871763792047,7,0,0,0.420219835304873
"4792","Lamp5","NEMP2",-0.172744963848407,0.100866310463734,0.0867837431157375,-0.370439299610761,0.0249493719139469,6,1.35626780758868e-07,0.000189746958291245,0.421204051916033
"4793","Lamp5","SP1",0.0484773660903895,0.0653940252899122,0.458504376261825,-0.0796925682819398,0.176647300462719,7,0.00942098864519642,35.3054086759719,0.79860964691453
"4794","Lamp5","MFSD4B",0.0507834231852229,0.101030184966955,0.615206187946034,-0.147232100701428,0.248798947071874,5,0.0156896525189074,29.5975607804311,0.875586673414386
"4795","Lamp5","RPL35A",-0.124767964287276,0.105539771943233,0.2371306906327,-0.331622116232583,0.0820861876580317,7,0.0268940068666867,38.7025817466883,0.626960750025431
"4796","Lamp5","COQ2",-0.130059312113695,0.0904952789376499,0.150662751213533,-0.307426799602395,0.0473081753750051,5,0,0,0.53025405672169
"4797","Lamp5","CEACAM19",0.0203558340799623,0.0647006608715686,0.753053570253687,-0.106455131004252,0.147166799164177,7,0,0,0.926555528105898
"4798","Lamp5","PABPC1L2A",-0.00683323402615988,0.112319916072324,0.951488829627005,-0.226976224274476,0.213309756222157,5,0,0,0.990412996214583
"4799","Lamp5","RPS6",-0.121282409148445,0.0752855965286738,0.107187501356141,-0.268839466899259,0.0262746486023694,7,0.00989351786313081,27.151806430489,0.46144116101557
"4800","Lamp5","CCDC24",-0.068944083923864,0.0548942410394482,0.209136332037188,-0.176534819319843,0.0386466514721151,7,3.56997067291072e-08,0.000150734739079833,0.598913169260712
"4801","Lamp5","ZFP69B",0.0442303735907709,0.061365064728032,0.471048269505099,-0.0760429431851411,0.164503690366683,7,0,0,0.805136073271473
"4802","Lamp5","RPH3AL",0.00747858209034967,0.10602412155074,0.943766562702948,-0.200324877641599,0.215282041822298,6,6.35114695986188e-06,0.00840353779504027,0.988137307246065
"4803","Lamp5","NBEAL2",-0.15903190329736,0.0924294505211057,0.0853277738807043,-0.340190297429554,0.0221264908348344,5,0,0,0.419069752706095
"4804","Lamp5","NPIPB5",0.00392227181555823,0.0665701048123652,0.953016291784886,-0.126552736063734,0.134397279694851,7,0.00522283519992807,16.9486299487882,0.991132091050801
"4805","Lamp5","HSD11B1",-0.124962039507988,0.118963558061482,0.293523745344786,-0.358126328781233,0.108202249765256,5,0,0,0.68384363782797
"4806","Lamp5","PXDN",-0.0661462382373369,0.0947271564198594,0.485001051859995,-0.251808053178154,0.11951557670348,6,2.02228800993559e-06,0.00340594553908601,0.813213789797325
"4807","Lamp5","KCTD18",-0.00316816295825292,0.0478873212252339,0.947251476669302,-0.0970255878758119,0.0906892619593061,7,6.54337449132845e-07,0.00358004121803837,0.9891015812004
"4808","Lamp5","RGMA",0.098571511134172,0.118101611070235,0.403924332090803,-0.132903393079646,0.33004641534799,5,0.00142670897679912,1.8135608955013,0.766307107118726
"4809","Lamp5","CTSO",0.0478158115553813,0.10249659826267,0.640849629113487,-0.153073829577322,0.248705452688084,6,0,0,0.885797586057349
"4810","Lamp5","MR1",-0.00153117038664921,0.0841713973358761,0.985486401870636,-0.166504077693377,0.163441736920079,6,7.90049736791285e-06,0.0159113432746647,0.997296915565468
"4811","Lamp5","E2F6",0.0151530127224379,0.0421289566353316,0.719085214539402,-0.0674182249890619,0.0977242504339376,7,0,0,0.915104576999517
"4812","Lamp5","FBXO41",-0.0902386978324788,0.0331017333410285,0.00640872115813311,-0.155116903006743,-0.0253604926582142,7,0,0,0.134671783983955
"4813","Lamp5","TIGD5",0.000815430450463326,0.0936951949014927,0.993056088368648,-0.182823777080923,0.18445463798185,5,0.0026729612789848,5.67214334579783,0.998654866216999
"4814","Lamp5","NDUFB7",-0.020694862385683,0.0680611593949973,0.761080095392315,-0.154092283545918,0.112702558774552,6,0.00109660999440231,3.57662438951215,0.927177276484799
"4815","Lamp5","TMEM242",-0.0315807579632998,0.0351939742765859,0.369540593973762,-0.100559680018237,0.0373981640916376,7,0,0,0.741486873434852
"4816","Lamp5","NOC3L",-0.110136533180108,0.0945103373050146,0.243882007314752,-0.295373390464669,0.0751003241044524,7,0.0279424684736796,53.6249690625717,0.636259619574418
"4817","Lamp5","ZNF879",0.035432788517109,0.0991924268354781,0.720932625024007,-0.158980795619552,0.22984637265377,6,0.00624050809432822,10.0479592496056,0.915387356767999
"4818","Lamp5","UBAC2",0.0199695725896547,0.0509540554788056,0.695122267456068,-0.0798985410150601,0.119837686194369,7,0.00863486682120842,55.7069605964258,0.906243017170732
"4819","Lamp5","NRL",0.00877970037960327,0.0671405887107257,0.89596048891358,-0.122813435394236,0.140372836153442,7,0.00112884916011885,3.20528295641154,0.976413248304476
"4820","Lamp5","HTR3B",-0.105000678529839,0.110564245212752,0.342274754977565,-0.321702617124688,0.111701260065009,6,2.25829365354364e-06,0.00259450663014597,0.723575003495969
"4821","Lamp5","GAR1",-0.0844825151475765,0.0663324932165875,0.202797451830305,-0.214491812856835,0.0455267825616823,6,0,0,0.593144491400319
"4822","Lamp5","DNAJC28",-0.0131033337812647,0.100191848115947,0.895947419130069,-0.209475747633027,0.183269080070498,5,0,0,0.976413248304476
"4823","Lamp5","NBPF26",-0.073120692940464,0.149304111649002,0.624315535733863,-0.365751374516256,0.219509988635328,5,0,0,0.879513428182503
"4824","Lamp5","TUBA1C",0.0895116474764924,0.0710728273138668,0.207873044903523,-0.0497885343381212,0.228811829291106,7,2.92850399601361e-06,0.00737944631542187,0.597044609985398
"4825","Lamp5","NID2",0.197397836870224,0.110769210896323,0.0747387752668593,-0.0197058270824905,0.414501500822938,5,0,0,0.394614133958663
"4826","Lamp5","SLC25A20",-0.138394027651113,0.088267648260114,0.11690663506545,-0.311395439240986,0.0346073839387604,5,0,0,0.473561011652999
"4827","Lamp5","TCF25",-0.0457102526867552,0.0344697329452643,0.184807154290878,-0.113269687816187,0.0218491824426766,7,0,0,0.577537998451536
"4828","Lamp5","ASL",-0.174321341935205,0.0703442722270519,0.0132077800005229,-0.312193582018907,-0.0364491018515016,7,0,0,0.185282376107453
"4829","Lamp5","CALB2",0.298923955204448,0.123216486109924,0.0152660108550517,0.0574240801274161,0.540423830281479,5,0.00584024039310597,7.41942652241892,0.198226084490297
"4830","Lamp5","CA4",-0.106207826265704,0.0911848132826162,0.244118804642478,-0.284926776236641,0.0725111237052338,7,0,0,0.636382241124551
"4831","Lamp5","LCMT2",0.179751411434988,0.0964539319638141,0.0623780960704063,-0.00929482138136445,0.36879764425134,6,7.97415093003665e-06,0.0126556658432581,0.367678264177257
"4832","Lamp5","SCARF1",-0.15725413210342,0.0918936193748318,0.0870326108483434,-0.337362316487122,0.0228540522802826,5,0,0,0.421898254209703
"4833","Lamp5","MORN3",-0.030345208313353,0.0673279816252468,0.65220056850298,-0.162305627450611,0.101615210823905,7,0,0,0.890174782643672
"4834","Lamp5","GALNT3",0.0188813695165347,0.146219301475501,0.897254399315314,-0.267703195220051,0.30546593425312,6,0.0359159433147183,29.4314979753668,0.976632871703999
"4835","Lamp5","CCDC120",-0.0177909445608954,0.0726495825777137,0.806543861348652,-0.160181509905083,0.124599620783292,7,0.00903185361384321,26.1939964347592,0.946839897699866
"4836","Lamp5","TMEM74",-0.195608377558285,0.103920663344852,0.0597972363306487,-0.399289134963707,0.00807237984713766,6,5.01048197385147e-07,0.000678285370757439,0.361534453629033
"4837","Lamp5","TRAPPC2",0.0707130242621401,0.037686302909011,0.0606060346347855,-0.00315077214998856,0.144576820674269,7,0,0,0.363356712833373
"4838","Lamp5","WDR77",-0.11869205859534,0.0736645043685893,0.107124871405912,-0.263071834096769,0.0256877169060885,7,0,0,0.46144116101557
"4839","Lamp5","OPN3",-0.0721215275762053,0.0705771639627714,0.306836792250575,-0.210450227074215,0.0662071719218047,7,1.96455743159538e-06,0.00510066341884458,0.6957260731822
"4840","Lamp5","TMEM9",-0.00109663007987725,0.0596972281178382,0.985343791849909,-0.118101047167712,0.115907787007957,7,0.00853710217730806,40.5384241825621,0.997296915565468
"4841","Lamp5","ABCB8",-0.100622160112538,0.0705646350357383,0.153880652944314,-0.238926303364798,0.0376819831397227,6,0.0136518527140285,53.0792530636126,0.534803466597224
"4842","Lamp5","JPH3",-0.0289613969571569,0.0293701632552153,0.324092748216856,-0.0865258591574405,0.0286030652431268,7,0,0,0.707846209837883
"4843","Lamp5","SIL1",0.00615718108229597,0.0309800285329954,0.842460824538242,-0.0545625590823982,0.0668769212469901,7,0.000921806184524666,13.3853348456785,0.958821007634427
"4844","Lamp5","RABGGTA",-0.298010104531608,0.0978573179739447,0.00232407139133132,-0.489806923384223,-0.106213285678992,5,0,0,0.0833125240184361
"4845","Lamp5","VANGL2",-0.00300054599446944,0.0623357370427082,0.961608457050472,-0.125176345547937,0.119175253558998,7,0,0,0.994110955901331
"4846","Lamp5","B3GNT9",-0.173437215494749,0.100673740186363,0.0849309954686513,-0.370754120448963,0.0238796894594661,5,0,0,0.4181514099669
"4847","Lamp5","GTF3C1",-0.0623459992371472,0.0291429891570732,0.0324102618038647,-0.119465208386852,-0.00522679008744237,7,8.43682623619768e-06,0.121925674823721,0.280256197333635
"4848","Lamp5","MYPOP",1.11989607823519e-05,0.047836137311387,0.999813206535354,-0.0937459073290488,0.0937683052506135,7,0,0,0.999975696265529
"4849","Lamp5","SERGEF",0.0150857705450359,0.0397019137571967,0.703963302355943,-0.0627285505363849,0.0929000916264568,7,0.0042019334308887,45.0370213872347,0.909441194001807
"4850","Lamp5","NTN1",-0.0486776810476537,0.122336749943643,0.690704573436933,-0.288453304922877,0.191097942827569,7,0.0375938614198345,41.9035158095804,0.904736671775935
"4851","Lamp5","HR",-0.11384638731355,0.109472139827644,0.298359584978883,-0.328407838686266,0.100715064059165,5,0,0,0.687889392088386
"4852","Lamp5","COQ5",-0.0508713736092291,0.0706639130821581,0.471582885771391,-0.189370098256928,0.0876273510384696,6,0.00726983826685103,24.9668111696591,0.805665675848581
"4853","Lamp5","GABRB3",0.0158794516257486,0.0243797197504168,0.514827960280192,-0.0319039210382482,0.0636628242897454,7,0,0,0.826822012668583
"4854","Lamp5","TMEM101",-0.0633970277547636,0.0512627627520133,0.216195804955926,-0.163870196496731,0.0370761409872039,7,0,0,0.607283648398929
"4855","Lamp5","TMPRSS5",-0.0178626517778036,0.0884749708821936,0.83999883282365,-0.191270408240133,0.155545104684526,6,0,0,0.958356578693386
"4856","Lamp5","PGM5",-0.00241593757284506,0.160822168968725,0.988014296776596,-0.317621596667162,0.312789721521472,5,0.0331339668904935,25.8804081477207,0.997642964865483
"4857","Lamp5","PLTP",0.0152669900006654,0.0980690064422116,0.876288420918036,-0.176944730625696,0.207478710627027,6,0,0,0.970321343209654
"4858","Lamp5","TXNL4A",-0.06933477806493,0.040557666454716,0.0873517676459872,-0.148826343613162,0.0101567874833017,7,0.000855093600772929,6.78597583509276,0.422931088776664
"4859","Lamp5","ZNF395",0.099772755239573,0.0840208966817371,0.235040119855806,-0.0649051762053926,0.264450686684539,6,0,0,0.625081420051728
"4860","Lamp5","ZNF214",0.122555992153138,0.0779286654766633,0.115795494137676,-0.0301813855443916,0.275293369850668,6,3.01445429960566e-06,0.00715366684718534,0.472924102010777
"4861","Lamp5","RASGEF1C",-0.0934901068921657,0.0791483673236232,0.237523003244642,-0.248618056281614,0.0616378424972827,7,0.00285503112481914,5.87296571850453,0.627327207553593
"4862","Lamp5","LINC01229",-0.0182521362762454,0.157879286341186,0.907963083078838,-0.327689851409856,0.291185578857366,6,0.0534857987761927,39.5574607761275,0.979767074450202
"4863","Lamp5","ODC1",-0.000595837760614623,0.0972301921571484,0.995110502572974,-0.191163512598534,0.189971837077305,7,0.0121173074040994,18.6109985032056,0.998856332995448
"4864","Lamp5","HAAO",-0.0243528708913547,0.109380296762047,0.823812559628025,-0.23873431316327,0.19002857138056,6,0.0117602596234374,15.9908506297929,0.952809502647661
"4865","Lamp5","KLHL1",0.0128880163251496,0.119243480852721,0.913931029407745,-0.220824911537375,0.246600944187674,6,7.59637572334084e-06,0.00766613461894088,0.980734315041589
"4866","Lamp5","R3HDM4",0.00302130870255764,0.111179455513238,0.97832010524054,-0.214886419924161,0.220929037329276,6,0.0296760147769702,44.1531238503299,0.997093441046833
"4867","Lamp5","FAM83D",0.151621270803498,0.109197009840341,0.164981437709291,-0.0624009357030366,0.365643477310032,5,0,0,0.551334376967334
"4868","Lamp5","DNAAF2",0.0352196812206617,0.0601601737054646,0.558257384429921,-0.0826920925457225,0.153131454987046,7,0,0,0.850476296218435
"4869","Lamp5","HLA-DMA",-0.0698357291374032,0.128364945675552,0.586413603868421,-0.321426399538925,0.181754941264118,5,0,0,0.860479719427699
"4870","Lamp5","CCDC157",-0.18429426938521,0.072825166292729,0.0113854680139118,-0.327028972487099,-0.0415595662833209,6,0,0,0.173009926274931
"4871","Lamp5","CD302",0.0642545304534884,0.098626526668359,0.514728040989125,-0.129049909736774,0.257558970643751,6,0,0,0.826814324001202
"4872","Lamp5","PIM1",0.107186686170734,0.106829951308381,0.315697191183287,-0.102196170863861,0.316569543205328,5,0,0,0.701230072318151
"4873","Lamp5","GNAS-AS1",0.0851586470443966,0.0957274068882185,0.373683254409704,-0.102463622789923,0.272780916878716,6,0,0,0.745335842612238
"4874","Lamp5","PYROXD2",0.0858523262722742,0.0709106861154854,0.226006300933741,-0.0531300646331016,0.22483471717765,7,1.95389451838497e-06,0.00485159882210173,0.617203356838919
"4875","Lamp5","FRMD6",-0.011377716905065,0.0934248630409679,0.903069548443728,-0.194487083725949,0.171731649915819,6,0,0,0.978460008363242
"4876","Lamp5","SARNP",-0.033155375277625,0.0600791732057317,0.581043331730014,-0.150908390981803,0.0845976404265529,6,0,0,0.858378677238391
"4877","Lamp5","ZNF850",-0.0856276011167545,0.103488445287384,0.408003473874228,-0.288461226696071,0.117206024462562,6,0.0105387140142086,16.0206606369556,0.76936511259254
"4878","Lamp5","MPV17L2",0.0526495880947885,0.103792914646563,0.611975143559554,-0.150780786462915,0.256079962652492,5,0,0,0.874121429918725
"4879","Lamp5","PORCN",-0.0130315585214839,0.0538793831310478,0.808884461487462,-0.118633208967572,0.0925700919246047,7,0,0,0.947362141179829
"4880","Lamp5","LLGL1",-0.118704333571193,0.0916690712497316,0.195347001005402,-0.298372411716903,0.0609637445745167,6,0,0,0.588272573234939
"4881","Lamp5","TLN1",-0.0872786242727674,0.0537319452783705,0.104304549887326,-0.192591301837651,0.0180340532921157,7,0,0,0.455249120737383
"4882","Lamp5","UBE2E3",0.0582377559372279,0.033998655337389,0.0867230412516845,-0.00839838404684497,0.124873895921301,7,0,0,0.421204051916033
"4883","Lamp5","SAMD14",-0.0297200530623211,0.0503207717189046,0.554780403519846,-0.128346953305636,0.0689068471809935,7,0,0,0.8488509270335
"4884","Lamp5","NUDT17",0.124778566526863,0.10429122551026,0.231523505928585,-0.0796284793767906,0.329185612430517,5,0.00574258305745078,10.1834317883153,0.622619655363155
"4885","Lamp5","OSMR",0.102194282534889,0.115701340987975,0.377096202087449,-0.124576178764531,0.328964743834309,5,0,0,0.747876199131641
"4886","Lamp5","TMEM135",0.0892934594038233,0.0344431019377443,0.00952834522444207,0.0217862200900028,0.156800698717644,7,0.00102300814339743,11.9973017650342,0.160983406567366
"4887","Lamp5","TTC31",0.0262185068787866,0.0728579648565247,0.718953477149073,-0.116580480226887,0.16901749398446,6,0,0,0.915104576999517
"4888","Lamp5","ABCC4",-0.0288498446822229,0.109332385345265,0.79187792116105,-0.243137382302798,0.185437692938352,6,0,0,0.940727175936594
"4889","Lamp5","C1QTNF6",0.0953837000156686,0.0921215187161079,0.300476675306421,-0.0851711588690354,0.275938558900373,6,0.0030204354364467,5.38429274265187,0.689991770313005
"4890","Lamp5","RDH13",-0.119765231065166,0.0699258473024432,0.0867592368632201,-0.256817373366401,0.0172869112360704,6,0,0,0.421204051916033
"4891","Lamp5","PLCD4",0.13797705785471,0.0863508880197306,0.110073034763383,-0.0312675726970127,0.307221688406434,6,0,0,0.463734401407849
"4892","Lamp5","DLX1",0.00379895339720471,0.0434441411796542,0.930318158800115,-0.0813499986541909,0.0889479054486003,7,0.000160981557937731,1.06539662931104,0.984877831080086
"4893","Lamp5","DRG2",-0.0440399767387726,0.0516411697990618,0.393766065980317,-0.145254809664451,0.0571748561869061,7,0,0,0.759050773360235
"4894","Lamp5","ZFYVE19",-0.0855242055822596,0.0708725904704876,0.227535465048021,-0.224431930395472,0.0533835192309528,6,1.71529288675797e-05,0.0507974331458098,0.618712284335898
"4895","Lamp5","PRB2",0.0197820157274131,0.0432709418020299,0.647551529358785,-0.0650274717816942,0.10459150323652,7,0.00147069832064666,10.9342808545392,0.888386915177437
"4896","Lamp5","GULP1",-0.076323000460544,0.144575302911937,0.59756059238675,-0.359685387221909,0.207039386300821,6,0.0436348402335777,36.2527649015409,0.866357398277713
"4897","Lamp5","ESYT3",0.0115809750333256,0.0490286081626731,0.81327086758386,-0.0845133311776401,0.107675281244291,7,0,0,0.948815753829332
"4898","Lamp5","NUP37",0.0124000354430538,0.0583306686012606,0.831653209708279,-0.101925974209558,0.126726045095666,7,4.84245453134242e-06,0.017751588350307,0.955974777881874
"4899","Lamp5","PTENP1-AS",-0.0940258461479047,0.090316373255158,0.29784213961855,-0.271042684942291,0.0829909926464814,5,0,0,0.687746200571181
"4900","Lamp5","PAQR9",0.130504302297325,0.122063944532036,0.285003428093487,-0.108736632796361,0.369745237391011,5,1.14959273045575e-06,0.00124319788285703,0.674788358061772
"4901","Lamp5","SMOC1",0.128434328202208,0.0887906876791776,0.148041436145571,-0.0455922218115241,0.302460878215941,7,0,0,0.526805492887568
"4902","Lamp5","DDX39A",-0.117289857346395,0.0830399951363078,0.157817445600397,-0.28004525708994,0.0454655423971492,6,0.00368831907270155,8.26944703896862,0.541560640440502
"4903","Lamp5","ZSWIM9",-0.140020236240913,0.0561652044231808,0.0126666422363754,-0.250102014094677,-0.0299384583871487,5,0,0,0.182726627870703
"4904","Lamp5","HTR2C",0.0450693286262036,0.109379993188014,0.680307449917467,-0.169311518651541,0.259450175903948,6,0,0,0.901733822525915
"4905","Lamp5","ADGRG1",0.0156176378208938,0.0875390664042379,0.858402853511454,-0.155955779571673,0.18719105521346,5,0,0,0.964217804077724
"4906","Lamp5","KLHL17",-0.0897619632565141,0.0853311103950698,0.292833772950908,-0.257007866391662,0.0774839398786341,5,0,0,0.682784853593754
"4907","Lamp5","TAB1",-0.0726807500301659,0.0368997221874896,0.0488747294998873,-0.145002876557179,-0.000358623503152689,7,2.6520461138141e-06,0.0242394289424337,0.330221971801781
"4908","Lamp5","GJC1",-0.00224538014562967,0.0929425012626431,0.980725934105485,-0.184409335253479,0.179918574962219,6,0,0,0.997097308652136
"4909","Lamp5","TUBA8",0.0182540180886144,0.0985194736857702,0.853006796988053,-0.174840602111337,0.211348638288565,7,0.0107010154590652,15.659482474091,0.961280464114222
"4910","Lamp5","FNTA",0.0218471557363935,0.0381218825414663,0.566585781148165,-0.0528703610677467,0.0965646725405337,7,0,0,0.853478978335213
"4911","Lamp5","CRYZ",0.272890401182145,0.140997463091161,0.0529378281117419,-0.00345954838804646,0.549240350752336,5,0.03149691096722,32.1384273315915,0.341371320161645
"4912","Lamp5","UBE2L3",-0.0119258688197479,0.0292283724532413,0.683256271631069,-0.0692124261548234,0.0453606885153276,7,1.87355808169214e-06,0.0266627275317027,0.902529462625427
"4913","Lamp5","EAF1",-0.00227442481996991,0.0456934639279106,0.960301119622096,-0.0918319684475549,0.0872831188076151,7,2.11182525837896e-06,0.0122250718921208,0.99402737661308
"4914","Lamp5","DPP3",0.18090596379322,0.179589676840144,0.313776499627952,-0.171083334808649,0.53289526239509,7,0.142897164613119,73.2778389640603,0.698925605264866
"4915","Lamp5","PRKAB2",0.0554427679920308,0.0431220961093618,0.198542202709266,-0.0290749873201931,0.139960523304255,7,0,0,0.590491470330791
"4916","Lamp5","LINC02175",0.0701302568674999,0.0532184548104585,0.187577043870208,-0.0341759978738711,0.174436511608871,5,0.000765294726415294,4.83396297529212,0.580396860968647
"4917","Lamp5","ZNF671",-0.001442268568439,0.068674261402426,0.983244388633377,-0.136041347582083,0.133156810445205,6,0,0,0.997296915565468
"4918","Lamp5","FAM98C",-0.0748396158936263,0.0615890927755087,0.224311178510142,-0.195552019574119,0.0458727877868668,7,0,0,0.615080495135071
"4919","Lamp5","MYO15A",0.135553854386069,0.0919162620256338,0.140278752950114,-0.0445987087777197,0.315706417549858,6,0,0,0.51569650107857
"4920","Lamp5","SYCP2L",0.0261010568225844,0.0544331445218236,0.631578211797219,-0.0805859460054535,0.132788059650622,7,0.00100710949505306,4.4822654330895,0.882993296421211
"4921","Lamp5","VPS37D",0.018804088571685,0.0816856505515677,0.817935868978336,-0.141296844563112,0.178905021706482,5,0,0,0.950417319968123
"4922","Lamp5","ZNF230",-0.0499065525803637,0.0797452658784513,0.531429966064046,-0.206204401639699,0.106391296478972,7,0,0,0.836453140847582
"4923","Lamp5","IFT57",0.000982134895568251,0.0490131202768756,0.984012896409403,-0.0950818156170377,0.0970460854081742,7,0,0,0.997296915565468
"4924","Lamp5","KLC2",-0.0536343749509902,0.0573368425108833,0.349568787571016,-0.166012521259566,0.0587437713575861,7,0.0063488644799953,31.619581991077,0.728618713638442
"4925","Lamp5","PTGES2",-0.14161011903824,0.0692801380805939,0.0409513843153167,-0.277396694520166,-0.00582354355631401,6,0.00663230705858517,23.6878120858749,0.308910339384172
"4926","Lamp5","MEST",0.0205559750638881,0.0544467472453157,0.705770295731056,-0.0861576886122859,0.127269638740062,7,0.00471301365245448,23.8521236412637,0.9104969759059
"4927","Lamp5","CCDC97",-0.00862285069913754,0.0625355859992584,0.890329644477332,-0.131190347009791,0.113944645611516,7,0,0,0.975244527597324
"4928","Lamp5","PMPCA",-0.0662738171800093,0.0439664505600021,0.131715211252752,-0.152446476805674,0.0198988424456558,6,0,0,0.500375543637757
"4929","Lamp5","LINC02615",0.102766362928425,0.0777092530560203,0.186019371140497,-0.0495409743268842,0.255073700183733,5,0.00574520460721878,18.6501655395853,0.579475295511645
"4930","Lamp5","RPUSD4",0.087251422645895,0.0545591972945673,0.109774727768254,-0.0196826390768719,0.194185484368662,6,0,0,0.463734401407849
"4931","Lamp5","CYP1B1-AS1",0.0869623477882255,0.0943821736906984,0.356849298714576,-0.0980233134281472,0.271948009004598,7,0.0133044578365048,22.2230075567152,0.732963183110135
"4932","Lamp5","THAP12",0.0224166023948566,0.0384288862638359,0.559673269443907,-0.0529026306482478,0.097735835437961,7,0,0,0.850765851018062
"4933","Lamp5","MAOA",0.0194439966172042,0.058560989297859,0.739866717735319,-0.0953334333056349,0.134221426540043,6,0.00283600508081123,13.3279410419631,0.922699531904995
"4934","Lamp5","ADD1",-0.0405971522663453,0.0222960697655011,0.0686340695135905,-0.0842966460035198,0.00310234147082928,7,0,0,0.380924028567574
"4935","Lamp5","ZDHHC20",0.0316785123128351,0.0293906756707075,0.281104156212697,-0.0259261534830492,0.0892831781087194,7,0.000545546539736014,8.44816556266454,0.67040441218557
"4936","Lamp5","ATP6V1E2",0.121449077104102,0.0596763780773711,0.041837979885492,0.00448552534465924,0.238412628863545,7,0,0,0.31114492884268
"4937","Lamp5","LINC01562",-0.115980994566981,0.115899464534038,0.316970196673646,-0.343139770881173,0.111177781747212,7,0.0254414396573762,28.6471087845912,0.701947766322472
"4938","Lamp5","BIN3",0.0354052497634644,0.0541321670316694,0.513078332488307,-0.0706918480237141,0.141502347550643,7,0.00263387538787022,12.5304740289877,0.826138184151139
"4939","Lamp5","KCNJ12",-0.09491588851511,0.0603916982526952,0.116026841358366,-0.213281442055603,0.023449665025383,7,0.00666794048465875,28.3023296095837,0.472926038106576
"4940","Lamp5","FIZ1",0.00864654554486658,0.115702553869691,0.940428893542521,-0.218126292959033,0.235419384048766,5,0.0295456365713193,46.6123919438474,0.987071639145024
"4941","Lamp5","WDR54",-0.0388166432467728,0.0718211007058204,0.588877812203251,-0.179583413960205,0.101950127466659,7,0,0,0.86166520936482
"4942","Lamp5","MANEA-DT",-0.021211132621637,0.112615748634488,0.850602596051199,-0.24193394403725,0.199511678793976,5,0.00357799406150861,5.03430987387904,0.960721774113098
"4943","Lamp5","KLHDC8A",0.0139506047006936,0.114817345909182,0.903292964789197,-0.211087258081781,0.238988467483168,5,0,0,0.978485558506704
"4944","Lamp5","MADCAM1",0.0432344274541639,0.114109410546631,0.704772720477739,-0.180415907514328,0.266884762422656,7,0.0384207753051976,50.4168181745306,0.910144531473291
"4945","Lamp5","TFPT",-0.148542150718814,0.105519711852225,0.159214160177731,-0.355356985608219,0.058272684170591,6,0.0208182911331915,33.3336277796213,0.543481812227939
"4946","Lamp5","ALKAL1",0.0217366144639332,0.101085654766582,0.829742647746847,-0.176387628232218,0.219860857160084,5,0,0,0.955480430439053
"4947","Lamp5","SLC2A4RG",0.0657191688810134,0.080390008263861,0.413640353723501,-0.0918423520330314,0.223280689795058,7,0.0108747363062444,25.739461915705,0.771625852727355
"4948","Lamp5","MTRF1L",-0.0141212920601228,0.0506050355978813,0.780207107639501,-0.113305339268337,0.0850627551480919,6,0,0,0.936702821028089
"4949","Lamp5","ZBTB14",0.0570005851617402,0.0686123843926613,0.406107900166904,-0.0774772171412942,0.191478387464774,7,0.000872322596549845,2.38791132623991,0.767306534468615
"4950","Lamp5","TSPAN17",-0.0206444112524064,0.0627436187448423,0.742134477772834,-0.14361964425201,0.102330821747197,7,0,0,0.923528435962862
"4951","Lamp5","CDR2L",0.0519868230771083,0.0832035605843075,0.53209256064163,-0.111089159053631,0.215062805207848,6,0,0,0.836835209457292
"4952","Lamp5","RFPL2",-0.138186301942402,0.104662412974505,0.186733223533842,-0.34332086190749,0.0669482580226854,6,0,0,0.579579406254291
"4953","Lamp5","ASGR1",-0.190860655297712,0.0931912019526681,0.0405546650157252,-0.37351205480094,-0.00820925579448406,6,0.00389739715894384,7.05168500412429,0.307932215189243
"4954","Lamp5","SLC38A8",-0.0919694051689268,0.10116174406044,0.363280314912834,-0.290242780140648,0.106303969802794,6,0,0,0.737658430833555
"4955","Lamp5","SRSF5",-0.0880435686832468,0.0537567143913458,0.101460231356898,-0.193404792817491,0.017317655450997,7,0.00572002045464731,31.3291475787333,0.451399890921554
"4956","Lamp5","RGPD1",-0.12073459662251,0.112320240635783,0.282413243437295,-0.340878223003517,0.0994090297584972,6,0.0134849328466896,17.5669828551327,0.672115418560518
"4957","Lamp5","ADAMTS9",-0.234286253239478,0.0727538807476417,0.00128075356815712,-0.376881239240378,-0.0916912672385781,7,1.56053237330533e-06,0.00374032527292617,0.0627726718097994
"4958","Lamp5","SMOC2",-0.124325070738121,0.10693379599449,0.244977256493934,-0.333911459617475,0.085261318141234,7,0,0,0.636602338199387
"4959","Lamp5","CNGB3",0.115855570405399,0.116998689948722,0.322061889111634,-0.113457648132464,0.345168788943262,5,0,0,0.706734763099365
"4960","Lamp5","MAN2A1",0.0248832285417709,0.0375271801714448,0.507284337760247,-0.0486686930356066,0.0984351501191483,7,3.09870376808394e-06,0.0275678678692527,0.823367984162085
"4961","Lamp5","TAF2",-0.01646100499007,0.0284609941715861,0.563013874310151,-0.072243528530583,0.0393215185504431,7,0,0,0.852935819308762
"4962","Lamp5","MRPL24",-0.0475739004421916,0.0722327261042111,0.510139973299383,-0.189147442111592,0.0939996412272084,5,0,0,0.824565023970019
"4963","Lamp5","TTLL3",-0.0609317794606301,0.0517169655650354,0.238725740627735,-0.162295169357798,0.0404316104365375,7,0,0,0.629295508045306
"4964","Lamp5","LRRC45",-0.0768232566848303,0.0846412127426809,0.364071536004821,-0.242716985268277,0.0890704718986169,5,0,0,0.737658430833555
"4965","Lamp5","SNRPA1",-0.0572244181369524,0.0604020082874328,0.343438739756211,-0.175610178974211,0.0611613427003057,7,0.00789369280220463,34.0328354777698,0.72433889877292
"4966","Lamp5","NAALADL2",0.0232663369830938,0.0501199397442141,0.642495013903212,-0.0749669398228835,0.121499613789071,7,0.00473796960691727,28.5454589200147,0.886703736972112
"4967","Lamp5","VASP",-0.167916480605901,0.0880637507867508,0.0565516098288365,-0.340518260491443,0.00468529927964195,5,0,0,0.350298884137943
"4968","Lamp5","TMEM216",0.0172662795370206,0.0776327049412827,0.823994831852917,-0.134891026170318,0.169423585244359,6,0,0,0.952809502647661
"4969","Lamp5","PINLYP",-0.146320022427246,0.0841075345071271,0.0819155848898856,-0.311167760889675,0.0185277160351825,6,0,0,0.41264889625027
"4970","Lamp5","FCF1",0.0204474191430622,0.046123333113746,0.65753392924538,-0.0699526526068236,0.110847490892948,7,0,0,0.892902161244819
"4971","Lamp5","FGF22",-0.170768118811824,0.0909722072935294,0.0604980805392614,-0.349070368701253,0.00753413107760587,6,0,0,0.36319025596337
"4972","Lamp5","ABI3BP",0.219372202880553,0.117338668631577,0.0615443265672455,-0.0106073616312179,0.449351767392324,5,0,0,0.365809444044577
"4973","Lamp5","SPATA2L",-0.119166901424792,0.106892568286582,0.264923841327236,-0.328672485481482,0.0903386826318979,6,0.0173957219137688,26.5383577670597,0.654477926053113
"4974","Lamp5","SYNE3",0.0213948577081051,0.0833806343101927,0.797493251462485,-0.142028182547977,0.184817897964188,6,0.00109623620857484,2.18774057960938,0.943226894493407
"4975","Lamp5","PWWP2B",0.060792464115775,0.0912818223783926,0.505419710347942,-0.118116620189057,0.239701548420607,6,0.00991930515087142,20.054152984779,0.822690815532296
"4976","Lamp5","MORF4L1",0.00315506135982183,0.0377019063490593,0.93330736172398,-0.0707393172328363,0.07704943995248,7,0,0,0.985315638798959
"4977","Lamp5","FAM90A1",-0.0305230364772563,0.0981833461919125,0.755893414885225,-0.222958858895033,0.16191278594052,6,0,0,0.926555528105898
"4978","Lamp5","GEMIN4",0.00975678514283238,0.090202104246386,0.91386415250556,-0.167036090509812,0.186549660795476,6,0,0,0.980734315041589
"4979","Lamp5","TIAM2",-0.000797255375124353,0.0345216497700573,0.981575005305858,-0.0684584456113421,0.0668639348610934,7,0,0,0.997296915565468
"4980","Lamp5","CAPN10",-0.0694919870838704,0.0679425862289821,0.306400261084284,-0.202657009109182,0.0636730349414415,7,0.00744436703350491,24.255711546597,0.69556581668697
"4981","Lamp5","CD151",-0.012853209173064,0.096691058641636,0.894248194921372,-0.202364201737721,0.176657783391593,5,0,0,0.975921257738596
"4982","Lamp5","RPS6KA2",0.0654129046373675,0.038230038557437,0.0870747938295902,-0.00951659406278656,0.140342403337522,7,0.00122247592125204,11.677606022873,0.421931709646706
"4983","Lamp5","BLVRA",-0.0396058772094721,0.0431699738164897,0.35891192087259,-0.124217471103329,0.0450057166843849,7,0,0,0.734341772748556
"4984","Lamp5","A2ML1",-0.0563790930507703,0.129679403666591,0.663738458378287,-0.310546053773919,0.197787867672379,5,0.0281450951849198,35.2302727657288,0.895353753120906
"4985","Lamp5","TRIM62",-0.04195696860853,0.0431713555368048,0.331114957549436,-0.126571270624441,0.0426573334073812,7,0,0,0.713478158078145
"4986","Lamp5","DRC1",0.124419000806645,0.0882175896728703,0.158431934705017,-0.0484842977551136,0.297322299368403,6,0.0101378277480538,22.0781088517744,0.54226889156763
"4987","Lamp5","SUSD5",-0.176327865485558,0.0641431970640597,0.0059782456536429,-0.30204622158437,-0.0506095093867456,7,0,0,0.130942895017987
"4988","Lamp5","PSMC3IP",-0.00286073051943812,0.100743838776322,0.977346247371151,-0.200315026185339,0.194593565146463,5,0,0,0.997093441046833
"4989","Lamp5","RAB23",0.104971904191637,0.0454000945373574,0.0207693268289947,0.015989354003703,0.193954454379571,7,0,0,0.22867109709499
"4990","Lamp5","RBM22",-0.0624174714434821,0.058131142722511,0.282941246854168,-0.176352417559761,0.0515174746727971,7,0.00403336353413226,17.2829730427734,0.672702658276142
"4991","Lamp5","TTYH1",-0.121983618615395,0.117700271131762,0.300019304165203,-0.352671911004249,0.108704673773458,5,0.0340874075677349,55.6390845645647,0.689988388187631
"4992","Lamp5","TMEM38A",-0.0609997731643729,0.0408499069025351,0.13536759686014,-0.141064119465156,0.0190645731364102,7,1.28073605235916e-06,0.00937660579899693,0.50668578743362
"4993","Lamp5","ACSL4",0.0437520614750081,0.033219310352343,0.187816126497994,-0.0213565904068428,0.108860713356859,7,0.0010428850987936,13.2800609184699,0.580836063302174
"4994","Lamp5","RBPMS",-0.00129198249893212,0.0671526112931319,0.984650048956339,-0.132908682101288,0.130324717103424,7,2.4959356919647e-06,0.00576728924189739,0.997296915565468
"4995","Lamp5","TMEM167B",0.0245689496809719,0.0472854997034372,0.603351184431012,-0.0681089267287445,0.117246826090688,7,0.000411309327388641,2.32266914522866,0.868633169033008
"4996","Lamp5","ABL1",-0.0263722276499336,0.0299612931681401,0.37874559714129,-0.0850952831897341,0.032350827889867,7,0,0,0.749051329414751
"4997","Lamp5","ZBTB22",0.130849800826051,0.0975381716063132,0.179750373898771,-0.0603215026402096,0.322021104292313,5,0.00606416431458873,12.3345327401867,0.572625125587479
"4998","Lamp5","RBM38",-0.135229371118383,0.0846099812372525,0.109983488818546,-0.301061887076007,0.0306031448392419,6,0,0,0.463734401407849
"4999","Lamp5","N4BP3",-0.166443997672968,0.119769080075873,0.164617694051032,-0.401187081083173,0.0682990857372377,5,0,0,0.551134369404307
"5000","Lamp5","ZNF787",-0.103795232383116,0.0673793225208436,0.123447972208698,-0.235856277826678,0.0282658130604464,7,0,0,0.485310420658716
"5001","Lamp5","RFWD3",-0.0014572850110975,0.0589075073649254,0.980263523701109,-0.116913877865379,0.113999307843184,7,0,0,0.997093441046833
"5002","Lamp5","SMCO2",-0.0507401477116029,0.10077626632998,0.614617679345903,-0.24825800021478,0.146777704791574,6,0,0,0.87512951866861
"5003","Lamp5","CACNG7",-0.0732316427933128,0.0280791346121067,0.00910610187889315,-0.128265735350094,-0.0181975502365316,7,4.75454681982972e-06,0.0728958535232627,0.157995546441175
"5004","Lamp5","OLMALINC",0.264360867896242,0.139034258912388,0.0572485776882327,-0.00814127218925542,0.53686300798174,7,0.0694166441972448,61.4726078028772,0.352905020914214
"5005","Lamp5","RBL1",-0.033578779613818,0.0368860719627227,0.362644475101722,-0.105874152191907,0.0387165929642711,7,0,0,0.737060720214394
"5006","Lamp5","GTPBP1",0.0411856581202507,0.0649351406679461,0.525912203505418,-0.0860848789199659,0.168456195160467,7,0.0107160978483932,42.2704530456157,0.833914617040745
"5007","Lamp5","GPRIN1",0.0867098869837401,0.0546994607851877,0.112919647566368,-0.0204990861289888,0.193918860096469,7,0.000533095112484833,2.28621008113224,0.468309218452526
"5008","Lamp5","TCEA1",0.00362864753981079,0.0311558357000921,0.907281908594235,-0.0574356683406169,0.0646929634202385,7,0,0,0.979706322215609
"5009","Lamp5","ATRX",-0.00751787640396626,0.0198051481776536,0.704248277811728,-0.0463352535406465,0.031299500732714,7,0,0,0.909711077376372
"5010","Lamp5","PODN",0.0402280426605382,0.0815514245344431,0.621811674253434,-0.119609812314906,0.200065897635983,6,1.71532534488192e-06,0.00386738788562955,0.878021400850895
"5011","Lamp5","CUL7",0.00182871044761786,0.0641370424600392,0.977253360914663,-0.123877582848975,0.127535003744211,7,0,0,0.997093441046833
"5012","Lamp5","UXT",-0.156955481932991,0.0700606299567541,0.025072700951618,-0.294271793382417,-0.0196391704835648,6,0,0,0.250179263646175
"5013","Lamp5","PNPLA5",0.0491005215528636,0.0956664879754169,0.607778672693652,-0.138402349406388,0.236603392512115,6,0,0,0.871722852811632
"5014","Lamp5","COMTD1",0.0242262096404636,0.0939449715395956,0.796502146418117,-0.159902551105784,0.208354970386711,5,0,0,0.943187190133141
"5015","Lamp5","BEGAIN",0.00486687856858468,0.0753835738171032,0.948523118493066,-0.142882211138854,0.152615968276023,7,0.0130825731021393,36.6117271421982,0.9895653820168
"5016","Lamp5","PROSER3",-0.0390740844165397,0.0945851234130351,0.67952583661356,-0.224457519779365,0.146309350946285,6,0,0,0.901733822525915
"5017","Lamp5","SNORC",0.0475590381287857,0.0810371019780449,0.5572844378179,-0.111270763159682,0.206388839417253,5,0.0146424682935831,51.7873824280913,0.850180455653051
"5018","Lamp5","ELFN1",-0.00399829252997425,0.101243237760946,0.968498174265027,-0.202431392219654,0.194434807159706,6,0,0,0.995639101352657
"5019","Lamp5","RND1",0.0404123477317753,0.101269210457692,0.689850038024795,-0.158071657508109,0.23889635297166,6,0.015709932554698,26.2395084999068,0.904365277607065
"5020","Lamp5","LINC00901",0.13393128917948,0.110846013862828,0.22694558860572,-0.0833229058214904,0.351185484180451,5,0,0,0.618207929445248
"5021","Lamp5","ETHE1",-0.0390578307151112,0.0557817512753595,0.483808585436077,-0.148388054209387,0.0702723927791646,6,0,0,0.812496136694637
"5022","Lamp5","MAPK1",0.0158668481943815,0.0396960795415876,0.689371457456394,-0.0619360380345674,0.0936697344233304,7,0.00375284461756601,39.7179940959461,0.904172731401462
"5023","Lamp5","MPND",-0.0128241057137106,0.0726514560256012,0.85988899827943,-0.155218342948284,0.129570131520863,6,0,0,0.96479616864265
"5024","Lamp5","RPS7",-0.132333113537641,0.0926744247515753,0.153310385642514,-0.313971648338697,0.0493054212634135,7,0.0124946280363973,21.4828511177235,0.534237775584196
"5025","Lamp5","CADPS2",-0.0750181105951099,0.104085177563713,0.471070917692156,-0.279021309944444,0.128985088754224,6,0.0212354018395978,34.4806736508181,0.805136073271473
"5026","Lamp5","LOX",-0.191633838631827,0.0938301811922583,0.0411170706925734,-0.375537614431521,-0.0077300628321334,6,0,0,0.308910339384172
"5027","Lamp5","DUSP1",-0.153332125320012,0.120807507492686,0.204360187621723,-0.390110489067729,0.0834462384277059,6,0.0184701234558659,21.2248012940895,0.593908097926263
"5028","Lamp5","LINC02542",0.0955895180017833,0.10101855487375,0.344017502911266,-0.10240321132105,0.293582247324616,5,0.00459885270315087,7.94743966800498,0.72433889877292
"5029","Lamp5","NMD3",0.00638652088543038,0.0379589693005709,0.866388176051129,-0.0680116918339501,0.0807847336048108,7,0,0,0.966974913429347
"5030","Lamp5","PCDH18",0.082062442241872,0.105682895433653,0.43745564179875,-0.12507222659,0.289197111073744,7,6.59236657323304e-07,0.000795292344312151,0.785987382853252
"5031","Lamp5","SFTPD",-0.178823761195097,0.158952764753622,0.260583966825616,-0.490365455355264,0.13271793296507,6,0.061475917807557,45.4826398453312,0.651489759092311
"5032","Lamp5","CCDC106",-0.0188514999284509,0.152534913533193,0.901641416206155,-0.317814436838441,0.280111436981539,6,0.0861048216650708,71.9793506172743,0.977956078464346
"5033","Lamp5","EPB41L3",0.112493439263501,0.0330146183355641,0.00065589094131713,0.0477859763624602,0.177200902164543,7,0,0,0.0479117529949025
"5034","Lamp5","ZNRF2",-0.032311915323996,0.0522125280924422,0.53601275317276,-0.134646589926968,0.0700227592789764,7,0.00668154133901884,38.7957956117255,0.8386990076139
"5035","Lamp5","THAP8",-0.123056576780503,0.0922781839591137,0.182354916160129,-0.303918493899128,0.0578053403381212,7,0.0180973420739872,34.350551933509,0.575260279028009
"5036","Lamp5","ZNF697",0.044013957144358,0.0737298893563054,0.550532616238009,-0.100493970578124,0.18852188486684,7,0,0,0.84527298618773
"5037","Lamp5","ZBTB24",-0.186364820726128,0.0647883738346028,0.00402091283500206,-0.313347700058867,-0.0593819413933894,7,0,0,0.107495061586308
"5038","Lamp5","EFNB3",0.0786879538052568,0.0594546007073448,0.185670331421553,-0.0378409222963485,0.195216829906862,7,0,0,0.578991262964891
"5039","Lamp5","LINC02145",0.221403457045315,0.125691638413487,0.0781569936101296,-0.0249476274029497,0.46775454149358,5,0.0182920282682239,23.2718922983547,0.404281682534324
"5040","Lamp5","FSD1",-0.168202037311661,0.0482773450822608,0.000493835492185158,-0.262823894942104,-0.0735801796812181,7,0,0,0.0450106332181102
"5041","Lamp5","HSD17B6",0.00794202231738448,0.0929761844198528,0.93192752226439,-0.174287950565481,0.19017199520025,6,4.21421404724532e-07,0.000710040763078393,0.984934594908954
"5042","Lamp5","COL23A1",0.0941618059499825,0.104988066363778,0.369782399294712,-0.111611022929524,0.299934634829489,6,0.0167631946589416,26.3555937489522,0.741486873434852
"5043","Lamp5","EMC10",-0.116121548077431,0.0597630969982251,0.0520124170047217,-0.233255065798526,0.00101196964366419,7,0.00688609475792634,31.0012073966409,0.340651666887092
"5044","Lamp5","SGSM1",0.131838349001299,0.0742670842104437,0.0758661563284628,-0.0137224612879736,0.277399159290572,7,0.0207079582779829,66.2134422935647,0.398805874080038
"5045","Lamp5","PDGFC",-0.0286287707355502,0.0890770119891693,0.747912224617672,-0.203216506084765,0.145958964613664,6,0.00258342982514169,5.05894493444606,0.924951633319828
"5046","Lamp5","ZNF442",0.184508996260076,0.108162663411954,0.0880364985356323,-0.0274859284992833,0.396503921019435,6,0,0,0.424014694316402
"5047","Lamp5","CLCN2",0.0372868812571697,0.099017163601254,0.706493276170757,-0.156783193252599,0.231356955766938,7,0.0352906390477311,62.0510650355541,0.910874233816963
"5048","Lamp5","PGBD2",-0.14213741523914,0.0809654449049856,0.0791683819792611,-0.300826771245173,0.0165519407668941,6,0,0,0.405910944345904
"5049","Lamp5","NANOS1",0.0268559494026306,0.0904358770211569,0.766496107545852,-0.15039511246913,0.204107011274392,5,0,0,0.93055735379163
"5050","Lamp5","VWA5A",0.0379949000947886,0.0468943906453866,0.417812189612427,-0.0539164166471212,0.129906216836698,7,0,0,0.773600796141458
"5051","Lamp5","ZCCHC9",-0.0754835475230542,0.0448676381525237,0.0924989328243752,-0.163422502373376,0.0124554073272675,7,0,0,0.434654120882791
"5052","Lamp5","USP44",-0.0463006405793491,0.0564944438202841,0.412466437277279,-0.157027715793727,0.0644264346350292,7,4.65925469446154e-07,0.00179407147570848,0.771544865067357
"5053","Lamp5","LRRC37A",0.175176909189772,0.104870658411634,0.0948384371280993,-0.0303658043320335,0.380719622711578,7,1.05539279093358e-07,0.000129534964421953,0.438581929472134
"5054","Lamp5","SYN1",0.0872895788845612,0.0716375464468604,0.223038114630135,-0.0531174320921004,0.227696589861223,7,0.00892861384571729,25.9113970757422,0.613992971862888
"5055","Lamp5","ST13",0.118044708527474,0.0425141942582197,0.00549315423262006,0.0347184189496241,0.201370998105324,7,0,0,0.126089503777166
"5056","Lamp5","CBR1",-0.00364018542632699,0.0812319091794231,0.964256952923532,-0.162851801813425,0.155571430960771,7,0.00996404903424855,22.6469811525072,0.99419564321202
"5057","Lamp5","EMC2",0.0173330759285224,0.043130988665396,0.687779266886057,-0.067202108473259,0.101868260330304,7,0.00290152041966245,23.8851224244765,0.903181005962289
"5058","Lamp5","ELN",0.0653727154880169,0.0792686894341535,0.409543168827343,-0.0899910609046146,0.220736491880648,7,1.54609996343249e-06,0.00305410156744214,0.770066858703021
"5059","Lamp5","ACOT6",-0.233542131810812,0.0967397613781903,0.0157729357828839,-0.423148579985064,-0.04393568363656,5,0,0,0.20239113629561
"5060","Lamp5","EPB41L5",0.00921867315979107,0.0400281950012028,0.817855169451513,-0.0692351474087127,0.0876724937282948,7,0.00403209508397506,42.986674615675,0.950417319968123
"5061","Lamp5","LINC01500",-0.0309883388014042,0.0850335875057376,0.715540900944488,-0.197651107788885,0.135674430186077,6,6.59323013820419e-06,0.0129225968961731,0.914456932811391
"5062","Lamp5","THAP7-AS1",-0.0124387290639603,0.0910137794642705,0.891292721990878,-0.190822458910802,0.165945000782881,6,0,0,0.975663358386813
"5063","Lamp5","TRPC4",0.0350310204451058,0.204400428493612,0.863921613969953,-0.365586457826928,0.43564849871714,6,0.147541555069255,69.1347547380399,0.966512624578573
"5064","Lamp5","PHF13",-0.00985082578755148,0.0692067822355145,0.886812224192559,-0.145493626455066,0.125791974879963,6,0,0,0.974011298943957
"5065","Lamp5","ZNF79",0.0764380107252668,0.0789350494862878,0.33286166037619,-0.0782718433857441,0.231147864836278,6,0,0,0.714538251021156
"5066","Lamp5","RGPD5",0.150574004179064,0.163435072060869,0.356889757943834,-0.169752850870948,0.470900859229077,6,0.0866423966085636,60.5365656818018,0.732963183110135
"5067","Lamp5","OPHN1",0.0585892658204018,0.0468517238636571,0.211107720911863,-0.0332384255659819,0.150416957206786,7,0.00294400529772838,19.6686509717979,0.601479601527576
"5068","Lamp5","ARMC7",0.0418729795735777,0.0828128025394125,0.613113515623155,-0.120437130862498,0.204183090009653,6,2.85209317760615e-06,0.00622042679547835,0.874492676528043
"5069","Lamp5","JUN",0.18733448732235,0.117225796486771,0.11002842679027,-0.0424238518507431,0.417092826495442,6,0,0,0.463734401407849
"5070","Lamp5","AEBP1",-0.101188305148192,0.0943602694806494,0.283557764678798,-0.286131034901759,0.0837544246053752,5,0,0,0.673097917386612
"5071","Lamp5","MAP10",-0.12446654959009,0.131356395480721,0.343359377488636,-0.381920353871302,0.132987254691123,6,0.0294329262644805,29.8766274086426,0.72433889877292
"5072","Lamp5","CAPN15",-0.028303141929301,0.0541491559203143,0.601191031471674,-0.134433537326361,0.0778272534677589,7,0,0,0.867839383514501
"5073","Lamp5","ZNF473",0.0521131946021494,0.0858198657227879,0.543692119214605,-0.116090651372578,0.220317040576877,7,0.00688309153437272,13.0475566150503,0.842816653088886
"5074","Lamp5","TALDO1",-0.101014564739707,0.0464689870669987,0.0297197047775281,-0.192092105789082,-0.00993702369033214,7,0,0,0.268037669256756
"5075","Lamp5","SCNN1D",-0.0594807797731249,0.0666766758538689,0.372351253503112,-0.190164663055559,0.0712031035093096,6,0,0,0.744093661240599
"5076","Lamp5","FAM229B",-0.0226207905024136,0.0619439056150996,0.714975660258925,-0.144028614569757,0.0987870335649301,7,0.00574317204120793,22.0055919636746,0.914305209849174
"5077","Lamp5","ITGA2B",0.0758528045930287,0.0774327568133958,0.327285671080342,-0.0759126099848755,0.227618219170933,6,0,0,0.710412234133167
"5078","Lamp5","P3H4",-0.0613911228693354,0.0821158032410406,0.454691557469829,-0.222335139783352,0.0995528940446817,6,0.00459466142576116,10.8925440624674,0.796305590023421
"5079","Lamp5","MSANTD3-TMEFF1",-0.0525259880332779,0.0608326078784343,0.387889441478862,-0.171755708560657,0.0667037324941009,5,0.000886882466535042,4.05622829366974,0.755827226879962
"5080","Lamp5","NABP1",0.0241807587573988,0.0961929168646091,0.801522070455975,-0.16435389386509,0.212715411379888,6,4.09263232519732e-06,0.00625363459373715,0.944777220588441
"5081","Lamp5","RSPO2",-0.0490273479511529,0.11239107270837,0.662676381232749,-0.269309802643381,0.171255106741076,6,0.0178783395979891,24.1298620558797,0.894564492963365
"5082","Lamp5","HCCS",0.0546771563755151,0.0779636771493493,0.483105973435805,-0.0981288429395178,0.207483155690548,6,3.34352424410131e-07,0.000811791455522698,0.812125996108911
"5083","Lamp5","RBM15",0.0637130154636948,0.0617201905336516,0.301937194973917,-0.0572563351012124,0.184682366028602,7,0.00537700827352694,20.9705938232622,0.691604465560826
"5084","Lamp5","GPR137",-0.0912064732377864,0.0546565875746699,0.0951731287626025,-0.198331416401999,0.0159184699264261,7,3.04553493758343e-08,0.000128422650113546,0.43961971682965
"5085","Lamp5","CIB1",-0.0404528371900839,0.107259120036443,0.706061719232968,-0.25067684947497,0.169771175094802,5,0,0,0.910770546293608
"5086","Lamp5","STRBP",0.0416072280241524,0.0249873954797838,0.0958870925663168,-0.00736716718368279,0.0905816232319877,7,0,0,0.440757225740906
"5087","Lamp5","NR4A1",-0.563703198336235,0.242364320164701,0.0200265224241545,-1.03872853699658,-0.0886778596758871,6,0.130593455552363,41.474466277997,0.226367846569436
"5088","Lamp5","HYI",-0.091483074252082,0.0732571494060703,0.211740500882808,-0.235064448698049,0.0520983001938856,5,0.000452146061245155,1.50903600900238,0.60179542163244
"5089","Lamp5","ISG15",-0.187637381102392,0.113233191245082,0.0975016515247791,-0.409570357797289,0.0342955955925056,7,0.0250541445087865,29.8252580994763,0.443354467902979
"5090","Lamp5","RNF128",0.106677274805952,0.0524632812913798,0.0420151317824261,0.00385113296405329,0.20950341664785,7,0,0,0.31114492884268
"5091","Lamp5","GSG1L",-0.11828130512618,0.112423340975732,0.292750782777802,-0.33862700446028,0.10206439420792,6,0.0170523620439643,23.1614956869282,0.682784853593754
"5092","Lamp5","PLD2",-0.0546006256259042,0.0847180034152365,0.519252233812107,-0.220644861161909,0.111443609910101,7,0,0,0.829402626440362
"5093","Lamp5","SLC47A1",-0.0424118025578491,0.162204503255955,0.793729173170622,-0.36032678706973,0.275503181954032,5,0.0638570242013887,52.2605370477551,0.941761412020095
"5094","Lamp5","NCK1-DT",-0.00808041285031116,0.102075938473874,0.936904724555379,-0.20814557594723,0.191984750246607,5,0.0132855719482128,26.2241297538994,0.986142275678281
"5095","Lamp5","CD96",-0.0033511394390819,0.11228348309564,0.976190393724797,-0.223422722365248,0.216720443487085,6,3.99702098848103e-06,0.00480691923049146,0.997093441046833
"5096","Lamp5","POU3F2",-0.22461626474668,0.0978332410122607,0.0216810580375061,-0.416365893621538,-0.0328666358718225,5,0,0,0.233799615032043
"5097","Lamp5","MIER2",0.0270469343158617,0.0583372449148373,0.64291239677475,-0.0872919646745118,0.141385833306235,7,1.69061834316402e-06,0.00619134841889944,0.886703736972112
"5098","Lamp5","ARMC8",0.0608005516807234,0.023286985698386,0.00902979377560638,0.0151588984033876,0.106442204958059,7,0,0,0.157415894697488
"5099","Lamp5","REXO1",-0.0213326579963674,0.0666020142763761,0.748740549595517,-0.151870207275887,0.109204891283152,7,0.00873343620244355,31.7441681488785,0.925194087086923
"5100","Lamp5","HDAC4",-0.00185005705846895,0.0731543721828232,0.979823835736012,-0.145229991848441,0.141529877731503,7,0.0154591209603769,46.2648659761881,0.997093441046833
"5101","Lamp5","PIGO",-0.267561945782298,0.0873917313758764,0.00220128652501349,-0.438846591825615,-0.0962772997389817,5,0,0,0.0816886502338042
"5102","Lamp5","STN1",0.194026992763739,0.100051210933172,0.0524676415815504,-0.00206977727489854,0.390123762802376,5,0,0,0.341076677540984
"5103","Lamp5","MAP7D1",-0.118749897614698,0.0342514965858089,0.000526304236484397,-0.185881597339481,-0.0516181978899163,7,2.49568216968958e-06,0.0257908908513717,0.0452902827819608
"5104","Lamp5","CENPO",-0.0223562965852653,0.0764317961763919,0.76990439785121,-0.1721598643647,0.127447271194169,7,0,0,0.932100292964428
"5105","Lamp5","RAB11B",0.0145219067185354,0.0485961955906723,0.765071241944661,-0.0807248864248465,0.109768699861917,7,0,0,0.929871259341206
"5106","Lamp5","RPS27",-0.0367680110040187,0.0829679935603244,0.657650750198169,-0.199382290251806,0.125846268243768,7,0,0,0.892902161244819
"5107","Lamp5","INHA",-0.152553650488601,0.150824221533385,0.311793197427545,-0.448163692690326,0.143056391713124,7,0.0901041988113819,68.2060011378988,0.698312131064191
"5108","Lamp5","SPATC1L",-0.0161501005197245,0.105817172921847,0.87869583849754,-0.223547948392392,0.191247747352943,6,0,0,0.971284178999175
"5109","Lamp5","ACACB",0.0452837112994965,0.0556569862776869,0.41586191358737,-0.0638019772928098,0.154369399891803,6,0,0,0.772370340827979
"5110","Lamp5","MINK1",0.0359948502188172,0.0372448851467662,0.333825353683187,-0.0370037832771753,0.10899348371481,7,0.000541672446709411,5.1438081305005,0.715194805570983
"5111","Lamp5","KPNA2",-0.11023780290836,0.0640604009979669,0.0852795714260963,-0.235793881699569,0.015318275882849,7,0,0,0.419069752706095
"5112","Lamp5","GIN1",-0.053413653558523,0.0463089516697542,0.248738191150506,-0.144177530993047,0.0373502238760012,7,0,0,0.639849436001055
"5113","Lamp5","SART1",-0.000433659491892294,0.0492871618898222,0.992979799697051,-0.0970347216961389,0.0961674027123543,7,0,0,0.998654866216999
"5114","Lamp5","POLQ",0.00233693929979974,0.152531608389688,0.987776075651275,-0.296619519647957,0.301293398247556,6,0.0395021373230201,30.1923016490251,0.997642964865483
"5115","Lamp5","MBLAC1",0.0360535492085352,0.103537429888297,0.72767681557108,-0.166876084424368,0.238983182841438,6,0,0,0.91835025721977
"5116","Lamp5","ARPC3",-0.105720575786591,0.0638440349007065,0.097738142895477,-0.230852584819694,0.019411433246512,7,3.2697189185815e-06,0.0102014506775136,0.443848849438492
"5117","Lamp5","ISOC2",0.136624038802653,0.08086812495633,0.0911299462456917,-0.0218745736090382,0.295122651214345,5,0,0,0.431784083657776
"5118","Lamp5","RPL39",-0.0328089037813117,0.100257750467196,0.743482163614867,-0.22931048386802,0.163692676305397,6,0.00737303753357437,11.6401617813685,0.923731562184063
"5119","Lamp5","RUNDC3A",-0.0420265585190457,0.0389560283861763,0.280667794430787,-0.118378971136671,0.0343258540985799,7,0,0,0.670330017986544
"5120","Lamp5","B4GALT4-AS1",0.0730381659328089,0.0977238400974025,0.454826048990329,-0.118497041089051,0.264573372954669,6,0,0,0.796305590023421
"5121","Lamp5","DLL1",-0.00498465950321023,0.082981181302196,0.952100075843943,-0.167624786250103,0.157655467243682,7,0,0,0.990698194844929
"5122","Lamp5","SLC29A2",-0.0935190730034458,0.0697350615073403,0.179900174877789,-0.230197282017518,0.0431591360106265,7,0.00117156783838032,3.07207593903125,0.572659505344996
"5123","Lamp5","RGS3",-0.0203732878614384,0.143578707445356,0.887161914078728,-0.30178238340115,0.261035807678273,5,0.0464099800553326,47.6217289483479,0.974011298943957
"5124","Lamp5","ODF2L",-0.01519241695906,0.0268412382874435,0.571386788218764,-0.0678002773029067,0.0374154433847868,7,0,0,0.855299936384124
"5125","Lamp5","ACMSD",-0.0275361465963523,0.115028308633603,0.810806420295636,-0.252987488720773,0.197915195528068,5,0,0,0.948446861829439
"5126","Lamp5","LINC00957",0.00897306860660825,0.0770824689712069,0.907328655053736,-0.142105794416383,0.1600519316296,6,0,0,0.979706322215609
"5127","Lamp5","ITM2A",-0.105044839193072,0.139399349561434,0.45111749800827,-0.378262543801792,0.168172865415648,5,0.0298653963096327,31.6636747064211,0.794248438595657
"5128","Lamp5","AEN",-0.0179732239936159,0.127482350768161,0.887881019053111,-0.267834040163713,0.231887592176481,5,0,0,0.974214552015364
"5129","Lamp5","RAB9A",0.0992815632453317,0.040532860987158,0.0143090776310124,0.0198386155201334,0.17872451097053,7,0,0,0.192024501934971
"5130","Lamp5","PITRM1-AS1",-0.0317151665714249,0.168948102142407,0.851095089405952,-0.362847362026937,0.299417028884087,6,0.0735671113090989,50.2770558617078,0.960750454107461
"5131","Lamp5","F2RL1",0.077264774456528,0.147586078197787,0.600610028983402,-0.211998623430646,0.366528172343702,5,0.0552706761309734,53.7832372114433,0.867475282199578
"5132","Lamp5","IKBIP",0.142113654593836,0.0936251969195536,0.12903969564087,-0.0413883594139592,0.325615668601632,6,0,0,0.494293952648675
"5133","Lamp5","C19orf47",0.0210860979186107,0.0914553052077335,0.817655263106941,-0.158163006483665,0.200335202320887,7,0.0193983040311548,36.6828004896835,0.950417319968123
"5134","Lamp5","FCHSD1",0.145189856090489,0.0919571147662992,0.114362070590481,-0.0350427769736734,0.325422489154652,5,0,0,0.470235406115025
"5135","Lamp5","ZBTB46",0.0724085262082934,0.0759183258574281,0.340200714654931,-0.0763886582388416,0.221205710655428,7,0.0155238342047931,47.7031266915353,0.720898462597042
"5136","Lamp5","TTC14",0.0149560393827154,0.0296454313777901,0.613911975738968,-0.0431479384239068,0.0730600171893375,7,0,0,0.874749591071407
"5137","Lamp5","TMEM107",-0.06024737638761,0.0773159261885792,0.435840529527878,-0.211783807148582,0.0912890543733623,6,1.44638295120276e-06,0.00367543442135125,0.784617927536337
"5138","Lamp5","UNC13D",0.201148308032958,0.148470793319486,0.17548112081832,-0.0898490996293245,0.492145715695241,5,0.0467057561483112,44.2687658044937,0.567171043895676
"5139","Lamp5","CTNS",-0.123853872879121,0.109830759426422,0.259455386787876,-0.339118205749591,0.0914104599913483,7,0.0292663042189534,41.7700600198379,0.650624233716967
"5140","Lamp5","RAD54B",0.129257796113602,0.146453075376034,0.37745865898889,-0.157784957048553,0.416300549275758,6,0.0740140245282045,68.1185470588561,0.747974830629352
"5141","Lamp5","LIMD1",-0.0743518582844758,0.0631961001360335,0.239384727634054,-0.198213938514488,0.0495102219455367,7,0,0,0.629879418652509
"5142","Lamp5","FKRP",-0.0492547691672032,0.0672112719369069,0.463659101411606,-0.180986441518668,0.0824769031842619,7,0.0122526612933871,44.0353009377387,0.800197114949866
"5143","Lamp5","GRIK3",-0.178485710379337,0.10638081489987,0.0933861876556178,-0.386988276229103,0.0300168554704297,5,0,0,0.435876457306665
"5144","Lamp5","LRRIQ3",0.188866401965536,0.113209000459479,0.0952564920231366,-0.0330191616608209,0.410751965591893,6,0,0,0.439665144000266
"5145","Lamp5","FANK1",0.0785071016361102,0.0713702909686967,0.27133345537234,-0.0613760982286795,0.2183903015009,7,0.00361410740917569,9.56100649234426,0.66093865628804
"5146","Lamp5","LINC01284",0.0279640949081823,0.075044950627003,0.709422899765903,-0.11912130554233,0.175049495358695,7,0.00620792594732363,15.7423035516235,0.912274097920567
"5147","Lamp5","PINX1",-0.0656538794731013,0.0642376189318028,0.30675855465771,-0.191557299032043,0.0602495400858406,6,0.00420397268037471,16.7683301334227,0.6957260731822
"5148","Lamp5","HEBP1",-0.0187411321088814,0.065371991538913,0.774353960732399,-0.146867881122808,0.109385616905045,6,0,0,0.934099023412278
"5149","Lamp5","LYPLAL1-DT",0.0379683997854483,0.121937046251687,0.755513986060966,-0.201023819249054,0.27696061881995,5,0.0350004872987049,54.1944227059279,0.926555528105898
"5150","Lamp5","MTMR8",0.0179067070868683,0.0490191219209695,0.714887145722058,-0.0781690064320097,0.113982420605746,7,0,0,0.914305209849174
"5151","Lamp5","SLC44A3",-0.0526763983934253,0.0938251553899199,0.574503410368732,-0.236570323801542,0.131217527014692,6,5.89529084331225e-06,0.00991904103772034,0.856247790013208
"5152","Lamp5","BMP2",-0.130628728369597,0.0917534865208673,0.154535575937577,-0.310462257406478,0.0492048006672847,7,1.41703642952019e-07,0.000217645597515097,0.536144749822304
"5153","Lamp5","SP110",0.307290843586804,0.0841129903119082,0.000258881188957894,0.142432411943497,0.47214927523011,7,1.66580975711061e-06,0.00300446063655932,0.0320924146154616
"5154","Lamp5","HYDIN",-0.0117003414214235,0.0585889158869096,0.841713412676405,-0.126532506453013,0.103131823610166,7,0.000676127958170533,2.64628800541545,0.958821007634427
"5155","Lamp5","ROR1",-0.081190511350808,0.100117309554972,0.417392209955804,-0.277416832307601,0.115035809605985,6,3.77127558919566e-06,0.00516547617332527,0.773600796141458
"5156","Lamp5","PLCB3",0.0314260672703953,0.0960804116738329,0.743606699587677,-0.156888079230099,0.219740213770889,5,0,0,0.923731562184063
"5157","Lamp5","ENG",-0.0789147985013364,0.0935183894470684,0.398757381272125,-0.262207473709781,0.104377876707108,5,0,0,0.76263226013647
"5158","Lamp5","AK2",-0.0826099900114483,0.0447689490998352,0.0650008986350132,-0.170355517872832,0.00513553784993559,6,0.00294709733327245,25.415611575856,0.371880205906429
"5159","Lamp5","DACH2",-0.0941378907040142,0.0857002925770586,0.272005980331,-0.262107377619594,0.073831596211566,7,5.90471488820503e-08,0.000104568193165244,0.661223251865873
"5160","Lamp5","CAPZA1",-0.0371924649123216,0.0483035160238733,0.441315150402855,-0.131865616645767,0.0574806868211235,7,0.00742145621458279,54.9027903820911,0.789116237651116
"5161","Lamp5","CERS5",-0.0496544517188061,0.0276321219110138,0.0723383278746832,-0.103812415480813,0.00450351204320103,7,4.00666631804266e-07,0.00626340269931718,0.389156123730696
"5162","Lamp5","STARD8",0.157990218626194,0.122039569424046,0.195464496886679,-0.0812029421337121,0.3971833793861,5,0.0207328380894118,28.3017268503424,0.588272573234939
"5163","Lamp5","SLC1A6",-0.125401468168629,0.0629800098066571,0.0464664552790911,-0.248840019135656,-0.00196291720160169,6,0,0,0.324260407768792
"5164","Lamp5","MIGA2",-0.019989846306714,0.0496046094101296,0.68696025617881,-0.117213094217745,0.0772334016043167,6,0.0024251505169012,16.2307139257865,0.903181005962289
"5165","Lamp5","KLF9",0.0170364463152642,0.0794370656251064,0.830184693146286,-0.138657341347489,0.172730233978017,7,0.0100697878838332,24.1477951759405,0.955643348285343
"5166","Lamp5","NFYA",0.127499493943469,0.0687114409335154,0.0635136160475261,-0.00717245561207239,0.26217144349901,7,0,0,0.36951681628257
"5167","Lamp5","CEP170",0.0738399588743402,0.027393912953579,0.00702856461017879,0.0201488760897001,0.12753104165898,7,0.000559443559614945,10.1326677605434,0.141230448898298
"5168","Lamp5","TMEM268",0.00623115441166067,0.0366413555647306,0.864964549932175,-0.0655845828399376,0.0780468916632589,7,0,0,0.966919782985761
"5169","Lamp5","MOXD1",-0.0720773436473282,0.135160130829694,0.593844127550919,-0.33698633221925,0.192831644924593,5,0.0214491753252766,23.6081670978114,0.864830669906822
"5170","Lamp5","PRKCQ",0.0924825553627629,0.107651012822559,0.390287549622089,-0.118509552668713,0.303474663394239,7,0.0183783443072066,23.8338598981665,0.756630141601695
"5171","Lamp5","RPRD1B",0.0134099993309191,0.0438424215594363,0.759705055209283,-0.0725195679205985,0.0993395665824366,7,0.00400602168972993,33.8011994946591,0.926555528105898
"5172","Lamp5","GPAT3",0.0200889863617256,0.149015073983176,0.892760697126433,-0.27197519179887,0.312153164522322,6,0.0643758872175385,52.9035455195732,0.975916378147624
"5173","Lamp5","ATP10B",-0.0795047593716192,0.0804727912030336,0.323167000982083,-0.237228531864977,0.0782190131217382,7,0,0,0.707249658191134
"5174","Lamp5","MSN",0.00474667966421791,0.160171298937382,0.976358135566458,-0.30918329761005,0.318676656938486,5,0.0709389754420794,60.9048901909991,0.997093441046833
"5175","Lamp5","DCTN3",-0.0123497103921501,0.0706830266978539,0.861299963420832,-0.150885897038227,0.126186476253927,7,4.74240033970878e-06,0.0112594791018346,0.965517508466447
"5176","Lamp5","TEP1",0.103133310983467,0.0763956808426382,0.177019586079882,-0.0465994720425201,0.252866094009455,7,0,0,0.569386022035856
"5177","Lamp5","ACD",-0.103939624170021,0.0803204091435831,0.195643855993928,-0.261364733314966,0.0534854849749234,6,0.0044938231118973,11.0679806420649,0.588272573234939
"5178","Lamp5","FDXR",0.0131540848562472,0.0816575689247376,0.872023798277604,-0.146891809301336,0.17319997901383,5,0,0,0.968577940382375
"5179","Lamp5","ZNF585B",0.0618621844713323,0.0699667225525024,0.376606707562749,-0.0752700718478787,0.198994440790543,5,0,0,0.747773470985043
"5180","Lamp5","AFF2",0.0493567963180153,0.0400526768799759,0.217838134357912,-0.0291450078511577,0.127858600487188,7,0,0,0.607397120257931
"5181","Lamp5","BRF2",-0.0840132685296903,0.0810641736909365,0.300025011052304,-0.242896129400425,0.0748695923410446,6,0,0,0.689988388187631
"5182","Lamp5","CNTROB",0.0997202655545321,0.0553160192976462,0.0714294407263542,-0.00869714003697704,0.208137671146041,7,1.35741378456855e-08,5.47132969390883e-05,0.387043884476683
"5183","Lamp5","ITPR2",-0.0157052437727589,0.250216263889421,0.949952300291787,-0.506120109342194,0.474709621796676,7,0.267772078529013,74.1318202447879,0.989933736422924
"5184","Lamp5","CGN",0.106325487870883,0.104111859793956,0.307130317114442,-0.0977300076887552,0.310380983430521,6,0.0143638254333656,22.5941227632565,0.6957260731822
"5185","Lamp5","LCA5L",-0.0678255708895172,0.109852844746355,0.536956368002047,-0.283133190191642,0.147482048412608,5,0,0,0.839104775803267
"5186","Lamp5","TRIM11",-0.0493265307304148,0.0543503569268547,0.364107616121337,-0.155851272853947,0.0571982113931175,7,0,0,0.737658430833555
"5187","Lamp5","MORC2-AS1",-0.0626200892332259,0.0844317589933405,0.458290268169995,-0.228103296011539,0.102863117545087,7,0,0,0.798390285902103
"5188","Lamp5","GUCA1B",-0.0329663056766088,0.0682015972470251,0.628836172107968,-0.166638979968884,0.100706368615666,7,0,0,0.88191549991279
"5189","Lamp5","GSTM2",0.235062628425421,0.155656408737413,0.131008263059351,-0.0700183266627546,0.540143583513597,6,0.0660182704293219,52.3916150316073,0.499015392327047
"5190","Lamp5","DGAT2",0.0737615987180119,0.104117319621097,0.478667738117981,-0.130304597906184,0.277827795342208,6,0.0143305873880475,22.5324525201733,0.809964376440316
"5191","Lamp5","SYNPO2L",-0.0397116662187456,0.149579379874631,0.790632853530838,-0.332881863602859,0.253458531165367,5,0.0236627205234014,20.7844500871036,0.940310954555847
"5192","Lamp5","C8orf88",0.252117427931872,0.127327039386047,0.0476948014621467,0.00256101647710627,0.501673839386637,6,0.0235955906489319,24.9234054857875,0.326856584927945
"5193","Lamp5","ZNF85",-0.0505102362518213,0.0584160043165395,0.387223043278713,-0.165003500832975,0.0639830283293325,7,0,0,0.755827226879962
"5194","Lamp5","MSRB2",-0.0452060616396114,0.0503376597260655,0.36915543772189,-0.143866061768732,0.0534539384895094,6,0.00265359564879561,17.2597352697589,0.741472939152852
"5195","Lamp5","PNPLA4",-0.032178816331779,0.0825843820755727,0.696797058826052,-0.194041230885397,0.129683598221839,5,0.000892386436271364,2.45877226129781,0.906391554342484
"5196","Lamp5","APOA1-AS",0.12521602989508,0.184573156282053,0.497512611973818,-0.236540708930627,0.486972768720786,5,0,0,0.81969352509237
"5197","Lamp5","GMPPB",-0.0419974757295609,0.0877987320515498,0.632409606816284,-0.214079828438881,0.130084876979759,6,0,0,0.882993296421211
"5198","Lamp5","LRMDA",-0.238233991355853,0.15877344814991,0.133494010330817,-0.549424231430915,0.0729562487192083,5,0.0609879907072284,60.6753976087799,0.503337448771391
"5199","Lamp5","LINC01305",0.0232583590909029,0.0977281710640035,0.811888598990259,-0.168285336469513,0.214802054651319,5,0,0,0.948785130428795
"5200","Lamp5","ZNF202",0.083649829806118,0.0607270078523524,0.168365974848935,-0.0353729184733737,0.20267257808561,7,0,0,0.556673677970255
"5201","Lamp5","HBP1",0.0370753857242502,0.0299924874116403,0.216400675869173,-0.0217088094093358,0.0958595808578362,7,0,0,0.607283648398929
"5202","Lamp5","TXN",-0.0183373093724357,0.0898211768651813,0.838233532494094,-0.194383581077193,0.157708962332322,7,0.0206325028638636,41.3607875021556,0.958356578693386
"5203","Lamp5","RUNDC1",-0.0929701679235441,0.0501462076919023,0.0637417309604299,-0.191254928960938,0.0053145931138498,7,0,0,0.369929187650575
"5204","Lamp5","NEK6",0.0212658855663019,0.0718768289498498,0.767332675547576,-0.11961011049835,0.162141881630953,7,0,0,0.931060416687648
"5205","Lamp5","SH3BP5-AS1",0.0655891374811146,0.0552469282799901,0.235148853480474,-0.0426928522041334,0.173871127166363,7,0,0,0.625081420051728
"5206","Lamp5","KDM4D",0.212846776240535,0.0966084112438919,0.0275812937130107,0.0234977695988728,0.402195782882198,6,0,0,0.259311864397716
"5207","Lamp5","KNSTRN",0.0170226579712808,0.0725651544777752,0.814531267937848,-0.125202431337744,0.159247747280306,6,0,0,0.949269912804318
"5208","Lamp5","NFS1",0.0826815607612069,0.0606879254173942,0.173069962530864,-0.0362645873533387,0.201627708875753,6,0,0,0.563429497394021
"5209","Lamp5","IL1R1",-0.23047338168182,0.0951343851382474,0.0154095182092092,-0.416933350244148,-0.0440134131194928,7,0.0204740762222386,36.1339046042899,0.199481508540272
"5210","Lamp5","LINC01285",-0.0470338221533226,0.0668854245159714,0.481931197184303,-0.178126845295299,0.0840592009886537,7,0,0,0.811720289507115
"5211","Lamp5","SDHAF1",0.052520156513408,0.148453263220574,0.723501940294874,-0.238442892786362,0.343483205813178,5,0.0495766134908159,48.1908898283684,0.916541762286275
"5212","Lamp5","SNHG29",-0.0270510454598536,0.0451579527392244,0.549151741793096,-0.115559006444295,0.0614569155245881,5,0,0,0.844764971297428
"5213","Lamp5","WIPF1",0.0501382716961668,0.0939657558752104,0.593631974152501,-0.134031225599329,0.234307768991662,7,0.0267152873888987,49.4498956580232,0.864812374088167
"5214","Lamp5","CCDC175",-0.019678301801969,0.0844016142165736,0.8156443280379,-0.185102425903497,0.145745822299559,7,0,0,0.949515906610951
"5215","Lamp5","PDK4",0.123724372861882,0.158879006497605,0.436136836413737,-0.187672757772929,0.435121503496693,5,0.0569941150047646,48.709754401882,0.784894620673969
"5216","Lamp5","IL16",0.0798044884849315,0.0712975444577171,0.263005315170867,-0.0599361308383373,0.2195451078082,7,4.00942012937811e-07,0.00100801053986159,0.653827737204745
"5217","Lamp5","DHX34",0.103253264352828,0.0846051273940146,0.222308051570293,-0.0625697382468638,0.26907626695252,7,0.0222692273590443,51.0493411433355,0.612872207414116
"5218","Lamp5","CYP7B1",0.0711228878971137,0.0714952245719212,0.319837366800233,-0.069005177330455,0.211250953124682,7,0,0,0.704062213401684
"5219","Lamp5","PPP1R10",0.0553898185787558,0.0572694204043257,0.333454228205081,-0.0568561828292059,0.167635819986718,7,0.0107519103208273,55.2841183633178,0.714655755395084
"5220","Lamp5","TNIP1",0.00247872267810103,0.0679641361437924,0.970906770656773,-0.130728536404109,0.135685981760311,7,0.00460965540989552,14.0819540215827,0.996316635514359
"5221","Lamp5","SYDE2",-0.119139508446926,0.0919478293990814,0.195068718851666,-0.299353942525758,0.061074925631907,5,0,0,0.588272573234939
"5222","Lamp5","ALG11",-0.0892553721480958,0.0480499075131694,0.0632321564161874,-0.183431460334388,0.00492071603819688,7,0,0,0.368996555726506
"5223","Lamp5","MRTO4",-0.0688885193714446,0.0824700376745468,0.403539965464315,-0.230526823017218,0.0927497842743285,7,0.0174234598502743,41.7852839279944,0.766114903985236
"5224","Lamp5","RSPRY1",-0.0202896004010476,0.0364597074383224,0.577873345523849,-0.0917493138670267,0.0511701130649315,7,0.00127107177144594,13.2996044445338,0.85805534803564
"5225","Lamp5","TFAP2E",-0.00924394621218517,0.07257631756652,0.898648642826679,-0.151490914773106,0.133003022348736,7,0.0114225741362946,34.7683870783203,0.977602686631452
"5226","Lamp5","RPL37",-0.00321015418316327,0.0423883781351894,0.939632363127487,-0.0862898486911995,0.079869540324873,7,0,0,0.987006010596541
"5227","Lamp5","HCRTR1",-0.625860027820295,0.225175571804793,0.00544541738982857,-1.0671960387559,-0.184524016884688,6,0.156838058518182,59.9937011315351,0.125960825077292
"5228","Lamp5","ATP10A",-0.0217917891432704,0.0958981502221501,0.820237989262815,-0.209748709762696,0.166165131476156,7,2.5059503377226e-06,0.00344489727560681,0.952018241840247
"5229","Lamp5","SPRY1",-0.0457164078226988,0.106036293395757,0.666367124151157,-0.253543723932505,0.162110908287107,5,0,0,0.896319976282105
"5230","Lamp5","KCNK10",0.0768174940645339,0.104657888135953,0.462956866622885,-0.128308197379956,0.281943185509024,6,0,0,0.800102097417133
"5231","Lamp5","ZFHX4",0.120488173001921,0.0952222566143999,0.205750817560945,-0.0661440204889338,0.307120366492776,7,0.0319111952681368,59.0852916923193,0.59469941911079
"5232","Lamp5","ZNF599",-0.0589891135910936,0.0817182737736134,0.470380853343389,-0.21915398706616,0.101175759883973,6,0,0,0.804834027168301
"5233","Lamp5","UST",-0.188340284728319,0.124766004073701,0.131158772311286,-0.432877159207751,0.0561965897511137,6,0.0317734075833539,37.1524637824439,0.499213162976024
"5234","Lamp5","PHF23",-0.0639493665873077,0.0921568659725324,0.487733236757986,-0.244573504821556,0.116674771646941,5,0,0,0.814603067791341
"5235","Lamp5","NTNG2",0.185859780463594,0.0831488554984133,0.0253999138119159,0.0228910183309785,0.348828542596209,7,0.00655937590320556,13.1862937016981,0.250751745090418
"5236","Lamp5","STK32C",-0.0905468319063877,0.0356066211396416,0.0109912346335843,-0.160334526951248,-0.0207591368615276,7,0,0,0.170485311262042
"5237","Lamp5","TTLL1",-0.0596336665298997,0.0451970298835288,0.187030207581744,-0.148218217309797,0.0289508842499972,7,0,0,0.579691343250854
"5238","Lamp5","AATF",0.00424028211993003,0.0556781839743921,0.939294211425099,-0.104886953194474,0.113367517434334,7,0.00734723511068708,38.4299737668346,0.986824165372289
"5239","Lamp5","ITGAL",-0.227267448475311,0.118959961489001,0.0560748765142763,-0.460424688596025,0.0058897916454019,5,0,0,0.350034493553454
"5240","Lamp5","VAMP4",0.0826944185798325,0.0443688617518092,0.0623506378450314,-0.00426695248875016,0.169655789648415,7,0.0032627088870098,25.6592486472322,0.367678264177257
"5241","Lamp5","DGKG",0.255929424363807,0.121799879924338,0.0356208800537249,0.0172060463908006,0.494652802336813,7,0.0451672845227618,47.6498479015006,0.290275837467776
"5242","Lamp5","LGI3",-0.0115206121202072,0.0560083319906905,0.837029467531778,-0.121294925656123,0.0982537014157087,7,0,0,0.958081489492012
"5243","Lamp5","LRRC55",-0.045020095435987,0.0763048120368777,0.555188397315236,-0.194574778875366,0.104534588003392,7,2.91940928682619e-07,0.000641231778606137,0.848957062716284
"5244","Lamp5","SLC25A15",-0.150657342464382,0.0820681674207129,0.0663933698961267,-0.311507994886183,0.0101933099574187,5,0,0,0.37523549649706
"5245","Lamp5","UBOX5-AS1",-0.0245326038272667,0.0979995232471524,0.802329134756911,-0.216608139893781,0.167542932239248,7,0.00904970465451908,13.0299527134133,0.944986573505148
"5246","Lamp5","B3GALT4",-0.00168934843591647,0.103817796467193,0.98701720130182,-0.205168490465924,0.201789793594091,7,0.0183766755505852,26.0135831275063,0.997442851983139
"5247","Lamp5","ZC3H7B",-0.0712274495217414,0.0319489368701441,0.0257862834056006,-0.133846215131568,-0.00860868391191513,7,0,0,0.251144289597949
"5248","Lamp5","CYP2C8",0.100084747548382,0.0901638408837384,0.266985242547835,-0.0766331332915455,0.276802628388309,6,3.69968864073657e-06,0.00668687302959362,0.656145013827722
"5249","Lamp5","ST6GALNAC3",0.0983808807026846,0.0409931071885194,0.0163978871992766,0.0180358669987965,0.178725894406573,7,1.08168346781818e-06,0.00820742928383267,0.205989845605198
"5250","Lamp5","WSCD1",-0.0298938837224797,0.0905628552009019,0.741332035353184,-0.207393818253363,0.147606050808404,6,0.00434508250441505,8.25738765344589,0.923036460325539
"5251","Lamp5","C11orf68",0.100279064369848,0.0722339384920868,0.165059670635292,-0.0412968535361234,0.24185498227582,6,9.90401679407745e-06,0.0279109232081976,0.551334376967334
"5252","Lamp5","LINC01315",0.0960973220139294,0.0993340727803157,0.333336362934016,-0.0985938830731698,0.290788527101029,5,0,0,0.714655755395084
"5253","Lamp5","AK8",-0.107543283916305,0.0771768933043713,0.163479283318244,-0.258807215231563,0.0437206473989534,7,0,0,0.54978873712117
"5254","Lamp5","ZNF267",0.0385858175085313,0.0735966787115389,0.600078600860024,-0.105661022147851,0.182832657164913,6,0,0,0.867373974312254
"5255","Lamp5","DDN-AS1",-0.120457353820127,0.0770967705840113,0.118189635774864,-0.271564247489136,0.0306495398488818,5,0,0,0.475075320016034
"5256","Lamp5","ZC3H3",-0.0216527817243036,0.0436628460630014,0.619958884360454,-0.107230387470303,0.0639248240216955,7,0,0,0.877471007323414
"5257","Lamp5","ZNF257",0.0492066149039157,0.122172877495278,0.687123183453674,-0.190247824874453,0.288661054682285,6,0,0,0.903181005962289
"5258","Lamp5","CEP131",-0.0124127759745122,0.0752021466736253,0.868897702161415,-0.159806275014916,0.134980723065892,6,0,0,0.967698604968184
"5259","Lamp5","CACFD1",-0.102080186927737,0.0698222697561232,0.143741097844736,-0.238929320968579,0.0347689471131042,6,2.26064977337865e-08,6.8136920431858e-05,0.520137255457636
"5260","Lamp5","BCKDK",-0.166514888739266,0.0868270014093884,0.0551392020889524,-0.336692684387276,0.00366290690874371,6,0.0080866400693441,17.8441035474519,0.34837800237059
"5261","Lamp5","ZNF75A",-0.151732289425291,0.0428037543111647,0.000392857430590845,-0.235626106278275,-0.0678384725723073,7,4.78251462659689e-06,0.0335959867942983,0.0408266821534032
"5262","Lamp5","UAP1L1",-0.133760341545069,0.0782774399846389,0.0874883528523943,-0.287181304716957,0.0196606216268187,7,0.000887483507084945,1.84451693679619,0.423249681133408
"5263","Lamp5","CISD3",-0.0151214165177293,0.0778982528423824,0.846083854894109,-0.167799186547394,0.137556353511935,5,0,0,0.959421815061179
"5264","Lamp5","MAFK",-0.281132144898358,0.118558722551752,0.0177281267541133,-0.513502971152868,-0.0487613186438486,6,0.0243603122823311,31.0840419466259,0.213290410314327
"5265","Lamp5","PM20D2",-0.00166589762182279,0.0373253186511226,0.964400763890753,-0.0748221778895042,0.0714903826458586,7,0,0,0.99419564321202
"5266","Lamp5","HAX1",-0.081033546934433,0.0710421750978902,0.254019762478584,-0.220273651509686,0.05820655764082,7,0.00680715711688959,19.7251378992388,0.645109861856315
"5267","Lamp5","DUS2",-0.0949551815179269,0.0535192721951274,0.0760260925131759,-0.199851027499172,0.00994066446331865,6,0,0,0.399471019492562
"5268","Lamp5","FAM120B",0.0249156246433069,0.0289118918814818,0.388809840412369,-0.0317506421693134,0.0815818914559272,7,0,0,0.756251065354424
"5269","Lamp5","EDEM2",0.0264650416506097,0.0573840647665688,0.644661235161301,-0.0860056585783789,0.138935741879598,7,7.11910005468376e-07,0.00266199067131305,0.886929185222919
"5270","Lamp5","DDAH1",-0.0540519558294953,0.0559749381337856,0.334221521461159,-0.163760818608573,0.055656906949582,7,6.07356372531534e-07,0.00243929595717459,0.715689813838028
"5271","Lamp5","HNRNPH2",0.104587605009933,0.0682742249366447,0.12555318734242,-0.0292274169382773,0.238402626958143,7,0,0,0.487700427066708
"5272","Lamp5","AKAP5",0.0771078989274694,0.0699016513744104,0.269987546898596,-0.0598968202262499,0.214112618081189,7,0.0127972737529478,43.1154358930238,0.659995225537924
"5273","Lamp5","SCAMP1-AS1",-0.163693232773461,0.103124370162924,0.112436110343264,-0.365813284221168,0.0384268186742459,6,0.0192511739653657,32.1102643357191,0.467695110815684
"5274","Lamp5","ELOC",-0.0424420422578526,0.0554113328167808,0.443708932636229,-0.151046258914105,0.0661621743984001,5,0.00173375919924607,10.4778736280975,0.789520156582511
"5275","Lamp5","PCNA",0.0758634365266269,0.0932207125071179,0.415756949411801,-0.106845802600487,0.258572675653741,6,0.018242677358969,39.1875791360137,0.772296636968801
"5276","Lamp5","SNCA",0.0962628899626649,0.0500114624551543,0.0542523144167192,-0.00175777526361467,0.194283555188945,7,2.49251773321111e-06,0.0124260167738014,0.347490982258515
"5277","Lamp5","RRAGC",-0.017130872623613,0.100930215814716,0.865222580360162,-0.214950460572311,0.180688715325085,7,0.0303720341791002,48.2228032019991,0.966919782985761
"5278","Lamp5","C19orf18",-0.202273652603762,0.137147858432532,0.140250652645198,-0.471078515688322,0.0665312104807975,6,0.0399820432422783,37.669784898029,0.51569650107857
"5279","Lamp5","TDRD6",-0.00339203042314939,0.187021756535756,0.985529489301212,-0.36994793755865,0.363163876712351,6,0.145579173466096,80.0436978260306,0.997296915565468
"5280","Lamp5","UBL4A",-0.101679248372971,0.0972795612268802,0.295917951378434,-0.292343684809515,0.0889851880635732,6,0.0144382603027132,26.2136669220043,0.686247051424637
"5281","Lamp5","RACGAP1",-0.0263612481166471,0.0721475301703542,0.714827938705911,-0.167767808824058,0.115045312590764,7,0.00360305497921025,9.3890779827846,0.914305209849174
"5282","Lamp5","SEC61A2",-0.0313832495200546,0.0264601943013063,0.235600523774578,-0.083244277374547,0.0204777783344378,7,0,0,0.625704344619183
"5283","Lamp5","WDR81",-0.0977087842879815,0.11759793449905,0.406046167491772,-0.328196500562419,0.132778931986456,7,0.05059307102298,62.3727303548581,0.767306534468615
"5284","Lamp5","ARMH1",-0.0111346854365392,0.0687153891625,0.871273852967211,-0.145814373378693,0.123545002505615,5,0.00448978000963309,18.7179855034351,0.968577940382375
"5285","Lamp5","GFER",-0.0632958715583796,0.0868318571910194,0.46603373273847,-0.233483184363503,0.106891441246744,5,0,0,0.801770557276648
"5286","Lamp5","ZNF200",0.0385355796817649,0.0646358732914838,0.551045015018911,-0.0881484040788377,0.165219563442367,6,0,0,0.845515439390706
"5287","Lamp5","LOXL2",-0.0845338991878571,0.0900947603749685,0.348101747334654,-0.261116384718562,0.0920485863428474,7,0.00482917280237766,7.7845528140967,0.727406744080924
"5288","Lamp5","ALG13",0.0325097654558633,0.0294427700306273,0.269520253972074,-0.0251970034092614,0.090216534320988,7,3.18601764236085e-06,0.0465855773768258,0.659274435928009
"5289","Lamp5","CLMN",0.0666902137455295,0.0836221098635185,0.425149726035345,-0.0972061098982183,0.230586537389277,7,0.0164713211361667,38.5619360096886,0.778050998360332
"5290","Lamp5","RAB3GAP2",-0.0110739234656454,0.0284530051915183,0.697127843525284,-0.0668407888929525,0.0446929419616617,7,0.000892198033122899,15.729280786953,0.906391554342484
"5291","Lamp5","DISP3",-0.0469907078147615,0.0555955152604552,0.39798534276478,-0.155955915427201,0.0619744997976776,7,0.00610512738121452,30.4911452992135,0.762061134173792
"5292","Lamp5","KCNA4",0.138420606007739,0.087822696639304,0.114994222114422,-0.0337087164304833,0.310549928445962,6,1.11595310884072e-06,0.00210654196195687,0.471362392083358
"5293","Lamp5","ZNF215",-0.000201413182084891,0.116094813526721,0.998615748776118,-0.227743066486352,0.227340240122182,7,0.0304519458837675,36.4518504072437,0.999773769742565
"5294","Lamp5","RPL22",-0.0669793310858174,0.0615548578943636,0.276540277475767,-0.187624635632251,0.0536659734606163,7,0.00549333995727228,21.2856550167125,0.666864789717802
"5295","Lamp5","LRRC66",-0.000427876477833921,0.0792151441047087,0.995690289030141,-0.155686705953213,0.154830952997546,6,0,0,0.999031811939882
"5296","Lamp5","CHGA",-0.080030835906478,0.0546671219655061,0.143203098307911,-0.187176426097329,0.0271147542843725,7,0,0,0.519863907097606
"5297","Lamp5","CHCHD4",-0.151004522826269,0.0952544376590912,0.112903761287279,-0.337699790005704,0.0356907443531654,5,0,0,0.468309218452526
"5298","Lamp5","DAPK1",0.127461955410233,0.0648823829966687,0.0494712184597011,0.000294821505628123,0.254629089314837,7,0.0138882162631975,55.648031298105,0.332374326718857
"5299","Lamp5","DNALI1",0.0179262321753604,0.0797656613572859,0.822184495960099,-0.138411591287938,0.174264055638659,6,3.99159771545033e-06,0.00909053933894549,0.952300667039886
"5300","Lamp5","MOBP",-0.0671741094968524,0.081592580913021,0.410344816157865,-0.227092629492044,0.092744410498339,5,0,0,0.770505868011963
"5301","Lamp5","CATSPERG",0.0579103169489561,0.0804776523548711,0.471782038922722,-0.0998229832269264,0.215643617124839,7,0.00661884401843512,14.3056954204264,0.805854730251114
"5302","Lamp5","SLC10A1",-0.0114230845139165,0.113881652095784,0.920100895642637,-0.234627021121573,0.21178085209374,5,0,0,0.982309092211961
"5303","Lamp5","SNIP1",0.000996740225024369,0.0486896743590905,0.983667418121319,-0.0944332679377763,0.096426748387825,7,0,0,0.997296915565468
"5304","Lamp5","NET1",-0.097965949655239,0.0711744580808074,0.168691630544777,-0.237465324112777,0.0415334248022993,7,0.0103725361006619,32.6947446554973,0.556906280559273
"5305","Lamp5","PKDCC",0.0883085232243825,0.0540526707073753,0.102311461976426,-0.0176327646302762,0.194249811079041,7,6.52083319366866e-08,0.000273012957797502,0.45322728894802
"5306","Lamp5","UNC119B",-0.00137090304910148,0.0560383465010441,0.980482770247754,-0.111204043944324,0.108462237846121,7,0,0,0.997093441046833
"5307","Lamp5","RAB3B",0.0099286719726851,0.103700815357943,0.923724345505914,-0.193321191296322,0.213178535241692,6,0.00629491991980442,9.205041886367,0.982375103729229
"5308","Lamp5","ADGRL4",0.0206069795265726,0.119277637516321,0.862836291065301,-0.21317289416644,0.254386853219586,5,1.64180129723718e-07,0.000201846147462101,0.965985696016658
"5309","Lamp5","C22orf23",-0.273574495123482,0.0911856855159533,0.00269810143418086,-0.452295154640346,-0.0948538356066175,5,0,0,0.08744334702268
"5310","Lamp5","HMBS",-0.133037359265431,0.0713959831551033,0.0624097824882924,-0.272970914890262,0.00689619635939953,6,0,0,0.367678264177257
"5311","Lamp5","MTUS2-AS2",-0.0816104855396893,0.112468462633871,0.46806565211714,-0.302044621698664,0.138823650619286,5,0,0,0.803943800564904
"5312","Lamp5","JOSD2",0.0529693296610466,0.0927675588370735,0.568006558557795,-0.128851744593318,0.234790403915411,5,0,0,0.853511583813389
"5313","Lamp5","NOL6",-0.0727216560421782,0.0970115841497868,0.453484643040925,-0.262860867058937,0.117417554974581,5,0.0150873601390373,32.7210255218856,0.795310580162256
"5314","Lamp5","LOH12CR2",0.136008713785869,0.130710982061715,0.29809367820556,-0.120180103438954,0.392197531010691,5,0,0,0.687746200571181
"5315","Lamp5","PTGFRN",-0.0796648121535113,0.0905487743359373,0.378967661727867,-0.257137148696193,0.0978075243891706,6,0.002848483204972,5.3323143756342,0.749103184562571
"5316","Lamp5","HSPB1",0.138935055455545,0.169957070229288,0.413659048931928,-0.194174681111803,0.472044792022894,5,0,0,0.771625852727355
"5317","Lamp5","MED30",0.0810396224428764,0.0435140339080902,0.0625496887280999,-0.00424631683903508,0.166325561724788,7,0,0,0.367678264177257
"5318","Lamp5","SOCS7",-0.0341200792527463,0.0422851123602256,0.419721072629006,-0.116997376561018,0.0487572180555253,7,0.00359279267281536,31.9706265765138,0.77496438282697
"5319","Lamp5","PAQR7",-0.209226649533106,0.0734688995933441,0.00440189710981896,-0.353223046719849,-0.0652302523463619,7,0.00722629008995952,19.4927773103928,0.112602218202757
"5320","Lamp5","NEK10",-0.0311805245102336,0.032329749841174,0.334818856864487,-0.0945456698281242,0.0321846208076569,7,0,0,0.71644122287518
"5321","Lamp5","SCOC-AS1",0.0550709604239719,0.0942943849543129,0.559198624576761,-0.129742638030837,0.239884558878781,6,0,0,0.850674250152825
"5322","Lamp5","KCNQ4",-0.188302312949676,0.0412254751102758,4.93292802938496e-06,-0.269102759411369,-0.107501866487983,7,0,0,0.00737411078792684
"5323","Lamp5","SCN4B",0.024248375059492,0.0512647719983651,0.636211259995865,-0.076228731732961,0.124725481851945,7,1.95969614531531e-06,0.00921480245417467,0.88413812345694
"5324","Lamp5","MAL2-AS1",0.0235291780062296,0.149941141325744,0.8753057207649,-0.270350058793059,0.317408414805518,5,0.0381561695252615,37.4899681335803,0.969957479116701
"5325","Lamp5","STK31",-0.0733308018370883,0.0940658072594506,0.435644517748126,-0.257696396242298,0.111034792568121,7,0.00481257182361017,7.14691054955951,0.784392545450919
"5326","Lamp5","AP5B1",-0.130714558502498,0.0660468600629051,0.0478026730528452,-0.260164025517749,-0.00126509148724774,6,0,0,0.326856584927945
"5327","Lamp5","ACTL6A",0.151859938532333,0.0702596298227237,0.0306636031889359,0.0141535945126778,0.289566282551987,7,0,0,0.27177512390861
"5328","Lamp5","LDLRAD3",0.0059925537799967,0.0823059112477548,0.941958663123411,-0.155324067980353,0.167309175540346,6,0.00143192698215743,3.06103144600029,0.987324146208743
"5329","Lamp5","PIM3",-0.0605934459392998,0.0747964773720677,0.417876406849891,-0.207191847759018,0.086004955880418,7,3.38204193833847e-06,0.00742637809844906,0.773600796141458
"5330","Lamp5","ZSCAN1",-0.148712687595283,0.0685088877604292,0.0299533659561642,-0.282987640226621,-0.0144377349639447,7,5.07879540079861e-06,0.0126866972909318,0.269410856803269
"5331","Lamp5","SLC30A8",-0.021345133125559,0.122228980634905,0.861368533976798,-0.260909533037016,0.218219266785898,5,0,0,0.965517508466447
"5332","Lamp5","RNF207",-0.116418397469226,0.0554295551318049,0.0357029306031197,-0.225058329206641,-0.00777846573181147,7,0,0,0.29045669869572
"5333","Lamp5","PNPLA2",-0.0153364761999348,0.0735640318422045,0.834855822710731,-0.159519329168213,0.128846376768344,7,0.00365734773689088,9.21703067660679,0.957418626091684
"5334","Lamp5","PODXL",-0.106441948748083,0.0742929451869019,0.151934176083031,-0.252053445619819,0.0391695481236534,5,3.85945573851503e-05,0.12437207856587,0.532058802862948
"5335","Lamp5","TAF10",-0.16571276005041,0.0741587594954598,0.025445750958329,-0.311061257799679,-0.0203642623011413,7,1.26946716790065e-07,0.000303940810349485,0.250751745090418
"5336","Lamp5","SNRNP27",0.037104084737042,0.0617718969942589,0.548064556309671,-0.0839666086284235,0.158174778102507,6,0,0,0.844764971297428
"5337","Lamp5","TANC1",0.131169999947643,0.0712931151727029,0.0657874569212174,-0.0085619381365204,0.270901938031807,7,0,0,0.373672580884055
"5338","Lamp5","RNF40",-0.0623290451399953,0.0504538893200482,0.216694131074626,-0.16121685108726,0.0365587608072693,7,0.00302988361786178,17.1901118286946,0.607283648398929
"5339","Lamp5","ZBTB3",-0.00631723042758353,0.100476941011554,0.949868081245717,-0.203248416086984,0.190613955231817,5,2.05210627001687e-06,0.0038185453333203,0.989933736422924
"5340","Lamp5","PRKCA",0.0192194747675818,0.0349486902777053,0.582364609065061,-0.0492786994835657,0.0877176490187292,7,0.000960671366599658,10.895655928801,0.85876887013484
"5341","Lamp5","KLHDC9",-0.0989027495150887,0.107712234492882,0.358507482867082,-0.31001484981547,0.112209350785292,5,0,0,0.734341772748556
"5342","Lamp5","VAT1",0.0871698321216556,0.126518081590641,0.490828868741293,-0.160801051189101,0.335140715432412,5,0,0,0.815933061061596
"5343","Lamp5","HINT3",0.012305514113231,0.0368328952367345,0.738311397037691,-0.0598856339971054,0.0844966622235674,6,0,0,0.921912457070866
"5344","Lamp5","PLEKHD1",-0.0401172337693418,0.0978035758975408,0.681672688491245,-0.231808720087752,0.151574252549068,6,0,0,0.902382519555767
"5345","Lamp5","SAAL1",0.0345044527501642,0.0435690871992458,0.428390980102768,-0.0508893889996427,0.119898294499971,7,0,0,0.780942735653234
"5346","Lamp5","AP1S3",0.0427759227385556,0.0787396983165352,0.586952599789574,-0.111551050115402,0.197102895592514,7,0.0123860893053381,30.0187061156924,0.860638320363354
"5347","Lamp5","ADAMTS16",0.0560048518360858,0.0979978286878531,0.567667034172472,-0.136067362955232,0.248077066627404,6,0,0,0.853498876246994
"5348","Lamp5","GPR135",0.0983270587669037,0.0515332432719974,0.0563871267671862,-0.00267624205275226,0.19933035958656,7,0.00519119743110025,29.4946650937179,0.350214090220282
"5349","Lamp5","NEFH",-0.0278076546265846,0.0802910192382156,0.729090364639729,-0.1851751606155,0.12955985136233,5,0,0,0.919132878534976
"5350","Lamp5","MTHFS",0.0266910551390295,0.0694663566983232,0.70080801794165,-0.109460502126897,0.162842612404956,5,0,0,0.907620717806415
"5351","Lamp5","REXO5",0.00733429055974303,0.0753537580593789,0.92246318081136,-0.140356361336384,0.15502494245587,5,0,0,0.982375103729229
"5352","Lamp5","TBC1D22A",-0.0349293999519562,0.0375058815880249,0.351696024512471,-0.108439577072909,0.0385807771689966,7,0.00264784562817373,29.1095233150526,0.729691855166932
"5353","Lamp5","GSTZ1",-0.05368674968765,0.086966057006164,0.537017130617388,-0.224137089297189,0.116763589921889,5,0,0,0.839104775803267
"5354","Lamp5","TSPYL1",0.0460800391929705,0.0544862524259285,0.397709723210028,-0.0607110532144075,0.152871131600348,7,0,0,0.762061134173792
"5355","Lamp5","EHHADH",0.0621236119529678,0.0882717232858487,0.481571635589056,-0.110885786540581,0.235133010446517,5,0,0,0.811608774868689
"5356","Lamp5","CCNA1",-0.0833714399341746,0.0919997138941032,0.364822529825795,-0.263687565754606,0.0969446858862568,5,0,0,0.73765853898863
"5357","Lamp5","IKZF2",0.191138428873054,0.0521767322510965,0.000248997716700232,0.0888739128299149,0.293402944916192,7,1.181999605198e-07,0.000537271597633168,0.0320924146154616
"5358","Lamp5","MMD",-0.112687694126707,0.0639388592324627,0.0779968573031688,-0.23800555543491,0.0126301671814965,7,0.00365561539079286,12.4123733421139,0.404102442970065
"5359","Lamp5","SPDYE2",-0.22647183301709,0.111760223447138,0.0427229715396054,-0.445517845877628,-0.00742582015655147,6,1.84436334292831e-06,0.00201846806895629,0.311919424079451
"5360","Lamp5","ZNF610",0.0467598488400048,0.0581143478598831,0.421040166702381,-0.0671421799503983,0.160661877630408,7,0.00219139442996895,8.6381895333164,0.775714099875474
"5361","Lamp5","MVP",0.0231996053246733,0.0732960677946315,0.75160853101349,-0.120458047761211,0.166857258410557,7,5.76143791419734e-06,0.0136825669424342,0.925975950944022
"5362","Lamp5","PPP1R15A",0.0832244193201411,0.0989010622530021,0.400072553764826,-0.110618100728497,0.277066939368779,6,0,0,0.762743492813461
"5363","Lamp5","HS3ST3A1",-0.0745756495807781,0.316173422020013,0.813533978694988,-0.694264169608786,0.54511287044723,6,0.434396055842036,80.3893483211886,0.948840504171613
"5364","Lamp5","CCDC181",0.115332379587259,0.0509354117563171,0.0235564820068915,0.0155008070071597,0.215163952167359,7,0.000216688852294476,0.984678592987281,0.241605461681317
"5365","Lamp5","EXOC1",0.0154489003274977,0.0269422086738888,0.566367913672655,-0.037356858337287,0.0682546589922824,7,1.95432598726179e-06,0.0328787764273453,0.853477723042833
"5366","Lamp5","TERF2",0.00658246328011845,0.0349516345399764,0.850617477292716,-0.0619214816190414,0.0750864081792783,7,0,0,0.960721774113098
"5367","Lamp5","HPYR1",-0.0536186378822164,0.0985750477513919,0.586484672050771,-0.246822181249261,0.139584905484828,5,0,0,0.860479719427699
"5368","Lamp5","MYH7B",0.107620501076538,0.0707290107689022,0.128112037672483,-0.0310058126926559,0.246246814845732,6,0,0,0.491843293266523
"5369","Lamp5","PLB1",0.0693026149504925,0.0794302603989685,0.382937640161929,-0.086377834714124,0.224983064615109,6,0,0,0.752720087377968
"5370","Lamp5","SEL1L2",0.116112781547163,0.0788668333079812,0.140949662091963,-0.0384633713112042,0.27068893440553,6,0,0,0.516585047182894
"5371","Lamp5","CHCHD5",-0.0824484230607876,0.0883778043622949,0.350867107201514,-0.255665736643612,0.0907688905220373,5,0,0,0.72961567293043
"5372","Lamp5","NUDCD1",0.0802409741843586,0.0394243009291487,0.0418189247606301,0.00297076424755822,0.157511184121159,7,0,0,0.31114492884268
"5373","Lamp5","SAYSD1",-0.0281538362022117,0.06959886348305,0.685833501127324,-0.16456510199391,0.108257429589486,6,0,0,0.903181005962289
"5374","Lamp5","P3H2-AS1",-0.132500712749357,0.122327971920413,0.278737604289536,-0.372259132015192,0.107257706516479,6,0.0381478887956972,47.166422796899,0.668288494326095
"5375","Lamp5","UXT-AS1",0.106831143093968,0.0913925858099374,0.242433564681219,-0.0722950335474958,0.285957319735432,5,0,0,0.634627888093465
"5376","Lamp5","UTP6",-0.0396539762899712,0.0356290093826011,0.265721823862045,-0.109485551484709,0.0301775989047666,7,7.71620702928505e-06,0.0751308165355239,0.654477926053113
"5377","Lamp5","TBRG1",-0.0517045547603617,0.0403629347476172,0.200196839368974,-0.130814453176032,0.0274053436553083,7,0.00320840998737341,31.4397759835671,0.591415610548944
"5378","Lamp5","TARBP2",-0.0994121213371078,0.0843856335692225,0.238768993709752,-0.264804923945378,0.0659806812711625,5,0,0,0.629295508045306
"5379","Lamp5","ABCA7",-0.0745650368029169,0.0598696952160327,0.212964390190186,-0.191907483191731,0.0427774095858971,7,0.00265693334697771,10.0662953765954,0.602909076634875
"5380","Lamp5","DCBLD1",0.0841313363031348,0.10382696327318,0.417765849665087,-0.11936577233646,0.28762844494273,5,1.02731408615096e-06,0.00164042282845007,0.773600796141458
"5381","Lamp5","PYCR3",0.009089684985306,0.121866583544874,0.940543173395473,-0.229764429681589,0.247943799652201,5,0.0232292986962513,33.1230343569689,0.987071639145024
"5382","Lamp5","SLC5A4",0.173754617630804,0.0907401622198536,0.0555104858772257,-0.00409283227143087,0.351602067533039,7,4.12045519250116e-07,0.000597616062961949,0.34921088932443
"5383","Lamp5","STT3A",-0.054458792398077,0.0449025533572165,0.225197985924364,-0.142466179792109,0.0335485949959554,7,0,0,0.615857012044243
"5384","Lamp5","DNAH12",0.113377422909739,0.127899094767583,0.375369735987115,-0.137300196489999,0.364055042309477,6,0.038188187119846,46.5296082178202,0.746577363152359
"5385","Lamp5","RPL5",-0.0855591099656631,0.0524032912896692,0.102531078393229,-0.188267673564776,0.01714945363345,7,0,0,0.453297288911139
"5386","Lamp5","S100PBP",0.00122898042718623,0.032852997440466,0.970159317907515,-0.0631617113403138,0.0656196721946862,7,0,0,0.995931376932691
"5387","Lamp5","PCDH1",0.126115632660902,0.0939619376266258,0.179531432554018,-0.058046381004884,0.310277646326687,6,0.00840748907474337,15.5332707067191,0.572497860481836
"5388","Lamp5","CXCL17",-0.135248847963131,0.106498659955925,0.204099515131911,-0.343982385878523,0.0734846899522599,6,0,0,0.593908097926263
"5389","Lamp5","ARHGAP27",-0.031549617504653,0.0683126945385806,0.644195195959687,-0.165440038487157,0.102340803477851,7,1.52490143047767e-06,0.00420122192107711,0.886929185222919
"5390","Lamp5","ANKRD28",0.073108517644278,0.0474326022843859,0.123240466860108,-0.0198576745261308,0.166074709814687,7,0.00695719483463951,52.2164957784669,0.48484342100801
"5391","Lamp5","FBF1",-0.0720078228159122,0.0510078409826514,0.158038003245395,-0.171981354071055,0.0279657084392307,7,0.000245342985901298,1.15817960932985,0.541851055278576
"5392","Lamp5","PCDHB12",-0.0466745261583201,0.0810489596943689,0.564695867460392,-0.205527568143722,0.112178515827081,6,0,0,0.852935819308762
"5393","Lamp5","CHPF2",-0.157162849589969,0.0719222317837756,0.0288758275012482,-0.298127833573911,-0.0161978656060272,6,0,0,0.265227822244642
"5394","Lamp5","KDM8",-0.0742670772503469,0.072757715780502,0.307375251082499,-0.216869579777532,0.0683354252768386,7,4.32630361162813e-06,0.0100101876516403,0.6957260731822
"5395","Lamp5","ZMIZ2",-0.0458813004372487,0.0373232031784645,0.218960484333617,-0.11903343445471,0.0272708335802125,7,0,0,0.608563630437471
"5396","Lamp5","RUNX1",0.161833736779706,0.119467031453241,0.17553517161358,-0.0723173422085598,0.395984815767971,7,0.0405341776374466,46.412403558387,0.567171043895676
"5397","Lamp5","RECQL5",-8.14491295846221e-05,0.0648699766980793,0.99899819625011,-0.127224267135773,0.127061368876603,7,0.00554067061572994,19.2986040461622,0.999773769742565
"5398","Lamp5","NCAPH2",-0.0459834747696639,0.0620790676592131,0.458860614270803,-0.167656211575547,0.075689262036219,7,0.000888754709167849,2.91419280427717,0.798881072363449
"5399","Lamp5","KTN1-AS1",0.119555651109712,0.0767013205820322,0.119063380060683,-0.0307761747977321,0.269887477017156,7,0.0181291912269208,51.3590343873277,0.476532450517304
"5400","Lamp5","CMBL",-0.00581111611116101,0.0663513883005764,0.930209761775205,-0.135857447504523,0.124235215282201,7,0.0084104586802835,29.6023010846813,0.984877831080086
"5401","Lamp5","NLRX1",-0.134246508927333,0.0858487618092788,0.117874901344927,-0.302506990190877,0.034013972336211,5,0.00733366745051038,19.7438435838149,0.475020057075911
"5402","Lamp5","PRDM6",0.012529253280017,0.128107596849973,0.92208905996287,-0.238557022691907,0.263615529251941,6,0.0220606640390071,22.8199099440302,0.982375103729229
"5403","Lamp5","BTC",0.0682063965065822,0.0977119501737199,0.485155079625967,-0.123305506693081,0.259718299706245,6,0,0,0.813213789797325
"5404","Lamp5","CCDC12",-0.0324898456599595,0.0423396093153275,0.442865776406952,-0.115473955037498,0.050494263717579,7,0,0,0.789496392228061
"5405","Lamp5","AHNAK2",-0.104594396646585,0.0597175526468025,0.0798624058820485,-0.221638649079192,0.012449855786023,7,5.11852003365293e-07,0.00181398033221521,0.407618221956026
"5406","Lamp5","GALM",0.169542023000371,0.0997770316238488,0.0892798246788185,-0.0260173654666865,0.365101411467429,6,0.00710834754632208,11.4157088957753,0.427133860228323
"5407","Lamp5","RCE1",-0.0357847113618348,0.0859487114229672,0.677154204999741,-0.204241090268477,0.132671667544807,5,0,0,0.901189309769854
"5408","Lamp5","LTV1",-0.128650697352364,0.0669972194415604,0.0548276728553127,-0.259962834522149,0.00266143981742079,6,0,0,0.34837800237059
"5409","Lamp5","BAX",-0.216390244645867,0.0817543500199351,0.00812490749541466,-0.376625826264421,-0.0561546630273123,6,0.00574338621593738,13.6602426977743,0.150328399543524
"5410","Lamp5","SMC4",-0.0394784580175946,0.0815944388658587,0.628501123463969,-0.199400619533433,0.120443703498244,6,0,0,0.88191549991279
"5411","Lamp5","ZNF320",-0.0632924305209767,0.0514907519180781,0.218996841571465,-0.164212449817296,0.0376275887753431,6,0,0,0.608563630437471
"5412","Lamp5","SMAD2",0.0289617063468676,0.0287887481620011,0.314411798872662,-0.0274632032106482,0.0853866159043834,7,0,0,0.699674488782687
"5413","Lamp5","LXN",0.0211449022207119,0.105253359219111,0.840780464810545,-0.185147891100602,0.227437695542026,6,0,0,0.958430424046259
"5414","Lamp5","GTF2H2C",0.0372241083803136,0.0642213459889452,0.562169518321154,-0.0886474167967048,0.163095633557332,7,0,0,0.852814428920204
"5415","Lamp5","MGAT4A",0.222774578625102,0.0544646746121963,4.30893340820409e-05,0.116025777955504,0.3295233792947,7,0.00469391057119851,23.7121251908425,0.014365296134931
"5416","Lamp5","CPSF4",-0.113037895583587,0.0695599356308035,0.104153368966949,-0.249372864186886,0.0232970730197125,7,0.0111370479821311,36.9002502083615,0.455085911390479
"5417","Lamp5","SNHG17",-0.106223575081033,0.0703435857061307,0.131026156117969,-0.244094469608456,0.0316473194463892,5,1.07344330571487e-06,0.00361444457931309,0.499015392327047
"5418","Lamp5","ALDH1L2",0.136301878263348,0.0425468499851346,0.0013573430658908,0.0529115846368555,0.21969217188984,6,0,0,0.0651906254015585
"5419","Lamp5","PARP9",-0.0883090508902595,0.0950923776419569,0.353062244829688,-0.274686686272777,0.0980685844922578,6,5.51145101217937e-07,0.000919006661350417,0.730623184965952
"5420","Lamp5","COQ6",-0.102893703383376,0.0452785400293413,0.0230586982701246,-0.19163801111344,-0.0141493956533118,6,0,0,0.23960053795929
"5421","Lamp5","DZIP1L",0.0919386589381135,0.0691526237567723,0.183681894599227,-0.0435979930616092,0.227475310937836,7,0,0,0.575973257025563
"5422","Lamp5","CCDC88C",-0.0496961705125136,0.0849153119520419,0.55838371320072,-0.216127123674499,0.116734782649472,5,0,0,0.850476296218435
"5423","Lamp5","LINC00222",0.152620132453503,0.0945937149882783,0.106651590597969,-0.0327801420873687,0.338020406994376,6,0.00624874741642024,11.0873569734223,0.46083725381464
"5424","Lamp5","LINC00924",0.0362758413533729,0.125619226352142,0.772752655202167,-0.20993331806261,0.282485000769356,5,0,0,0.933379071091086
"5425","Lamp5","SCN11A",0.052362860217966,0.083581777875496,0.53099585183294,-0.111454414181833,0.216180134617765,6,0,0,0.836099985789352
"5426","Lamp5","MCM7",-0.0364769215522053,0.0713405801692963,0.609136265849573,-0.176301889320218,0.103348046215808,6,0,0,0.872518936794232
"5427","Lamp5","NREP",0.0195305659410337,0.0485802825980762,0.687664448582986,-0.0756850383099735,0.114746170192041,7,0,0,0.903181005962289
"5428","Lamp5","FBL",-0.07016015602944,0.0771880811331809,0.363376179427212,-0.22144601508623,0.0811257030273503,6,0,0,0.737658430833555
"5429","Lamp5","GRAMD1C",0.0969806876475962,0.136307682671016,0.476784578783512,-0.17017746120371,0.364138836498903,5,0.0447314819557694,52.386441068263,0.808995183884655
"5430","Lamp5","SHC4",-0.355870606685025,0.143014767982956,0.0128337844917677,-0.636174401188972,-0.0755668121810784,6,0.0337349110235099,29.5301268370024,0.183587594183075
"5431","Lamp5","IMPDH1",-0.0454610934658758,0.0664066338177664,0.493604808051591,-0.175615704083237,0.0846935171514858,7,0.0071785131593754,24.5196789865625,0.816913908038885
"5432","Lamp5","ZNF597",0.0769572417889615,0.0767749666100484,0.316162922839287,-0.0735189276809986,0.227433411258922,5,0,0,0.70158239751328
"5433","Lamp5","ARIH2OS",-0.0938408928194521,0.132184895983051,0.477752848970466,-0.352918528246406,0.165236742607502,5,0,0,0.809614045747174
"5434","Lamp5","MRPS30-DT",0.0147801156105902,0.0593123734179943,0.803212963044871,-0.10147000012627,0.13103023134745,5,0.00396361038012956,22.6730939618864,0.945528479678473
"5435","Lamp5","POLRMT",-0.140942403013244,0.062936436662528,0.025127270924102,-0.264295552187086,-0.0175892538394032,5,0,0,0.250184153863484
"5436","Lamp5","NUDT13",-0.143246358508398,0.0776477407366626,0.0650632521147403,-0.29543313383316,0.0089404168163644,5,0,0,0.37193663099435
"5437","Lamp5","DNAJB11",-0.174822540268323,0.0690737814060341,0.0113752874109184,-0.310204664100143,-0.0394404164365041,6,4.04777581557976e-06,0.0125877082853456,0.173009926274931
"5438","Lamp5","GPX7",-0.009960739261475,0.0866248795873744,0.908455387462919,-0.179742383417848,0.159820904894898,6,0,0,0.979767074450202
"5439","Lamp5","KLHL11",-0.0295313192356096,0.0644609232191198,0.646860869240593,-0.155872407155286,0.096809768684067,7,5.570858231689e-07,0.00164063275747175,0.887846796195139
"5440","Lamp5","PITPNC1",-0.0215026842032632,0.0381755858963665,0.573259569196476,-0.0963254576488568,0.0533200892423303,7,0.000936711046652426,8.77182859154099,0.856052469288915
"5441","Lamp5","BNIP2",0.0324146674872148,0.0456235525752281,0.477405905998812,-0.0570058524070018,0.121835187381431,7,0,0,0.809614045747174
"5442","Lamp5","CYP2R1",-0.0321379898947581,0.0378508185189341,0.395842409879061,-0.106324230977231,0.0420482511877144,7,0,0,0.760604933378185
"5443","Lamp5","CHRNA4",-0.0860450733997302,0.045762402948706,0.0600730757158062,-0.175737735025204,0.00364758822574313,7,3.88448378029676e-08,0.000227341145106675,0.361709369988659
"5444","Lamp5","ZNF646",-0.0618456941552334,0.115953594314631,0.593780311997808,-0.289110562889878,0.165419174579411,5,0.0246199300102861,37.7967060053466,0.864830669906822
"5445","Lamp5","YJU2",-0.0513197340002471,0.0649501196461361,0.42944559405819,-0.178619629298241,0.075980161297747,5,0,0,0.781933596123919
"5446","Lamp5","RAB40B",-0.0576305451389981,0.0381302863462255,0.13068369555488,-0.132364533097799,0.0171034428198031,7,0,0,0.498356605593372
"5447","Lamp5","EIF4EBP1",0.0944230422803009,0.0937492008126835,0.313844581016498,-0.0893220148919718,0.278168099452574,7,0.0103113539173565,16.8108473711835,0.698925605264866
"5448","Lamp5","FGF7",0.0893249497332528,0.140551362394282,0.525081218859376,-0.186150658537578,0.364800558004083,7,0.0491942655316738,40.1482579447305,0.833638877814301
"5449","Lamp5","DLX6",-0.0375632141455415,0.0569383076616837,0.509434952116156,-0.149160246503103,0.0740338182120195,7,0,0,0.824364693203052
"5450","Lamp5","LINC02449",-0.104658788142397,0.0896732058912272,0.243164631454811,-0.280415042067447,0.0710974657826532,5,0.00703101723074566,16.5580087512119,0.635490783996521
"5451","Lamp5","SPRN",-0.161109977678922,0.0775979657410286,0.0378741691691057,-0.313199195804911,-0.00902075955293313,6,0.00314802930917769,8.43224907857234,0.298239726600151
"5452","Lamp5","GPR156",-0.0128571771407496,0.121380024418312,0.915641871238454,-0.250757653443233,0.225043299161734,7,0.0303087846023343,32.1468516119887,0.980734315041589
"5453","Lamp5","ITGB1-DT",0.0854950784858969,0.109514290679431,0.434993616362843,-0.129148987038238,0.300139144010032,5,0.0127863534512933,21.2733635448512,0.783919327619536
"5454","Lamp5","CFAP100",0.166647226611539,0.0876270167224698,0.0572000432858631,-0.00509857023719068,0.338393023460269,7,0.00051815168770968,0.782814774073378,0.352905020914214
"5455","Lamp5","FBXO6",0.027683003510092,0.092676811215095,0.765165334227594,-0.153960208673512,0.209326215693696,6,0.00509881179042534,9.33374188467874,0.929871259341206
"5456","Lamp5","DNAH17",-0.187418675820265,0.0999627296040405,0.0608084723985308,-0.3833420256405,0.00850467399997001,6,0.00591710608011941,9.05687616222216,0.363786153783907
"5457","Lamp5","DLK2",-0.23419985179454,0.0781310926826584,0.00272182125605053,-0.387333979525311,-0.0810657240637683,6,0,0,0.0879736767597522
"5458","Lamp5","PRELID2",-0.0326499989023798,0.0500269651343522,0.513983231090287,-0.130701048821551,0.0654010510167914,6,0,0,0.826394926137234
"5459","Lamp5","MIR193BHG",0.10653036901396,0.109237229657787,0.329450971329741,-0.107570666886234,0.320631404914154,7,0.0376476366153133,52.6511086900076,0.711664725531982
"5460","Lamp5","SYNM",-0.00758847019282937,0.0739820295505523,0.918302822374267,-0.15259058361509,0.137413643229431,7,1.37087650013263e-06,0.00320120478986293,0.982112632156488
"5461","Lamp5","ZNF221",0.0136157202421592,0.0695154648820445,0.844715002586231,-0.122632087295207,0.149863527779525,7,4.30217412647005e-07,0.00111994287519973,0.959421815061179
"5462","Lamp5","CLK3",0.0203401631482945,0.0468823729713533,0.664393565359324,-0.071547599385332,0.112227925681921,7,0,0,0.895669332446416
"5463","Lamp5","CASP7",0.517864898385832,0.175572546881549,0.00318208375298031,0.173749029824025,0.861980766947639,7,0.110457903395554,57.3561944006965,0.0946630338355512
"5464","Lamp5","SMG5",0.00844225077191387,0.0372617840899284,0.820761287162278,-0.0645895040440534,0.0814740055878812,7,0,0,0.952018241840247
"5465","Lamp5","SCAMP4",-0.054086698448459,0.0523316402500313,0.301352557574066,-0.156654828590427,0.0484814316935089,7,0,0,0.691059489171285
"5466","Lamp5","SETD4",-0.0505315573667943,0.0412554682963613,0.220633596208026,-0.131390789392997,0.0303276746594079,7,0.00109588027217233,8.6788084982999,0.611343182820153
"5467","Lamp5","PCSK7",-0.0521617546251215,0.0339159492065014,0.124055645732904,-0.118635793571354,0.014312284321111,7,5.44538441696413e-06,0.0579286987434816,0.486420153219607
"5468","Lamp5","CRKL",0.0650992092736893,0.0412006035410245,0.114094329043273,-0.0156524898080321,0.145850908355411,7,0.0014314908140521,11.4476046978397,0.469877796733769
"5469","Lamp5","RGPD8",0.0034845327736525,0.0532187917543188,0.947795326252917,-0.10082238236555,0.107791447912855,7,0,0,0.98932393354793
"5470","Lamp5","MRPL17",0.052195531767611,0.0893673915884229,0.559182858348298,-0.122961337137986,0.227352400673208,6,0.00264199454662886,5.12056425657412,0.850674250152825
"5471","Lamp5","NSMCE1-DT",-0.0040173723663436,0.0836427632594929,0.961692234106898,-0.16795417592236,0.159919431189673,5,0,0,0.994111628289774
"5472","Lamp5","SMAD9",0.207795430257711,0.0513756856279925,5.24067331280667e-05,0.107100936745794,0.308489923769628,7,4.60437320242432e-06,0.0217344951067648,0.0149221933685369
"5473","Lamp5","RND3",-0.364730458922232,0.104864158817051,0.000504937875022463,-0.570260433472741,-0.159200484371723,6,0.00248261360121032,3.33110282278292,0.0450319855681809
"5474","Lamp5","LINC01829",-0.00865835060429177,0.0775483251715126,0.911100106560251,-0.160650275001857,0.143333573793274,5,0.000862304751726682,2.58809189862318,0.980315717741495
"5475","Lamp5","FRMD8",-0.0922427977916137,0.0647902796004535,0.154529414966963,-0.219229412356783,0.0347438167735552,7,0,0,0.536144749822304
"5476","Lamp5","LPAR6",0.0636647411541181,0.103646979729768,0.539052790217765,-0.13947960622258,0.266809088530816,5,0.00235799266098294,3.82347357503858,0.839382175581193
"5477","Lamp5","AFAP1L2",0.131971357938619,0.0679077557181649,0.0519688687101705,-0.00112539753992819,0.265068113417166,6,0,0,0.340651666887092
"5478","Lamp5","BCL2L2",-0.0458069491414725,0.0684077864319587,0.503102604137015,-0.179883746810219,0.0882698485272744,5,2.03238261852217e-06,0.00701052076682883,0.822278216591144
"5479","Lamp5","ZNF853",-0.0340442039952724,0.0780371529056981,0.662650743151627,-0.186994213146486,0.118905805155941,6,0.00329246492999271,8.65116383534146,0.894564492963365
"5480","Lamp5","TCEAL1",-0.0445386584605686,0.0703303517649961,0.526552173395313,-0.182383614939994,0.0933062980188568,7,0.00935870825667475,29.1807506752698,0.83424933613389
"5481","Lamp5","KCTD21-AS1",-0.100811473119613,0.0987950778816807,0.307534112232775,-0.294446267617537,0.0928233213783109,6,0,0,0.6957260731822
"5482","Lamp5","DNAI1",0.238278044705436,0.09958482969414,0.016724258870627,0.0430953650983663,0.433460724312505,5,0,0,0.20683082919734
"5483","Lamp5","RAP2C-AS1",0.06239538198497,0.067515987079331,0.355404503411114,-0.0699335210711902,0.19472428504113,7,0,0,0.732176133728425
"5484","Lamp5","MYADM",-0.14067759305579,0.0702726818324901,0.0452974604308511,-0.278409518544513,-0.00294566756706763,7,1.06343375141036e-06,0.00264997514458059,0.320160951118528
"5485","Lamp5","ETV3",-0.0292263033861535,0.0623875976024733,0.639453269517577,-0.151503747768979,0.0930511409966716,7,0.00173259520447332,5.91153284064192,0.885607602797997
"5486","Lamp5","CRIP2",-0.0579457695630646,0.0891592031221046,0.51574809881519,-0.232694596572681,0.116803057446552,5,0,0,0.827662318727855
"5487","Lamp5","EFCAB6",-0.0494495058228391,0.0690755724363521,0.474068264720803,-0.184835140009577,0.0859361283638986,7,0.0174769571200673,58.7901433857713,0.80682334277559
"5488","Lamp5","MAPK13",0.0380618707713825,0.0623661111287665,0.541664868843788,-0.0841734608968224,0.160297202439587,6,0,0,0.84090599831901
"5489","Lamp5","ADGRG6",-0.00379672990831274,0.214411791188818,0.985872074238227,-0.424036118499118,0.416442658682492,5,0.0899357730001413,42.1092803787396,0.997296915565468
"5490","Lamp5","ARHGAP6",0.0803809063330287,0.0847366107473065,0.342825547814815,-0.0856997989036818,0.246461611569739,7,0.000559094898585973,0.94771792882441,0.72433889877292
"5491","Lamp5","CNTN2",-0.109090858435458,0.057026719022725,0.0557508699800387,-0.220861173876484,0.002679457005568,7,0,0,0.349772367716056
"5492","Lamp5","C1QL2",0.242836137476662,0.177125434636768,0.170379942750954,-0.104323335157408,0.589995610110731,7,0.144416856799876,72.6603934973334,0.560606619400933
"5493","Lamp5","PKD1L3",0.0384339699261205,0.0833901404681179,0.644875047936395,-0.125007702057127,0.201875641909368,6,0,0,0.886929185222919
"5494","Lamp5","EPHX1",0.0227952055768565,0.0762350162350368,0.764930680318273,-0.126622680604642,0.172213091758355,7,0,0,0.929871259341206
"5495","Lamp5","SOCS6",0.0189218870319556,0.0552144889942497,0.731825775370479,-0.0892965228215569,0.127140296885468,7,0.00522063198006866,26.0482289393509,0.919666801398003
"5496","Lamp5","ALG10",0.0877545605564839,0.0926674005083349,0.343646849823885,-0.0938702069808011,0.269379328093769,6,0.00276671522430301,5.01367837050086,0.72433889877292
"5497","Lamp5","ZBED5-AS1",0.143785450683927,0.0778088431403209,0.0646121814003499,-0.00871707954982873,0.296287980917682,6,0,0,0.371880205906429
"5498","Lamp5","ASH1L-AS1",-0.0881225994760696,0.15644032323653,0.573231639119213,-0.394739998749473,0.218494799797333,5,0.0633977857734198,56.4940543027101,0.856052469288915
"5499","Lamp5","MYO5C",-0.0578233853882051,0.0809374285286107,0.474966991408795,-0.216457830305567,0.100811059529157,5,0,0,0.807639734147275
"5500","Lamp5","CBLC",-0.0770817106948911,0.104635915518818,0.46132554979635,-0.28216433660115,0.128000915211368,7,0.0117051068984161,15.2047210775102,0.799485491699775
"5501","Lamp5","FN3K",-0.0318428059500888,0.0803281498068856,0.691803287201025,-0.189283086516323,0.125597474616145,7,0.0148607474420441,37.6693484874058,0.905095355535027
"5502","Lamp5","WDR12",-0.0409153635930163,0.0442688468367571,0.35535755722035,-0.12768070903018,0.0458499818441475,7,0,0,0.732176133728425
"5503","Lamp5","SMAD1",0.129425507252466,0.0606634361521992,0.0328836422019151,0.01052735721571,0.248323657289221,7,0.00712485783537397,29.2335287497356,0.282511118601079
"5504","Lamp5","CENPI",0.35965528077919,0.160998312800886,0.0254891835589124,0.0441043861177396,0.675206175440641,5,0.053451259011749,44.8281609202691,0.250751745090418
"5505","Lamp5","ZNF738",-0.0792435787303223,0.10284015477656,0.440973145585992,-0.280806578256904,0.12231942079626,7,0.0248200578137232,38.0109919795471,0.788634342464914
"5506","Lamp5","NCKAP5-AS2",-0.184308500546374,0.108600096241818,0.0896720521282432,-0.397160777897921,0.0285437768051731,5,0.00226751755599564,3.37150794216607,0.428269996566158
"5507","Lamp5","RNF212B",0.0243708655536048,0.11416842580931,0.830964951697613,-0.199395137204276,0.248136868311485,5,0.00220144213343131,2.81528380813088,0.9557195814756
"5508","Lamp5","ASB16-AS1",-0.0563208433190602,0.0701435942681474,0.422011510157323,-0.193799761830819,0.0811580751926989,6,0,0,0.776339973084618
"5509","Lamp5","SLC22A14",-0.0788801096986284,0.0577165663419551,0.171725451137692,-0.192002501040177,0.0342422816429203,7,0,0,0.56276410520658
"5510","Lamp5","PBXIP1",-0.0923579928478955,0.123973993687269,0.456284556505701,-0.335342555494539,0.150626569798748,5,0.0284044355590089,38.5391127557751,0.797297926833968
"5511","Lamp5","ALMS1",0.0258863005210451,0.0285915295827963,0.365262228055772,-0.0301520677241471,0.0819246687662373,7,0,0,0.737993677404189
"5512","Lamp5","TPP1",0.0745615202463303,0.0662154549674866,0.26014686702298,-0.0552183867098772,0.204341427202538,7,2.17577878207536e-06,0.00629354156797982,0.651489759092311
"5513","Lamp5","WRAP73",-0.0743838046925265,0.062545876129902,0.234334250550018,-0.196971469288638,0.0482038599035849,6,0,0,0.62469979989471
"5514","Lamp5","ZBTB45",-0.109791047293092,0.0826789007163571,0.184204211331079,-0.271838714978515,0.0522566203923308,5,0,0,0.576523989350531
"5515","Lamp5","CCNY",0.012358111176035,0.0251621455829779,0.62332813490085,-0.0369587879403552,0.0616750102924252,7,0,0,0.878925236249187
"5516","Lamp5","CCNA2",0.113269011635543,0.0895136724400299,0.205734337366034,-0.0621745624708308,0.288712585741918,6,2.48706601348091e-07,0.000445804437030263,0.59469941911079
"5517","Lamp5","PPP1CC",-0.0084855566516795,0.0622575812085872,0.891586049657273,-0.130508173585088,0.113537060281729,7,0.00869756813038361,37.3202423376574,0.975663358386813
"5518","Lamp5","BORA",0.0877081088398792,0.0805798789492764,0.276391353176163,-0.0702255517792997,0.245641769459058,6,0,0,0.666672890809546
"5519","Lamp5","CTNNBL1",0.0331996271111288,0.0313248730414367,0.289213420591836,-0.0281959958703768,0.0945952500926344,7,0.000480370728773648,6.48604445604363,0.679242595612287
"5520","Lamp5","ENOX1",-0.0155756353945818,0.0381508698387258,0.683079699306089,-0.0903499662573599,0.0591986954681962,7,0,0,0.902529462625427
"5521","Lamp5","ZNF233",-0.00847503119201004,0.0708568788549026,0.904793887567302,-0.147351961804537,0.130401899420517,6,0,0,0.978961685897185
"5522","Lamp5","CWC25",-0.0763148841728274,0.0498309124996185,0.125651607068031,-0.173981677988846,0.0213519096431916,7,0,0,0.487879080820319
"5523","Lamp5","HSCB",-0.00773751107507077,0.0510606833875431,0.879553233709997,-0.107814611540658,0.0923395893905162,6,0,0,0.971323130524652
"5524","Lamp5","CROT",-0.0246929080448099,0.0523978533681662,0.637456498238563,-0.127390813513626,0.0780049974240066,6,6.1076182759314e-06,0.0307419803976949,0.884899791820756
"5525","Lamp5","RRM1",-0.0338539457336731,0.0426613133665475,0.427456624262322,-0.117468583465283,0.0497606919979373,7,7.31484850181256e-06,0.04976994080507,0.779974636794798
"5526","Lamp5","TGFA",0.0124513658681595,0.0752505247286879,0.868577600747019,-0.135036952417809,0.159939684154129,6,0,0,0.967580297891175
"5527","Lamp5","RPL26L1",-0.114785039768189,0.0918167320244442,0.211243356652328,-0.294742527714265,0.0651724481778875,7,0.0115923092980125,20.2178839374179,0.601592358469601
"5528","Lamp5","HSF1",0.0175310030711664,0.0384459920848876,0.6483968860114,-0.0578217567651252,0.092883762907458,7,0,0,0.888623464010692
"5529","Lamp5","ZDHHC1",-0.0940728160357089,0.0554966812021425,0.0900551134512416,-0.202844312453409,0.0146986803819914,7,0,0,0.429242368179912
"5530","Lamp5","WNT10B",-0.103354166409659,0.0800909303670893,0.196890885666016,-0.260329505417459,0.0536211725981415,7,0,0,0.589243769189161
"5531","Lamp5","EPHA3",0.00574365790913141,0.0536205677883864,0.914696404101687,-0.0993507237866944,0.110838039604957,7,1.05254109965451e-07,0.000482307064545226,0.980734315041589
"5532","Lamp5","SURF2",-0.153862295409458,0.092688396526986,0.0969154136541684,-0.335528214387118,0.0278036235682022,5,0,0,0.442582580268228
"5533","Lamp5","COLGALT1",-0.0693500718056091,0.0525985490912744,0.187343417826305,-0.172441333663569,0.0337411900523506,7,0.00107158901562022,5.01499303391412,0.579974096242501
"5534","Lamp5","MRPL32",-0.0217832178620484,0.053134335082308,0.68183161995973,-0.125924600965855,0.0823581652417584,6,0,0,0.902493009750792
"5535","Lamp5","TULP3",0.181141933144117,0.0530792633167531,0.000643301292738642,0.0771084887173624,0.285175377570871,7,3.27805119784913e-07,0.00142857901243863,0.0479117529949025
"5536","Lamp5","SMUG1",-0.0393296311096352,0.0597132770770009,0.510126128243625,-0.156365503579418,0.0777062413601477,7,0,0,0.824565023970019
"5537","Lamp5","TBL1Y",-0.0868900137444105,0.187242853361902,0.642612047090142,-0.453879262696253,0.280099235207432,5,0.120842630113604,75.8088770888564,0.886703736972112
"5538","Lamp5","FAM161B",-0.0159146629277659,0.0745566017170047,0.830970165413771,-0.162042917102792,0.130213591247261,6,0,0,0.9557195814756
"5539","Lamp5","TXNDC17",0.0180640385637314,0.0914169014667848,0.84335753123055,-0.161109795889414,0.197237873016876,5,0,0,0.95917381987505
"5540","Lamp5","PTPRO",0.0636166505553363,0.0363730659534832,0.0802902675814759,-0.00767324872079078,0.134906549831463,7,0.000375318561529056,3.72039232704338,0.408244604594758
"5541","Lamp5","ADAP2",-0.0603891355553635,0.0758106997314864,0.425696158722147,-0.208975376671857,0.0881971055611301,7,0,0,0.778374496725226
"5542","Lamp5","CRYBG3",-0.0125032020395013,0.118150744254578,0.915721875736045,-0.244074405525077,0.219068001446074,6,0.0393762302412565,56.3318895854996,0.980734315041589
"5543","Lamp5","MKNK1",-0.0228127566917114,0.0322895999909414,0.47987428207957,-0.0860992097491615,0.0404736963657387,7,4.20295608709205e-06,0.0514006916316087,0.810567307823387
"5544","Lamp5","KLF11",0.345721154803773,0.132671451145008,0.00916480916867806,0.0856898887828911,0.605752420824655,6,0.0484314738021764,52.0726311722101,0.158155776115759
"5545","Lamp5","OGN",-0.122900696365197,0.241153168082194,0.610305450752592,-0.595552220564031,0.349750827833636,7,0.240105616834386,69.4783428691195,0.873610924256193
"5546","Lamp5","TIGD7",-0.075966158128668,0.0663910013698397,0.252530871130646,-0.206090129711103,0.0541578134537672,7,0.00863666958433476,30.6985239003401,0.642693485390806
"5547","Lamp5","SPESP1",0.014276198142889,0.0416425248717582,0.731728318545492,-0.0673416508310704,0.0958940471168485,7,1.24915609099031e-07,0.00087132596130093,0.919666801398003
"5548","Lamp5","CFAP74",-0.30167788354693,0.0762710348187738,7.64258465336e-05,-0.451166364855327,-0.152189402238532,7,0,0,0.0186191998196261
"5549","Lamp5","GTPBP8",0.0644281266603247,0.0447047116275453,0.149530107328568,-0.023191498068913,0.152047751389562,7,0,0,0.528593128448816
"5550","Lamp5","PXK",-0.00255154637314932,0.0282085110661562,0.927927187219324,-0.057839212120315,0.0527361193740164,7,0.000264058258850273,4.28922316022484,0.983884112435921
"5551","Lamp5","DHX33",-0.030503933172366,0.0515333139736482,0.553899820608727,-0.131507372564711,0.0704995062199793,7,0.000118365860334675,0.529942748848806,0.847937526198127
"5552","Lamp5","MPZ",-0.101100410838346,0.0845929771101701,0.232032519973653,-0.2668995993193,0.0646987776426086,5,0,0,0.623287714816918
"5553","Lamp5","TUSC2",-0.0459937569236821,0.0596011392094957,0.440296526083141,-0.162809843211852,0.0708223293644876,6,0,0,0.788146021283863
"5554","Lamp5","SPDYE1",-0.136987500659941,0.117642222031955,0.244245085520295,-0.367562018903838,0.0935870175839552,7,0.0235470326028232,26.3396025442243,0.636382241124551
"5555","Lamp5","POLR2J",0.0429759457885464,0.0786576014296658,0.584813444081188,-0.111190120123905,0.197142011700998,6,0,0,0.85971530150792
"5556","Lamp5","GON7",-0.033568607913414,0.11601551381751,0.772316725851373,-0.260954836643643,0.193817620816815,6,0.0345624543082403,49.285832574538,0.933320101501271
"5557","Lamp5","HSD17B14",0.00730889696517975,0.0681585587740667,0.914603551482286,-0.126279423470147,0.140897217400507,7,0,0,0.980734315041589
"5558","Lamp5","HCG27",-0.0644593955920939,0.0769277227326712,0.402074772632183,-0.215234961560813,0.0863161703766248,7,0,0,0.764575004914656
"5559","Lamp5","MYL6",-0.0951395637728717,0.0564219596671178,0.0917543648835439,-0.205724572657594,0.0154454451118507,7,0,0,0.433122795662623
"5560","Lamp5","ZNF460-AS1",0.0623396628940738,0.0668548370882727,0.35109729237277,-0.0686934099912334,0.193372735779381,5,0.00319890414540456,13.4694868436575,0.72969127366908
"5561","Lamp5","PDZD11",0.0436903472425568,0.0993648882815595,0.660157275815457,-0.151061255117146,0.238441949602259,5,0,0,0.893414587639381
"5562","Lamp5","PSMG3-AS1",-0.157675167227733,0.0572152667900114,0.00585446089396652,-0.269815029502006,-0.0455353049534604,7,2.36152560877484e-06,0.00896159174383276,0.129654625612862
"5563","Lamp5","TCTN2",-0.00388187423552507,0.0443029853361976,0.930177868493053,-0.0907141299020786,0.0829503814310284,7,0,0,0.984877831080086
"5564","Lamp5","PNPLA3",0.10273605457109,0.0983514242012485,0.296216544745455,-0.0900291946915778,0.295501303833758,6,0,0,0.686522026862578
"5565","Lamp5","PROX1",0.100768444940123,0.0515798402624425,0.0507437933011401,-0.000326184302593444,0.201863074182839,7,0.0071975468878136,44.8354556915959,0.337136124493519
"5566","Lamp5","HAUS6",0.0378243644433498,0.0498051506068899,0.447585300498598,-0.0597919369907476,0.135440665877447,7,0.00292127593672802,16.810878990662,0.791522553099468
"5567","Lamp5","STAC3",0.0224185859276342,0.148568862039572,0.880057018268217,-0.268771032894027,0.313608204749295,7,0.0810008963741711,61.4250889988107,0.971352273324376
"5568","Lamp5","TMEM177",-0.0836182485759532,0.0848371774813709,0.324313661704054,-0.249896060989473,0.0826595638375662,6,0.00801272275329793,18.3846006594748,0.708007864242202
"5569","Lamp5","WWC1",-0.0677892792713903,0.0413606723846129,0.101217604057768,-0.148854707521592,0.0132761489788114,7,0,0,0.450734624382296
"5570","Lamp5","CBY1",-0.0821898816168076,0.0453788356626146,0.070110803685346,-0.171130765175894,0.00675100194227884,7,0,0,0.385142444314677
"5571","Lamp5","PAX8-AS1",-0.0622654875884783,0.194379188770857,0.748718175626574,-0.44324169692347,0.318710721746513,5,0.0421808833211199,22.1195047622406,0.925194087086923
"5572","Lamp5","PTCHD1",0.0902846571136581,0.109455946204282,0.409457171516225,-0.124245055340488,0.304814369567805,6,0.0125143328168281,17.243835678923,0.770066858703021
"5573","Lamp5","LAT2",-0.00227481945046866,0.0803802352172586,0.977422297225029,-0.159817185545154,0.155267546644216,6,2.86019498095621e-08,6.07930061444655e-05,0.997093441046833
"5574","Lamp5","RPS21",-0.0966663302522484,0.0805506704433721,0.230112699482231,-0.254542743251813,0.0612100827473158,5,0,0,0.621816209052182
"5575","Lamp5","LINC00499",0.0722210771091995,0.102260955832755,0.480037077057018,-0.128206713347642,0.272648867566041,5,0,0,0.810727779201366
"5576","Lamp5","SAC3D1",-0.0937017990142621,0.0846605372093639,0.268382878333691,-0.259633402856428,0.0722298048279042,6,0,0,0.657837844228861
"5577","Lamp5","MIR22HG",-0.280119874040825,0.099833798474324,0.00501821591562363,-0.47579052349033,-0.0844492245913201,6,0,0,0.120507719146472
"5578","Lamp5","OTUD4",0.0143944589140221,0.0315927640939828,0.64865953111178,-0.0475262208822543,0.0763151387102985,7,0,0,0.888683621556396
"5579","Lamp5","LZTR1",0.00137655342525785,0.0572360028857463,0.980812341967111,-0.110803950849835,0.113557057700351,7,0,0,0.997097308652136
"5580","Lamp5","GSDMB",0.0962505555314938,0.0979108319445343,0.325586288137597,-0.0956511487761471,0.288152259839135,7,0.0272627038658763,47.4085113444247,0.708716130294416
"5581","Lamp5","TRMT6",-0.0471838062429165,0.0597783269832295,0.429929133033313,-0.164347174186105,0.0699795617002721,7,0,0,0.781980608660896
"5582","Lamp5","PRUNE1",0.0487224637643158,0.0417631361964569,0.243356570494689,-0.0331317790621807,0.130576706590812,7,1.55518162133314e-07,0.00110069986307668,0.635853446918502
"5583","Lamp5","CLASP2",0.0668240046565644,0.0293948072094,0.0230064903029753,0.00921124119364199,0.124436768119487,7,0.00178223338647059,32.3226419095394,0.23960053795929
"5584","Lamp5","SLC6A11",0.0429924487278509,0.0598878062157385,0.472829320137258,-0.0743854945681106,0.160370392023812,7,0.00928499789104651,44.1962716769973,0.806067831720807
"5585","Lamp5","CASP9",-0.00727410941211707,0.0710497274687514,0.918454629921824,-0.146529016362256,0.131980797538022,6,0.0141805473292454,54.5027007919129,0.98216078937391
"5586","Lamp5","SPTLC1",-0.0191055066291681,0.02881871081982,0.507359415055129,-0.07558914191689,0.0373781286585539,7,8.57659432513715e-07,0.0127332589142957,0.823367984162085
"5587","Lamp5","DMTN",-0.0770541688959746,0.0397974602147316,0.0528483590975894,-0.155055757593014,0.000947419801065039,7,0.00181528134505184,16.4692560143688,0.341371320161645
"5588","Lamp5","DMPK",-0.108675502503737,0.0472054858260141,0.0213250506612866,-0.201196554595441,-0.0161544504120338,6,0,0,0.23163149941719
"5589","Lamp5","ACVR2A",0.136599212950931,0.0355066736559917,0.000119503748214289,0.0670074113743699,0.206191014527492,7,1.01045141086276e-07,0.00101469199742703,0.0226856243167888
"5590","Lamp5","ARHGAP10",0.108786430674495,0.0549244990551514,0.0476300847694929,0.00113639065749428,0.216436470691496,7,1.64248801596277e-06,0.00675815883882123,0.326856584927945
"5591","Lamp5","CT69",-0.0659863509826463,0.169940335100771,0.697800486355289,-0.399063287300826,0.267090585335534,5,0.0662849065017874,51.6715433780612,0.906391554342484
"5592","Lamp5","PHF5A",-0.000664953827796754,0.0671124173123433,0.99209464159592,-0.132202874675412,0.130872967019819,6,0,0,0.998654866216999
"5593","Lamp5","SAMD10",-0.089090534067936,0.0877072453040149,0.309738134932883,-0.260993576047025,0.0828125079111529,5,0,0,0.696879927838551
"5594","Lamp5","MYO1C",0.0228834028510008,0.086384991047465,0.791086331367655,-0.146428068406846,0.192194874108847,6,0.00563977449383798,12.146041417988,0.940324166268341
"5595","Lamp5","USP21",0.0853092535186369,0.0640689875858994,0.183017377571236,-0.0402636546756698,0.210882161712944,7,0,0,0.575602130380935
"5596","Lamp5","FBXO46",0.016429274567337,0.0578349435529709,0.776355383288779,-0.0969251318443929,0.129783680979067,7,0.000943353023024467,3.63975941204393,0.934667464550597
"5597","Lamp5","LINC01586",-0.184101654935481,0.122501885678039,0.132878368985918,-0.424200938902681,0.0559976290317185,5,0.0174134843589065,23.1915262624171,0.502559270936938
"5598","Lamp5","ERICH3",-0.0147184167621282,0.0329052943782164,0.654661130749675,-0.0792116086441207,0.0497747751198642,7,0,0,0.891493106653993
"5599","Lamp5","TCEAL9",0.0509802350530506,0.11652905861708,0.661756417506853,-0.177412522988783,0.279372993094884,7,0.0383900797536643,46.0221055095118,0.893958447780717
"5600","Lamp5","FIGNL1",-0.0632452639538023,0.0936481399889979,0.499453474292605,-0.246792245551403,0.120301717643799,6,0.0160675537555905,31.9698901437583,0.821123581285857
"5601","Lamp5","DNAJC9-AS1",0.0420484858296321,0.127392442716546,0.741346701348508,-0.207636113797379,0.291733085456644,5,0.0145028170291521,16.9716023992339,0.923036460325539
"5602","Lamp5","SEMA6C",-0.180101252532026,0.0767705669780634,0.0189777638800263,-0.33056879888175,-0.0296337061823019,7,0.0210889278662998,62.9367969886865,0.221289061903575
"5603","Lamp5","FAM76B",-0.0204799292147165,0.0378444585555559,0.588396904280489,-0.0946537049980248,0.0536938465685918,7,0,0,0.861277671761366
"5604","Lamp5","APOL6",0.0358605990109057,0.0848059816657396,0.672401352296929,-0.130356070727508,0.202077268749319,7,0,0,0.899137394744571
"5605","Lamp5","MKNK2",0.0746248081265711,0.0741385789591484,0.31414704233922,-0.0706841364983387,0.219933752751481,6,4.00017164237708e-07,0.00107158082172349,0.699215425150703
"5606","Lamp5","TACC1",0.0524827076503998,0.0404456713658727,0.194421383866084,-0.0267893515572537,0.131754766858053,7,0.00411744525526705,41.0900082993521,0.587583280058094
"5607","Lamp5","NYNRIN",0.0607303977810489,0.0770138053430847,0.430366245729794,-0.0902138870037755,0.211674682565873,6,0.0024828805947293,6.29735466996794,0.782197070656728
"5608","Lamp5","NLRP1",-0.165887586713211,0.102581047704717,0.10584875591962,-0.366942745710841,0.0351675722844202,6,0.018172453952976,29.5763989090562,0.459456479186204
"5609","Lamp5","LRP12",0.00171312724677115,0.0361613439286682,0.962214715686756,-0.0691618044859847,0.072588058979527,7,2.26242720848974e-06,0.0222191975604428,0.994163912108515
"5610","Lamp5","LINC01250",-0.0128963314935065,0.0433488908645692,0.766084165933397,-0.0978585963578196,0.0720659333708066,7,3.6080616020503e-06,0.0247940922350492,0.930489593784023
"5611","Lamp5","CDC37",-0.0701476779361391,0.041689083362514,0.0924449951914682,-0.151856779875155,0.0115614240028764,7,0,0,0.434571421971214
"5612","Lamp5","GRB14",-0.077656889006043,0.0966747519304997,0.421812949314824,-0.267135921004166,0.111822142992081,6,0,0,0.776309796992303
"5613","Lamp5","CHST15",-0.0410334071153439,0.122199531434588,0.737029068359219,-0.280540087654806,0.198473273424118,6,0.0263618619412473,30.7705147601158,0.921463278270996
"5614","Lamp5","CASP2",0.0474977566580717,0.0636057983612365,0.455213279195063,-0.0771673173378686,0.172162830654012,7,0,0,0.796305590023421
"5615","Lamp5","PTPRZ1",-0.0852453754314482,0.0905742462171511,0.346619942128091,-0.262767635943928,0.0922768850810312,5,0,0,0.727134052964415
"5616","Lamp5","UTRN",-0.0216741729804166,0.0433312007058364,0.616935779414469,-0.106601765770732,0.0632534198098993,7,3.36069895168622e-07,0.00231973777325615,0.876537990474976
"5617","Lamp5","ESS2",-0.177924753443131,0.0818110970106115,0.0296432930273638,-0.338271557119642,-0.01757794976662,5,0,0,0.267881966072042
"5618","Lamp5","CEP19",0.109585856512246,0.0709948808879565,0.122691553235743,-0.0295615531148598,0.248733266139352,7,0,0,0.484087194043631
"5619","Lamp5","PDE6B",-0.0471024461446149,0.111914505267069,0.673843563957351,-0.266450845815688,0.172245953526459,7,0.030867916793127,39.3095405653837,0.899586423461259
"5620","Lamp5","TMEM54",0.0899321803476124,0.0892579175970813,0.313668576160899,-0.0850101234777109,0.264874484172936,6,0,0,0.698925605264866
"5621","Lamp5","FZD6",-0.00188962129289262,0.081371813150877,0.981473140392453,-0.161375444425334,0.157596201839549,7,0,0,0.997296915565468
"5622","Lamp5","HS3ST2",-0.152566325641095,0.123458300111801,0.216543279889999,-0.394540147452763,0.0894074961705726,6,0.0176953302799517,19.4162625626485,0.607283648398929
"5623","Lamp5","THEM4",0.0394000060639349,0.0623724151708698,0.527589724366724,-0.0828476812997495,0.161647693427619,6,0,0,0.834549292064255
"5624","Lamp5","TWF1",0.00332212760893454,0.0476066483435035,0.944366497471209,-0.0899851885689958,0.0966294437868649,7,0,0,0.988246319851084
"5625","Lamp5","CTSS",-0.10259718351528,0.0711500458245508,0.149307062463409,-0.242048710829774,0.0368543437992141,7,0,0,0.528429464338536
"5626","Lamp5","APLF",-0.0501150745235021,0.0877517891530364,0.567931644340352,-0.222105420842406,0.121875271795402,6,0,0,0.853511583813389
"5627","Lamp5","KCNG3",-0.0112203831202776,0.103404852568345,0.913591742467695,-0.213890169980908,0.191449403740353,5,0.0160872251895711,30.8904028198041,0.980734315041589
"5628","Lamp5","RPS6KA4",-0.0842319236862666,0.0758901404138173,0.267033847503932,-0.232973865679036,0.064510018306503,6,0,0,0.656145013827722
"5629","Lamp5","PEX11A",-0.0850403350010196,0.0930406942431949,0.360710404870251,-0.267396744814285,0.0973160748122454,6,0.0138528011272138,27.9212449344282,0.735582667233352
"5630","Lamp5","SNHG1",0.00709724967258223,0.0730402299602884,0.922592147148747,-0.136058970472106,0.150253469817271,5,2.71756056006678e-06,0.00852191062546821,0.982375103729229
"5631","Lamp5","CATSPERB",0.00154693052606836,0.085588291814794,0.985579747416326,-0.166203038929232,0.169296899981369,5,0,0,0.997296915565468
"5632","Lamp5","DUSP18",0.0652731202146999,0.071422003719129,0.36076533946335,-0.0747114347784788,0.205257675207879,6,3.2375037146427e-06,0.00926805481674101,0.735582667233352
"5633","Lamp5","ZNF142",-0.0764140099908063,0.0525378415001618,0.145819759328782,-0.179386287156597,0.0265582671749846,7,0.00220239288190525,10.9473574173966,0.522269692067356
"5634","Lamp5","MKS1",-0.0156264302350313,0.0777228774072279,0.84065700567757,-0.16796047072802,0.136707610257957,6,0,0,0.95838104203032
"5635","Lamp5","LINC00265",0.0405115490948847,0.170936431433414,0.812658538267762,-0.294517700160407,0.375540798350177,5,0.087643342473053,64.8432200525244,0.948815753829332
"5636","Lamp5","TNFAIP8L1",0.107021559315422,0.063435922904013,0.0915877201384852,-0.017310564902503,0.231353683533347,7,0,0,0.432608566595257
"5637","Lamp5","ZNF561-AS1",-0.0110391714832341,0.0659574818815364,0.867080506407715,-0.140313460481998,0.11823511751553,5,0.00374326341783589,16.6113333619539,0.967279253523521
"5638","Lamp5","PLXNA3",-0.126359560908131,0.068125046404125,0.0636222236935157,-0.259882198305336,0.00716307648907422,7,0.0038356685259812,11.4645473243844,0.369887298566239
"5639","Lamp5","MKLN1-AS",0.0733159234429236,0.0827985638906983,0.375901375841093,-0.0889662797544837,0.235598126640331,5,0,0,0.746832307052066
"5640","Lamp5","COX7A1",-0.197451241924763,0.108593806899886,0.0690251537616391,-0.410291192392637,0.0153887085431108,5,0,0,0.381859308516838
"5641","Lamp5","MVK",0.0447913638496012,0.0746756405244928,0.548631369399597,-0.101570202100864,0.191152929800067,7,0,0,0.844764971297428
"5642","Lamp5","LRRC23",-0.0183301313767409,0.0424730917196806,0.666053638044958,-0.101575861459381,0.0649155987058995,7,2.78520785584125e-06,0.0194231562648847,0.89627405464491
"5643","Lamp5","CCDC85C",0.0533027821096381,0.0485183520180707,0.271937895612578,-0.0417914404350166,0.148397004654293,7,1.07405513375831e-06,0.00550797553979039,0.661223251865873
"5644","Lamp5","FAM133A",-0.0236049134093244,0.0548598642437482,0.666994479329503,-0.131128271523828,0.0839184447051787,7,0,0,0.896850346109909
"5645","Lamp5","GPD1L",0.0126135232702501,0.0370553487518113,0.733557705192888,-0.0600136257178714,0.0852406722583715,7,0.000413829622420962,3.92297431229224,0.920044423350121
"5646","Lamp5","LINC00578",-0.0307337352747704,0.0790667200129296,0.697493392572703,-0.185701658875825,0.124234188326284,7,4.2836093122432e-07,0.000820073143224066,0.906391554342484
"5647","Lamp5","RIOK1",-0.0441939662095671,0.0475679137588468,0.352852324941666,-0.137425363996614,0.0490374315774799,7,0,0,0.730623184965952
"5648","Lamp5","C19orf44",-0.0243854454868218,0.0541054706297652,0.652204318548696,-0.130430219287751,0.0816593283141076,7,0,0,0.890174782643672
"5649","Lamp5","SLC38A6",0.0651851828226794,0.0415756798520236,0.116911914226273,-0.0163016523200544,0.146672017965413,7,0.00257300439551438,22.1856937953672,0.473561011652999
"5650","Lamp5","TIGD1",-0.0746871604884761,0.073407379246793,0.308947034049259,-0.218562980011663,0.0691886590347111,6,0,0,0.696879927838551
"5651","Lamp5","RPL35",-0.0570080432656244,0.0620696102331725,0.358381555829956,-0.178662243857081,0.0646461573258326,7,1.54287198143387e-06,0.00494606300527942,0.734341772748556
"5652","Lamp5","NSUN5",-0.0343429548549429,0.0727811649991955,0.63702246089409,-0.176991417006233,0.108305507296347,7,0,0,0.884899791820756
"5653","Lamp5","SLC25A43",-0.077729364637484,0.0598558892658334,0.194078330548332,-0.195044751861135,0.0395860225861671,6,0.00421222890251033,19.639094991034,0.587583280058094
"5654","Lamp5","UBE2T",0.0683861103279093,0.0782923375317787,0.382406239513112,-0.0850640514998305,0.221836272155649,6,0,0,0.752417936547764
"5655","Lamp5","C21orf58",-0.152770586555453,0.0749867104247695,0.041619772276635,-0.299741838307135,-0.00579933480377026,7,0.000128941447808935,0.272150943851765,0.31056698860774
"5656","Lamp5","TBC1D13",-0.0840247988812481,0.0439873558780984,0.0561070233520344,-0.170238432177467,0.00218883441497104,7,0,0,0.350034493553454
"5657","Lamp5","RNF187",0.033795000100223,0.0718478166732845,0.638091264779541,-0.107024132947251,0.174614133147697,7,0.00713470124041228,20.5664832387638,0.885086808739919
"5658","Lamp5","RNF227",-0.0837985771174754,0.0974613679440356,0.389891985156656,-0.274819348171792,0.107222193936841,5,0,0,0.756630141601695
"5659","Lamp5","LINC01114",0.0207754804570963,0.0418991917627399,0.620004181945217,-0.0613454263792112,0.102896387293404,6,1.64141162012159e-07,0.00106278488313491,0.877471007323414
"5660","Lamp5","ZNF805",0.0275620103763523,0.0609725283797837,0.65124030067726,-0.0919419492943701,0.147065970047075,6,0,0,0.889914575420899
"5661","Lamp5","SEC23A",-0.0373884336587733,0.0271726960969905,0.168835262527176,-0.0906459393717268,0.0158690720541801,7,0,0,0.556993352982758
"5662","Lamp5","CEP72",-0.00135966440574698,0.0739978292136072,0.98534018892974,-0.146392744598563,0.143673415787069,7,9.34488185128021e-07,0.00194797466457326,0.997296915565468
"5663","Lamp5","FAM107B",-0.0526852925165295,0.0622850012303522,0.397622775006303,-0.174761651705053,0.0693910666719937,6,1.09185479334227e-08,3.86778127492747e-05,0.762046597163522
"5664","Lamp5","TAOK2",-0.0413399621250788,0.0446025975826168,0.354003901766108,-0.128759447003941,0.0460795227537834,7,0,0,0.731238895037161
"5665","Lamp5","CTSH",-0.0621818008889504,0.0646649426868733,0.336250633668756,-0.188922759617569,0.064559157839668,7,0.00102858150320893,3.09842871824548,0.717386187056061
"5666","Lamp5","ITPKC",0.089354678574087,0.0572771019809393,0.11874998169244,-0.0229063784473818,0.201615735595556,7,0,0,0.475596460502308
"5667","Lamp5","PTGFR",-0.0794284611750224,0.107962641540445,0.461911340045246,-0.291031350270103,0.132174427920058,6,0,0,0.799772804204038
"5668","Lamp5","CNTN6",-0.392164751176624,0.115003416533186,0.00064956457442968,-0.617567305680728,-0.166762196672521,6,0.0233533048422429,30.9661376626714,0.0479117529949025
"5669","Lamp5","DLGAP1-AS3",-0.0338718210858188,0.103949145605533,0.744537905207853,-0.237608402696373,0.169864760524736,5,0.00690348093017899,11.8976435925742,0.923833556845838
"5670","Lamp5","TSSK3",-0.0628209571599266,0.0619163658805235,0.310291823193522,-0.184174804339357,0.058532890019504,6,0,0,0.697252896199047
"5671","Lamp5","MAD2L2",0.00505266764148999,0.0860450708435546,0.953174193425475,-0.163592572259075,0.173697907542054,5,0,0,0.991132091050801
"5672","Lamp5","MRPL28",-0.0147093618074453,0.0689841870058375,0.831149111709471,-0.149915883841663,0.120497160226772,6,6.69318989613626e-06,0.0214839472002911,0.955750977010374
"5673","Lamp5","ZCCHC17",-0.0126513973625617,0.0463752608464262,0.785003209893237,-0.103545238395208,0.0782424436700842,7,0.00553744380883291,41.2689204104419,0.938222405268162
"5674","Lamp5","ZNF689",0.0481534662786896,0.0762386144635241,0.527638364185787,-0.101271472301052,0.197578404858431,5,0,0,0.834549292064255
"5675","Lamp5","SMIM12",0.0397369915009317,0.0373777369317783,0.287727877598815,-0.0335220267089663,0.11299600971083,7,0,0,0.677503269477071
"5676","Lamp5","ZCCHC10",0.0350053128379792,0.0387907398105676,0.366836902507736,-0.0410231401243972,0.111033765800356,7,0,0,0.738840871444988
"5677","Lamp5","MGAM",0.224066787839938,0.111494094239001,0.044465698282538,0.00554237864258106,0.442591197037295,6,0,0,0.317661461028
"5678","Lamp5","SNAI3",0.00773150052861753,0.0869617101953824,0.929155859136762,-0.162710319488342,0.178173320545577,6,0,0,0.984475495651328
"5679","Lamp5","NECAB3",0.0225626461034235,0.0730948846067567,0.757567903199375,-0.120700695179931,0.165825987386778,6,0,0,0.926555528105898
"5680","Lamp5","ZNF710",-0.0441495799628984,0.0418309298331646,0.291229127043741,-0.126136695875723,0.0378375359499263,7,0,0,0.68103424527104
"5681","Lamp5","LYAR",0.00114111366963746,0.0732147092385174,0.98756479226728,-0.142357079576429,0.144639306915703,7,0.00204228676918219,5.05138251246137,0.997613323839068
"5682","Lamp5","TESK2",0.161022664427138,0.111348846169888,0.148146390417532,-0.057217063785932,0.379262392640209,5,0,0,0.526805492887568
"5683","Lamp5","A2M",0.0876015225326499,0.0947716188173585,0.35530754140448,-0.0981474371059313,0.273350482171231,5,0,0,0.732176133728425
"5684","Lamp5","GLT8D1",-0.0556768658061401,0.045729575204087,0.223404823548909,-0.145305186234467,0.0339514546221864,7,4.74568777635216e-06,0.0277892811065629,0.614317188576149
"5685","Lamp5","ATP2C2",-0.0403048464632637,0.095332549812768,0.672454624851195,-0.22715321065066,0.146543517724132,5,0,0,0.899137394744571
"5686","Lamp5","ECM1",-0.0447264086395871,0.0969094446383407,0.644419937664663,-0.234665429892513,0.145212612613339,6,0,0,0.886929185222919
"5687","Lamp5","DPF3",0.0139376350818656,0.0624011848706568,0.823258994523369,-0.108366439857247,0.136241710020979,7,0.00083736285149592,2.76552672481425,0.952672928022565
"5688","Lamp5","LINC02352",-0.0783415252487459,0.0789322246040165,0.320945696695285,-0.233045842692245,0.0763627921947526,5,0,0,0.705938860912067
"5689","Lamp5","SLIT1",0.216774217627502,0.0816131140290545,0.0079045500519652,0.0568154534643941,0.376732981790609,7,0.00920236414718812,20.257123354367,0.148573498737866
"5690","Lamp5","ZNF14",-0.0586068388826574,0.0462760293165041,0.205347677599567,-0.149306189690525,0.0320925119252104,7,7.23702785632851e-06,0.0418925603399388,0.59457486584747
"5691","Lamp5","GNA14",-0.289572257528794,0.259853016271216,0.26512073252658,-0.798874810694478,0.21973029563689,7,0.381481692829232,91.1873007510891,0.654477926053113
"5692","Lamp5","TTC23",-0.0961532707265929,0.0813425416643023,0.237174549135802,-0.255581722799574,0.0632751813463884,6,0,0,0.626960750025431
"5693","Lamp5","C2",-0.0188617674607076,0.0694189476260557,0.785845618608495,-0.154920404652449,0.117196869731034,7,0,0,0.938478904827141
"5694","Lamp5","GEMIN6",0.0589631804569777,0.0840045857419737,0.482738843373762,-0.105682782133498,0.223609143047453,6,0,0,0.811720289507115
"5695","Lamp5","EPHA6",0.00429388596075005,0.0585829375229093,0.941570697306221,-0.110526561692712,0.119114333614212,7,0,0,0.987324146208743
"5696","Lamp5","VEPH1",0.0551154767627297,0.103103726879214,0.592951811518946,-0.146964114592385,0.257195068117844,5,3.33738722846093e-06,0.00504105839084969,0.864204824193499
"5697","Lamp5","SNX31",0.486784728869107,0.130728919643484,0.000196386991415171,0.230560754630047,0.743008703108166,7,6.77548038409256e-07,0.000506230531859498,0.0289949633374571
"5698","Lamp5","CRTC2",-0.0400289476772377,0.056443761827484,0.478211016874213,-0.150656688011063,0.0705987926565876,6,0,0,0.809816702180502
"5699","Lamp5","BBC3",0.164230923737468,0.0881706708384456,0.0625118063009589,-0.00858041559862135,0.337042263073557,5,0,0,0.367678264177257
"5700","Lamp5","TEPSIN",-0.104570109862227,0.0691030100369407,0.130216241766208,-0.24000952075794,0.0308693010334868,6,0.000747418420057631,2.34016508926373,0.496890885539911
"5701","Lamp5","YRDC",-0.0625279176053875,0.0830545390031875,0.45153782879845,-0.225311822804212,0.100255987593437,5,0,0,0.794459451905349
"5702","Lamp5","MISP3",0.0568240055514016,0.130969151967809,0.664380519411905,-0.199870815391258,0.313518826494061,5,0.0347491696782023,42.0146359949519,0.895669332446416
"5703","Lamp5","RHOF",-0.0501844902883992,0.075592168965527,0.506764059709953,-0.198342418974098,0.0979734383973,7,0.00639046289184539,15.9738865907231,0.822863732528355
"5704","Lamp5","RILPL2",0.0425961590834757,0.0987386115250732,0.66617517858476,-0.150927963389159,0.236120281556111,7,0.0205873679014527,33.8365452473238,0.89627405464491
"5705","Lamp5","MAFF",-0.259849484578737,0.168729183292557,0.123550902342448,-0.590552606973007,0.0708536378155328,5,0.0779840818644495,60.1813545466362,0.485555452222587
"5706","Lamp5","CENPA",0.0215977059309745,0.078333484417915,0.782767078877289,-0.131933102311668,0.175128514173617,7,0,0,0.937343620161761
"5707","Lamp5","ARSF",0.0480164465442865,0.0872401474709927,0.582049219564188,-0.122971100504822,0.219003993593395,6,7.97587445470909e-06,0.0152774588824608,0.858606959019134
"5708","Lamp5","DICER1-AS1",0.0972021132435149,0.0561374452390764,0.0833622223338512,-0.0128252576091644,0.207229484096194,7,0.00171575746999925,7.20223928564135,0.415478190849305
"5709","Lamp5","CCNG1",0.0680408125698114,0.0766067881146569,0.374442562647712,-0.0821057331062072,0.21818735824583,6,0.00839284306987694,24.7859641371956,0.746026008609525
"5710","Lamp5","NPEPL1",-0.0175706881044887,0.0768470027541309,0.819144793756565,-0.168188045822436,0.133046669613458,6,1.60228328177328e-06,0.00390368326252319,0.95145227161371
"5711","Lamp5","ZNF225",0.112122675466652,0.0681737479303583,0.100039827409446,-0.0214954151679628,0.245740766101266,6,0,0,0.44791325196165
"5712","Lamp5","MAD2L1BP",0.0188174875203162,0.107687176034335,0.861282254746819,-0.192245499103804,0.229880474144437,5,0.0115083653610188,19.5882723875913,0.965517508466447
"5713","Lamp5","CEP295",0.0100257466982607,0.0297656299025767,0.736250385901689,-0.048313815887938,0.0683653092844594,7,1.35273926460355e-06,0.0191991072852932,0.92139162463356
"5714","Lamp5","OR2L3",0.0782226027535418,0.210845130162141,0.710640854204113,-0.335026258679915,0.491471464186998,6,0.133667533278587,56.2086004844864,0.912743419120071
"5715","Lamp5","ZNF263",-0.0341375557515275,0.0490730788776941,0.486649724776951,-0.130319022962301,0.0620439114592461,7,0,0,0.814177681246292
"5716","Lamp5","CCDC22",-0.210449653978339,0.0773387629487797,0.00650570688614707,-0.362030843966828,-0.0588684639898502,6,0.00368142588556967,9.87132337904247,0.135543116117479
"5717","Lamp5","NIP7",-0.00481671534128488,0.0751856766039619,0.948919053321543,-0.152177933638326,0.142544502955756,6,0,0,0.989570721185087
"5718","Lamp5","SLCO4A1",-0.177986437237385,0.0846678199943486,0.035538090873789,-0.343932315075828,-0.0120405593989412,6,1.32759298855761e-06,0.00270514227927799,0.290275837467776
"5719","Lamp5","LINC01102",-0.0254636165252936,0.0522951586423454,0.626314240690827,-0.127960244030099,0.0770330109795119,7,0,0,0.880609228439783
"5720","Lamp5","CTTN",-0.0313670887232808,0.0274568269574464,0.253281593164529,-0.0851814806896242,0.0224473032430625,7,0,0,0.643644581114761
"5721","Lamp5","KIF15",0.0986066949953613,0.069556040600427,0.156290563951411,-0.0377206394886814,0.234934029479404,7,2.62182318017822e-06,0.0068098874114534,0.53965518417375
"5722","Lamp5","NDN",-0.0164723378034402,0.073753521552513,0.823268510014843,-0.161026583779364,0.128081908172484,7,0.00277826724547243,6.65936247516862,0.952672928022565
"5723","Lamp5","TMEM11",-0.126947951057871,0.0734720066501115,0.0840167207657195,-0.270950437963977,0.0170545358482353,6,2.94119289313887e-06,0.00839932910928531,0.41684314259882
"5724","Lamp5","FANCB",-0.0183685721745966,0.0797543890470257,0.81784758952675,-0.174684302315763,0.137947157966569,6,0,0,0.950417319968123
"5725","Lamp5","ENTPD7",-0.0240685048429543,0.0691164090327617,0.727666397544895,-0.159534177287906,0.111397167601997,7,0,0,0.91835025721977
"5726","Lamp5","ERLIN2",-0.030598198007284,0.0541422312603716,0.57197530951529,-0.136715021320251,0.0755186253056829,7,0.0016152849588939,7.20978806480043,0.855459320471905
"5727","Lamp5","DCHS1",-0.138068727221899,0.0863784512386921,0.109950352209946,-0.307367380690084,0.0312299262462869,7,0.0233286646234416,52.7442451065079,0.463734401407849
"5728","Lamp5","TCFL5",0.0131451308707197,0.0510665453418405,0.796860901985923,-0.0869434588141693,0.113233720555609,7,0.00295879961768087,16.1840579064962,0.943187190133141
"5729","Lamp5","RRP15",-0.0434639668291327,0.0385693317367382,0.259782714391435,-0.119058467940917,0.0321305342826518,7,0,0,0.651308486668169
"5730","Lamp5","SMPD3",-0.0531376769793919,0.0417567450472791,0.203176656305822,-0.13497939338368,0.0287040394248964,7,0,0,0.593161131697475
"5731","Lamp5","RECK",0.0654809190253745,0.0331605403544203,0.0483063122344304,0.000487454222823647,0.130474383827925,7,1.90309523567852e-06,0.0219258649305745,0.328369581480014
"5732","Lamp5","HAUS1",0.0284041115942152,0.0596053792165934,0.633692535226135,-0.0884202849551602,0.145228508143591,7,0.000164897012149348,0.569719730989204,0.883049292562264
"5733","Lamp5","SLC16A3",-0.178626719744873,0.0838725011387494,0.0331929869970557,-0.343013801270116,-0.0142396382196292,5,0,0,0.283240512106319
"5734","Lamp5","ESYT1",-0.0410631319208537,0.0700257453872746,0.55760641018313,-0.178311070870484,0.0961848070287764,7,0,0,0.850454668968251
"5735","Lamp5","ADAM33",-0.329657951403241,0.087258019367238,0.000158113578378621,-0.500680526725326,-0.158635376081156,6,2.16630339082501e-08,4.22541360655949e-05,0.0258524799056835
"5736","Lamp5","GSTM3",0.0508682863357923,0.0949354590109219,0.592083186321361,-0.135201794181393,0.236938366852978,7,0.0296021593513056,55.4189033873082,0.863643376990908
"5737","Lamp5","SSPN",0.137532247149393,0.0594856785220424,0.0207764249116744,0.0209424596502618,0.254122034648524,7,0,0,0.22867109709499
"5738","Lamp5","RUFY2",0.040834523261506,0.0238041199646814,0.0862647124068453,-0.00582069455294036,0.0874897410759524,7,0,0,0.420219835304873
"5739","Lamp5","ZNF212",0.0226468160119776,0.0634066336359819,0.720966093602958,-0.101627902295473,0.146921534319428,6,0,0,0.915387356767999
"5740","Lamp5","RITA1",-0.119977704758655,0.0721457561540368,0.0963143436421395,-0.261380788457976,0.0214253789406656,6,6.21309333028804e-06,0.0183106383831131,0.441142564387724
"5741","Lamp5","OMD",-0.139748397604091,0.11627046868692,0.229392539011397,-0.367634328696046,0.0881375334878651,6,0,0,0.621078871187976
"5742","Lamp5","MAP1A",-0.02698229148347,0.0434023569527836,0.534153605126248,-0.112049347955077,0.0580847649881374,7,0,0,0.837982810403358
"5743","Lamp5","ANKRD13D",-0.0868572588821254,0.0360346136278366,0.0159357346603766,-0.157483803789501,-0.0162307139747494,7,0,0,0.203172122391731
"5744","Lamp5","ICMT",-0.164567580328871,0.0547699058971024,0.00265835830314802,-0.27191462332384,-0.0572205373339025,7,0,0,0.0868614943916589
"5745","Lamp5","REXO4",-0.018993475345058,0.0659733635904809,0.773426257680972,-0.148298891921367,0.110311941231251,7,0.00874073511876472,31.7854900009542,0.933571200986676
"5746","Lamp5","ATP6V0E2-AS1",-0.0380855833970692,0.0690506997207283,0.581250051934591,-0.173422467956987,0.0972513011628481,7,3.33878525066908e-06,0.00869590777373274,0.858378677238391
"5747","Lamp5","LINC01950",-0.048105608869829,0.110734725215901,0.663981971912061,-0.265141682130934,0.168930464391276,5,7.09531414536658e-09,9.97203406306873e-06,0.895353753120906
"5748","Lamp5","L3HYPDH",0.0655486381310155,0.0382069012173066,0.0862310677851384,-0.00933551221578509,0.140432788477816,7,0,0,0.420219835304873
"5749","Lamp5","LINC00923",-0.0527160488445191,0.0914480094858072,0.564304821672835,-0.231950853894578,0.12651875620554,6,0,0,0.852935819308762
"5750","Lamp5","UGCG",0.0229448940787373,0.0292879521000802,0.433377976881219,-0.0344584372183541,0.0803482253758288,7,0,0,0.783353965026019
"5751","Lamp5","XKR7",0.0178618247240268,0.0686865698301655,0.794826527970017,-0.116761378364693,0.152485027812747,7,0,0,0.942508919499418
"5752","Lamp5","TEX30",-0.0125115189942422,0.0743260456934435,0.866321390807209,-0.15818789166667,0.133164853678186,7,0,0,0.966974913429347
"5753","Lamp5","PBDC1",-0.0365904920061468,0.0905819378341975,0.686250151322499,-0.21412782781102,0.140946843798726,5,0,0,0.903181005962289
"5754","Lamp5","PDZK1",-0.0547502602208818,0.102898731490979,0.594671240451949,-0.256428067998059,0.146927547556295,6,0,0,0.865167075981126
"5755","Lamp5","PDP2",0.0336113979624355,0.0522022710805999,0.5196607099033,-0.068703173266737,0.135925969191608,6,0.00184802471123854,10.8060023595834,0.829722620792198
"5756","Lamp5","EPN2-AS1",-0.125369953496317,0.102932966531718,0.223232832315397,-0.327114860720351,0.0763749537277159,6,0,0,0.613992971862888
"5757","Lamp5","SFRP1",0.11560363463519,0.0883127214296898,0.190525596838353,-0.0574861187437211,0.2886933880141,7,0.0196129353705059,41.1625965175991,0.584979618123198
"5758","Lamp5","PSMD2",-0.0812951679980464,0.0482611603950902,0.0920881070745039,-0.175885304224534,0.0132949682284412,7,0,0,0.433746227847181
"5759","Lamp5","MRPL23",0.0267688190660648,0.0970979358661857,0.782787054041544,-0.163539638204839,0.217077276336969,6,0.0179507915067682,35.1417309410431,0.937343620161761
"5760","Lamp5","NANS",-0.0181599894642257,0.0595969329445964,0.760584373974442,-0.134967831624683,0.0986478526962319,7,0,0,0.92701065311459
"5761","Lamp5","C11orf24",-0.128417409267933,0.0845492348433163,0.128800840862304,-0.294130864481252,0.0372960459453854,6,0.00436111825588617,9.6360650932936,0.49385356071571
"5762","Lamp5","PTP4A3",-0.189430522116022,0.0624754683202211,0.00242876060583752,-0.311880189940928,-0.0669808542911153,7,0,0,0.0833125240184361
"5763","Lamp5","FICD",-0.250742189118221,0.0907997085417464,0.00575388569380176,-0.428706347666778,-0.0727780305696646,5,2.38125711558232e-06,0.00539480450473786,0.129038690598033
"5764","Lamp5","STAT6",0.114987936078742,0.115873756880986,0.321024238954022,-0.112120454161341,0.342096326318825,5,0.0201101854229231,30.8467970432097,0.705981771543059
"5765","Lamp5","TTC3-AS1",-0.0619011335832765,0.11188694733039,0.580094191854887,-0.28119552069097,0.157393253524417,7,0,0,0.858378677238391
"5766","Lamp5","TRIM65",-0.128774868239272,0.0615111294512061,0.0363026323080005,-0.249334466612017,-0.00821526986652728,7,0.00104399310573575,3.55417334971534,0.291728958956667
"5767","Lamp5","TPRKB",0.0165319800468655,0.0654170617418491,0.800487188268716,-0.111683104941592,0.144747065035323,7,0.00664598109317917,23.0983901992817,0.944568694842522
"5768","Lamp5","ASMTL",-0.089475223811885,0.0663592653850073,0.17754725053857,-0.219536994007035,0.0405865463832649,7,0.0101364452882873,36.6220989539423,0.570163149621579
"5769","Lamp5","TINCR",0.0676549201521834,0.0748528176509927,0.366080606317493,-0.0790539065851063,0.214363746889473,7,0,0,0.738111055599518
"5770","Lamp5","NKAPL",0.0990954768020766,0.109297820110469,0.364588968425568,-0.11512431420318,0.313315267807333,5,0,0,0.737658430833555
"5771","Lamp5","EXOSC5",-0.0729574236081808,0.0700376574753527,0.297556114152132,-0.210228709821425,0.064313862605063,7,0,0,0.687746200571181
"5772","Lamp5","FAM117A",0.0536850204184487,0.0682652481878928,0.431622637520628,-0.0801124074255094,0.187482448262407,7,1.33176616280971e-06,0.00352532733718655,0.78284776371624
"5773","Lamp5","DHX16",-0.0369584283136949,0.0582543417560974,0.525798822091288,-0.151134840098734,0.0772179834713439,7,1.12160282466955e-06,0.00397745560006468,0.833902205504373
"5774","Lamp5","DCUN1D4",0.0743845712394752,0.028441548199155,0.0089136355808569,0.0186401611045714,0.130128981374379,7,5.77230817348944e-07,0.00898423715510683,0.156460886119483
"5775","Lamp5","PPCS",-0.071421117241468,0.0552315565915586,0.195969015551679,-0.179672978971009,0.0368307444880727,7,0,0,0.588272573234939
"5776","Lamp5","BOLA1",-0.0101603113743456,0.105959175256572,0.923608790878331,-0.217836478708795,0.197515855960103,5,0.00905131317011101,15.8004844591844,0.982375103729229
"5777","Lamp5","HACD1",-0.0784295692861603,0.0775067971098123,0.311583146725113,-0.230340100178446,0.0734809616061249,7,0,0,0.698312131064191
"5778","Lamp5","ZSCAN29",-0.0640020787286514,0.0724368692098822,0.376935579779656,-0.205975733532859,0.077971576075556,6,5.30047216524482e-07,0.00144433182321536,0.747876199131641
"5779","Lamp5","MITD1",0.0828683588110761,0.0652730912646213,0.204240023528724,-0.0450645492271776,0.21080126684933,7,0.00823283162426522,29.9856982798368,0.593908097926263
"5780","Lamp5","AGPAT2",-0.0144123834040939,0.0948718724964641,0.879254618354576,-0.20035783664304,0.171533069834852,5,0,0,0.971323130524652
"5781","Lamp5","RGS4",-0.207819963224334,0.0965435087707146,0.0313497975609298,-0.397041763356062,-0.0185981630926071,5,0,0,0.275595468003635
"5782","Lamp5","DCTD",0.0217999827186814,0.0519267817123982,0.674615810506721,-0.0799746392706922,0.123574604708055,7,0,0,0.899813794094343
"5783","Lamp5","MRAP2",0.175805862236542,0.0838702557896999,0.0360675909232289,0.0114231815145686,0.340188542958516,7,0,0,0.291728958956667
"5784","Lamp5","RASSF1",-0.102620139316375,0.079770476226109,0.198288637076942,-0.258967399749158,0.0537271211164071,6,0,0,0.590236550297945
"5785","Lamp5","COX7C",-0.0959996578128772,0.0814302617712001,0.238430553307031,-0.255600038136098,0.0636007225103438,6,0.00257184917737763,5.97048418633639,0.62916120782259
"5786","Lamp5","HSPB8",0.108709917397946,0.0881776218477376,0.217631156013103,-0.0641150456660115,0.281534880461904,7,6.32829664126846e-07,0.00104931259776201,0.607397120257931
"5787","Lamp5","CPB2",-0.00999275117383887,0.103623738812438,0.92317665974797,-0.213091547189603,0.193106044841925,6,0,0,0.982375103729229
"5788","Lamp5","DIPK2A",0.00752797484615089,0.0785701574501101,0.923669776196282,-0.146466704015706,0.161522653708008,5,0,0,0.982375103729229
"5789","Lamp5","ASTE1",-0.0519909450328432,0.0716185258841651,0.467873907036058,-0.192360676391656,0.08837878632597,7,0.00493125239529983,13.3072165117162,0.803922996299457
"5790","Lamp5","DSN1",0.00414199314429227,0.0657882870980234,0.949798809301405,-0.124800680172415,0.133084666460999,7,0,0,0.989933736422924
"5791","Lamp5","NCBP2",0.0203646474691215,0.0498898591256951,0.683132631353893,-0.077417679611018,0.118146974549261,7,1.03466675461763e-07,0.000497249846271976,0.902529462625427
"5792","Lamp5","TOR2A",-0.0203012289552006,0.0856529837276445,0.812643459586819,-0.188177992229779,0.147575534319378,5,0,0,0.948815753829332
"5793","Lamp5","PCTP",-0.0824326054608716,0.0574556175142591,0.151367488605368,-0.195043546498328,0.030178335576585,7,0,0,0.531318989207982
"5794","Lamp5","LINC00623",-0.013367658406193,0.0615321303128206,0.82801601437974,-0.133968417711347,0.107233100898961,5,6.62915405694814e-06,0.0295258044517419,0.954801237292379
"5795","Lamp5","AFAP1L1",0.305198092106223,0.117749564193842,0.00954404509208651,0.0744131870910049,0.53598299712144,7,0.0279467113946038,30.9733079913497,0.160983406567366
"5796","Lamp5","ZBTB8A",0.0539747631617581,0.0582589054947638,0.354205035310284,-0.0602105933867015,0.168160119710218,7,0,0,0.731238895037161
"5797","Lamp5","CHTF18",-0.0370314951863943,0.0857103997766335,0.66570238584053,-0.205020791849126,0.130957801476337,5,0,0,0.89627405464491
"5798","Lamp5","UTP14A",-0.0233303313822041,0.0670326578010625,0.72780694874073,-0.154711926460284,0.108051263695876,7,0.00853260154185028,29.7847264188614,0.918417568849889
"5799","Lamp5","CMC1",0.00681481059158999,0.0352670677450064,0.846775400959251,-0.0623073720289567,0.0759369932121367,6,3.29158008296618e-07,0.00391341379407959,0.959421815061179
"5800","Lamp5","ZNF69",-0.16788032481365,0.103005715509606,0.103140469995225,-0.369767817414256,0.0340071677869569,7,0.0185887407612666,26.413833921396,0.454450306327806
"5801","Lamp5","CCDC28B",0.0351873705370012,0.0623680424979233,0.572625436701707,-0.087051746545192,0.157426487619194,7,1.24813880078595e-06,0.00390243262975415,0.855896462631635
"5802","Lamp5","AIM2",0.00877045510068193,0.09326303854528,0.925077390999068,-0.174021741536838,0.191562651738202,6,7.3643037576579e-07,0.00124990929052299,0.982766324860785
"5803","Lamp5","CPB2-AS1",0.00163372459256344,0.042134510815724,0.969070553984993,-0.0809483991124689,0.0842158482975958,7,7.6353425531872e-06,0.0544463006910208,0.995799514960176
"5804","Lamp5","EXOSC9",0.0208834901011645,0.050370650209659,0.678437386066977,-0.0778411701876321,0.119608150389961,7,0,0,0.901492522219442
"5805","Lamp5","GLRX3",-0.00770127182261413,0.0281765545550397,0.784605716888893,-0.0629263039589199,0.0475237603136916,7,0,0,0.938006965913192
"5806","Lamp5","FAM89B",-0.013047014452158,0.0861431418875505,0.879614929888472,-0.181884470066881,0.155790441162565,5,0.00626249703573309,16.5665972383024,0.971323130524652
"5807","Lamp5","OPN5",-0.101851287995477,0.14563971194363,0.48434124002788,-0.38729987812378,0.183597302132825,5,0,0,0.812717397150752
"5808","Lamp5","TTC28",0.0424730135185253,0.0366612023086104,0.246648808557305,-0.0293816226362877,0.114327649673338,7,0.00198171116752199,21.5632317878248,0.637913366424694
"5809","Lamp5","LINC02256",0.0511793699403783,0.0552498898244045,0.354276959431835,-0.0571084242652605,0.159467164146017,5,0.000768014220250195,4.1160970343384,0.731238895037161
"5810","Lamp5","NGF",0.0213614879914827,0.06164207334471,0.728936393525223,-0.0994547556965253,0.142177731679491,7,2.73018298099357e-06,0.00905671850385726,0.91913282699127
"5811","Lamp5","KLF6",-0.0208935209566087,0.0834277191292836,0.802248184037987,-0.184408845762328,0.142621803849111,5,0,0,0.944986573505148
"5812","Lamp5","UBE2F-SCLY",0.00456722909498214,0.0765594124038742,0.952429607992868,-0.14548646189416,0.154620920084125,5,3.78908345918757e-06,0.0103298401723293,0.990874787471658
"5813","Lamp5","C1QTNF3-AMACR",0.0781329195083104,0.0467190206135389,0.0944453479623458,-0.0134346782872102,0.169700517303831,5,0,0,0.437271357445487
"5814","Lamp5","ARID3A",0.0405172460735523,0.0601737719424568,0.50073271796076,-0.0774211797475899,0.158455671894694,7,0.000274467952459367,0.957839937363744,0.821845066799594
"5815","Lamp5","LNCOC1",-0.0738909275408767,0.0888034225016847,0.40536775762181,-0.247942437348073,0.100160582266319,5,0,0,0.76705585655051
"5816","Lamp5","CFAP161",0.109634497819902,0.0448027007077112,0.0144030419128413,0.0218228180226612,0.197446177617144,7,0,0,0.192024501934971
"5817","Lamp5","FBXL17",0.0540218522456696,0.0329883917202586,0.101504770978743,-0.0106342074339366,0.118677911925276,7,0.00100880584949396,12.9970808547663,0.451430106409368
"5818","Lamp5","STK11",-0.0643985584341993,0.0460903114221818,0.162345770728555,-0.154733908857911,0.0259367919895121,7,0,0,0.547972221193005
"5819","Lamp5","RPS25",-0.0268035996635942,0.0874526599440007,0.759229556329062,-0.198207663506064,0.144600464178876,7,0.00582741866407202,10.5748378605204,0.926555528105898
"5820","Lamp5","MMADHC",-0.0235265467020097,0.0421819675382457,0.577022325754922,-0.106201683874009,0.0591485904699895,6,0,0,0.857671876115575
"5821","Lamp5","SULF2",0.0717858434709774,0.104853673608524,0.493578196250707,-0.133723580448447,0.277295267390402,7,0.0243589779662529,34.9544486088783,0.816913908038885
"5822","Lamp5","RNF5",0.0281336466021355,0.116268494651075,0.808802349780525,-0.19974841545066,0.256015708654931,5,0.0164942144098577,24.5291056885349,0.947362141179829
"5823","Lamp5","DNAH9",-0.0450842268244395,0.0693238823476677,0.515471384025171,-0.18095653949436,0.0907880858454813,7,0.00290960863702231,8.1959694335783,0.827341602678435
"5824","Lamp5","OPA1-AS1",0.00548221180988727,0.158391737390105,0.972389349120367,-0.304959888923445,0.31592431254322,5,0.0291907667353033,23.3082185521743,0.996727391459769
"5825","Lamp5","PIK3CD",0.0232597605923638,0.0470488389541554,0.62104150401226,-0.0689542692722059,0.115473790456934,7,0,0,0.8777964007189
"5826","Lamp5","ITPKB",-0.0258766080105714,0.0742973508871081,0.727626611001839,-0.171496739896038,0.119743523874895,7,0,0,0.91835025721977
"5827","Lamp5","SPATA6L",0.115738052414167,0.0467929030938999,0.0133830364163989,0.0240256476180501,0.207450457210283,7,0.00438176229366601,30.8476750664407,0.185623584581856
"5828","Lamp5","TMEM104",0.0584448617064276,0.102012031989361,0.56669801029421,-0.141495046982468,0.258384770395323,5,0,0,0.853478978335213
"5829","Lamp5","ZFPM2",-0.013957189781283,0.056534632220555,0.805002193203644,-0.124763032812788,0.0968486532502225,7,1.94517190171886e-06,0.00782112542978514,0.946038694946959
"5830","Lamp5","HCG25",-0.125765408156333,0.0793944236639309,0.113180417195768,-0.281375619110952,0.0298448027982861,7,2.74210712934933e-07,0.00053916149051175,0.468919300344145
"5831","Lamp5","NUDT15",-0.0559132737542722,0.0868096884583029,0.519516913835027,-0.226057136641688,0.114230589133144,6,0,0,0.829653934969326
"5832","Lamp5","CFAP44",0.0933895950603048,0.0888860293650553,0.293411674975454,-0.0808238212239733,0.267603011344583,7,0.0163709354771468,31.7069674659213,0.68384363782797
"5833","Lamp5","LNX1",-0.0146463595196828,0.031566943585353,0.642663685470355,-0.0765164320489824,0.0472237130096167,7,0,0,0.886703736972112
"5834","Lamp5","RAB30",0.0393287706027902,0.0496764869070447,0.428536844292027,-0.0580353546134929,0.136692895819073,7,0.00659346772806547,43.3442221724991,0.780942735653234
"5835","Lamp5","ATG16L1",-0.0420759132618852,0.0302538370505782,0.164297345661265,-0.101372344275162,0.0172205177513915,7,2.38162414618642e-06,0.0320798301269951,0.550591979769544
"5836","Lamp5","PRKCG",0.0577000441217391,0.108749736737119,0.595712351369711,-0.155445523211226,0.270845611454705,7,0.0309469038745033,41.8648839068363,0.865749755049829
"5837","Lamp5","PRCD",0.0604225811987447,0.0860336578574317,0.482483807714442,-0.108200289660063,0.229045452057552,7,0.0070806012421328,13.2969569507759,0.811720289507115
"5838","Lamp5","TMEM26",0.160836056155192,0.0988135810369266,0.103594545397691,-0.0328350038606143,0.354507116170998,6,0,0,0.454971416970616
"5839","Lamp5","C10orf143",-0.0997651581102384,0.066578012810047,0.13401116866287,-0.230255665380177,0.0307253491597002,5,0,0,0.504291871000397
"5840","Lamp5","SLC9A1",-0.0686193547523119,0.0702502542065831,0.328675884183119,-0.206307322901998,0.0690686133973744,7,0.0135893158724905,46.7630309998585,0.711246558733103
"5841","Lamp5","ALG1",0.00522584088507261,0.0617917424239887,0.932601793292313,-0.115883748807921,0.126335430578066,7,0.00455647742624884,17.2343549652762,0.985154855308785
"5842","Lamp5","CACUL1",0.0405368353083647,0.0280863886358081,0.148938480242483,-0.0145114748736141,0.0955851454903436,7,1.55837035608518e-06,0.0246380506044164,0.528062640148192
"5843","Lamp5","MRPS7",-0.0599175357886709,0.0697473581978119,0.390304485620943,-0.196619845873197,0.0767847742958549,6,0,0,0.756630141601695
"5844","Lamp5","MAP3K7CL",-0.132374864202741,0.0809349888358267,0.101929549880939,-0.291004527410113,0.0262547990046303,7,0,0,0.452712697608698
"5845","Lamp5","ZMYND19",0.0449513703270509,0.062037413090179,0.468706749315686,-0.0766397250237337,0.166542465677836,7,0,0,0.804007247832028
"5846","Lamp5","RBM23",-0.0368571409482089,0.041679403605235,0.376533714154069,-0.118547270911578,0.0448329890151607,7,5.10503885184725e-06,0.0360504629225618,0.747752688071821
"5847","Lamp5","NUP43",0.0150234353432136,0.0477919537265552,0.75325467567038,-0.0786470727116395,0.108693943398067,7,0,0,0.926555528105898
"5848","Lamp5","MHENCR",-0.0342364438488898,0.0677920406577495,0.613543675274401,-0.167106401976554,0.0986335142787743,5,0,0,0.874641651282221
"5849","Lamp5","SHF",-0.0484364908189199,0.0615257984171455,0.431132621872712,-0.169024839836596,0.0721518581987567,7,0,0,0.782421831476114
"5850","Lamp5","HEXIM2",-0.116511963185787,0.0952844880292696,0.221412813646172,-0.303266128008493,0.0702422016369192,5,0,0,0.61174351975652
"5851","Lamp5","FBLL1",0.0852512641145079,0.0677950771313275,0.208578219148729,-0.047624645392009,0.218127173621025,7,0,0,0.597883454574637
"5852","Lamp5","FBXW12",0.00110169691638109,0.0795846356966436,0.988955168562721,-0.154881322771781,0.157084716604543,7,0,0,0.997764323743684
"5853","Lamp5","E2F5",0.0191425189068855,0.100351845364516,0.848718306108856,-0.177543483789699,0.21582852160347,7,0.0215521319089332,34.1676688699333,0.960210404787944
"5854","Lamp5","KLHL23",-0.0243104360707838,0.0256404492483161,0.343064132568746,-0.0745647931449106,0.0259439210033429,7,0,0,0.72433889877292
"5855","Lamp5","ARSK",0.0665051204196002,0.0652826376972756,0.308333065191537,-0.0614464982828368,0.194456739122037,7,0.00621937000169751,21.6774252238489,0.696394528456476
"5856","Lamp5","SNTG2",-0.108371737378173,0.206183981980191,0.599161315157512,-0.512484916248402,0.295741441492056,6,0.0805626510692873,35.0593940196527,0.866844283669513
"5857","Lamp5","RPL14",-0.0331053541670717,0.0597310180787689,0.579414209061726,-0.15017599836137,0.0839652900272263,7,0,0,0.858378677238391
"5858","Lamp5","EXT2",-0.00086298378742523,0.0284320574595188,0.975785933529365,-0.0565887924144555,0.054862824839605,7,0,0,0.997093441046833
"5859","Lamp5","PEA15",0.07780700847368,0.0599818017879763,0.194570322488659,-0.0397551627585739,0.195369179705934,7,0.00337721132670745,13.0520704174817,0.587583280058094
"5860","Lamp5","MIMT1",0.0504967759593737,0.0813443178424599,0.534745594951985,-0.108935157358827,0.209928709277574,6,0,0,0.83822386546053
"5861","Lamp5","MARF1",-0.00615340177653619,0.0376242985870889,0.870086502247346,-0.0798956719508118,0.0675888683977394,5,0.0014085228310632,19.7190097224293,0.968301180008934
"5862","Lamp5","NQO2",-0.00773963804938166,0.0445384131287496,0.862042728266294,-0.0950333237102968,0.0795540476115335,7,0.002021855455877,14.419686076365,0.965631713248814
"5863","Lamp5","CDC5L",-0.113526869345542,0.0364506310968114,0.00184233332503734,-0.184968793509048,-0.0420849451820354,7,0.00045855126231426,4.54973269195515,0.0751961236659437
"5864","Lamp5","WWP2",-0.0640274757668014,0.0437676564539063,0.14349617504216,-0.14981050610418,0.021755554570577,7,0.00303643666155256,23.792171332419,0.519863907097606
"5865","Lamp5","NOL9",-0.105269947020708,0.0430134857072041,0.0143902725527951,-0.189574829856356,-0.0209650641850597,7,0.00196211386508102,15.0135614792013,0.192024501934971
"5866","Lamp5","RAB8A",-0.0126456672604244,0.0630877311123759,0.841131986054925,-0.136295348107028,0.111004013586179,6,1.70348659310616e-06,0.0062686367006857,0.958739746590816
"5867","Lamp5","KCTD21",0.0381434394455085,0.073780275568321,0.605165270472861,-0.106463243437841,0.182750122328858,7,2.78091322044305e-06,0.00649365600107868,0.869444596943449
"5868","Lamp5","TUBB2B",0.0490217604367629,0.0656248159208791,0.455063349793131,-0.0796005152602309,0.177644036133757,7,0,0,0.796305590023421
"5869","Lamp5","NEURL1",-0.0567608461837226,0.0285559928554978,0.0468444945648269,-0.112729563723281,-0.000792128644163906,7,5.97486598636086e-07,0.00904872054781743,0.325218524035821
"5870","Lamp5","IFFO1",-0.101232153288417,0.0452996855210541,0.025435678656895,-0.190017905420673,-0.01244640115616,7,0,0,0.250751745090418
"5871","Lamp5","SNF8",-0.0634745620080951,0.0381542258181114,0.0961861449251544,-0.138255470469602,0.0113063464534114,7,0,0,0.441076021281022
"5872","Lamp5","CASP6",-0.0566477231146961,0.0568584811640037,0.319107664338193,-0.168088298411792,0.0547928521824001,7,0,0,0.703848699808558
"5873","Lamp5","TUFT1",0.0850255537576105,0.0654684845007969,0.194038341117013,-0.0432903179863701,0.213341425501591,6,0,0,0.587583280058094
"5874","Lamp5","SLC39A7",-0.128550942598672,0.0715234948549111,0.0722840901478444,-0.268734416562733,0.0116325313653898,5,0,0,0.389156123730696
"5875","Lamp5","DPAGT1",-0.0718413747070985,0.082802082621673,0.385598215607737,-0.234130474490487,0.0904477250762904,6,0,0,0.754615415919232
"5876","Lamp5","NBEAL1",0.0181563562468598,0.031723812056679,0.567101271198908,-0.0440211728365487,0.0803338853302682,7,0.000512260436570694,6.67841899607837,0.853478978335213
"5877","Lamp5","RAD51B",0.0405011216028306,0.0417584992070302,0.332101673639716,-0.0413440328913931,0.122346276097054,7,6.69508615532532e-07,0.00494291596288701,0.714188799686632
"5878","Lamp5","WDR89",0.0628708403112564,0.0419105868134811,0.133583748610229,-0.0192724004141059,0.145014081036619,7,5.25207474483992e-07,0.00365254802551019,0.503337448771391
"5879","Lamp5","RNF19B",-0.0557517118877634,0.0658159093832,0.39694738717141,-0.184748523888587,0.0732451001130603,7,0.00733491602254225,25.8595180229159,0.761362277976405
"5880","Lamp5","ANKEF1",0.155057646905625,0.0946501041171249,0.101375911780067,-0.0304531482969066,0.340568442108156,6,0,0,0.451192604755425
"5881","Lamp5","SNAPIN",0.00145971333545015,0.0932077420003985,0.98750495289904,-0.181224104065632,0.184143530736533,6,0.0094647588665704,17.9843055693416,0.997613323839068
"5882","Lamp5","SPATA1",-0.128319970793177,0.107120690172902,0.23095560071203,-0.338272665531138,0.0816327239447844,6,1.77450417240413e-06,0.00218798056436702,0.622173557622513
"5883","Lamp5","WNT7A",0.00527790165586756,0.0706127848861265,0.940418177071578,-0.133120613569015,0.14367641688075,7,0,0,0.987071639145024
"5884","Lamp5","PGPEP1",-0.044780839197838,0.0488936485311498,0.359728503352806,-0.140610629391651,0.0510489509959753,7,1.90548727795753e-07,0.000969670740629296,0.73483363923243
"5885","Lamp5","RFT1",-0.0557318738590594,0.0639354998098459,0.383378046008797,-0.181043150819925,0.0695794031018059,6,0.00240617391582389,9.23054730365585,0.752720087377968
"5886","Lamp5","SYCP3",0.0880579095604073,0.0785257767721414,0.262122493687027,-0.0658497847710217,0.241965603891836,7,0,0,0.652931243908176
"5887","Lamp5","DANT2",-0.0173892868456149,0.0283136553455059,0.53910558245238,-0.0728830315934864,0.0381044579022565,7,1.57496342499554e-07,0.00243439870419191,0.839382175581193
"5888","Lamp5","SLC3A1",0.0587261271371629,0.115825337413163,0.612138577135356,-0.168287362689835,0.285739616964161,7,2.6947461389901e-07,0.000249756163989585,0.874121429918725
"5889","Lamp5","TMEM109",-0.00309547194037427,0.0871639874857038,0.971670522583987,-0.173933748161254,0.167742804280505,5,0,0,0.996403919745943
"5890","Lamp5","SLC30A10",0.0800960275286818,0.0601573111256528,0.183043306450263,-0.0378101356843684,0.198002190741732,7,0,0,0.575602130380935
"5891","Lamp5","NELL1",0.0242650276294652,0.094215355597395,0.796755346302919,-0.160393676132063,0.208923731390994,7,0.0204324465529387,35.9039790413806,0.943187190133141
"5892","Lamp5","MAN2B1",-0.0880770889774653,0.0633090823460164,0.1641576351921,-0.212160610269938,0.0360064323150074,7,0,0,0.550591979769544
"5893","Lamp5","C16orf87",0.0521488417250577,0.0392158101008485,0.183587054710705,-0.0247127336971674,0.129010417147283,7,7.47092586334485e-06,0.0594167096625068,0.575973257025563
"5894","Lamp5","FAM219B",0.0271988416460365,0.0478803974799539,0.569995602187095,-0.0666450129801356,0.121042696272209,7,0.00338335514315076,22.1601617851743,0.854376739138775
"5895","Lamp5","DCAF15",-0.0317555403027257,0.0803152037625664,0.69255773498539,-0.189170447088352,0.1256593664829,6,0.00280543777303202,6.82685502083423,0.905268111563042
"5896","Lamp5","CPTP",-0.0156562219531109,0.0797065881765885,0.844278950335638,-0.17187826410979,0.140565820203569,6,0,0,0.959421815061179
"5897","Lamp5","CHST1",-0.0043480723138166,0.0969935655386556,0.964244038933337,-0.194451967501707,0.185755822874074,5,0.0104297319016847,22.1060117694437,0.99419564321202
"5898","Lamp5","PPT1",-0.0922018552316923,0.0411771311539521,0.0251460283421614,-0.172907549280121,-0.011496161183264,7,0,0,0.250184153863484
"5899","Lamp5","SHISA4",0.00904835849139899,0.118780772095122,0.939278310217712,-0.223757676870901,0.241854393853699,5,0.0161746378623105,22.8994082742468,0.986824165372289
"5900","Lamp5","MED16",-0.10913888961341,0.0689021940431652,0.113200938213358,-0.244184708393804,0.025906929166984,6,0,0,0.468919300344145
"5901","Lamp5","GLRX5",0.0192647924874902,0.05774164128589,0.738652912752597,-0.0939067448410852,0.132436329816066,6,0,0,0.921986241896285
"5902","Lamp5","CLPB",-0.0698224678921649,0.0363571194076216,0.0547995629277206,-0.141081112512726,0.00143617672839572,6,0,0,0.34837800237059
"5903","Lamp5","RGMB",0.0107616849112393,0.0332747313598937,0.746377838179518,-0.0544555901493979,0.0759789599718765,7,1.26059022668618e-06,0.013817089987011,0.923981530672427
"5904","Lamp5","TTI1",-0.0385384008225249,0.041144120606272,0.348929115668341,-0.11917939538639,0.0421025937413405,7,0,0,0.728372018550828
"5905","Lamp5","PANK4",-0.0502063807174438,0.0560055119775716,0.370010190144154,-0.159975167129211,0.0595624056943232,6,3.91832909575531e-07,0.00167980836574937,0.741819256317508
"5906","Lamp5","SF3B5",-0.133278820580418,0.112558271127745,0.236378502560769,-0.353888978152893,0.0873313369920566,5,0.0188673735408042,30.4290273628387,0.626447177645301
"5907","Lamp5","ZNF329",-0.0449201043614349,0.0453337697285359,0.321746564252165,-0.133772660312797,0.0439324515899276,7,0.000954259430383747,6.05665476015291,0.706734763099365
"5908","Lamp5","DIO2-AS1",-0.00902965511690285,0.106893811541959,0.932680263550971,-0.218537675909354,0.200478365675548,7,0,0,0.985154855308785
"5909","Lamp5","PPP3CB-AS1",0.00360954329703751,0.101895585298501,0.971741693786849,-0.196102134071653,0.203321220665728,5,0.00914291475005152,16.9550912894831,0.996403919745943
"5910","Lamp5","PPP1R13B",-0.0222245541623427,0.0372016871421269,0.550235576345201,-0.0951385211250381,0.0506894128003528,7,0.00216471183784848,23.6628977517652,0.845267035472309
"5911","Lamp5","NOS1",0.0548738176497012,0.0840613129563264,0.513896019104217,-0.109883328237849,0.219630963537251,7,0.00900714544221117,18.455286656773,0.826365805091749
"5912","Lamp5","PTTG1",-0.0915199642185655,0.103316276243365,0.375712755038402,-0.294016144672352,0.110976216235221,6,0.0140438709095992,22.3913487869563,0.746832307052066
"5913","Lamp5","RNF214",-0.0412131278266793,0.0394035342227133,0.295595821520916,-0.118442635766789,0.0360163801134302,7,0.00219542858284882,20.9530343249954,0.686106968025771
"5914","Lamp5","TIMM17B",-0.016815848653268,0.0836323294612145,0.840644810220061,-0.180732202340436,0.147100505033901,6,0,0,0.95838104203032
"5915","Lamp5","EP400",-0.0420770697425431,0.0259018867948285,0.104273630365778,-0.0928438349920406,0.00868969550695434,7,0,0,0.455249120737383
"5916","Lamp5","ZP3",-0.149936546644154,0.111550856634787,0.178913037033267,-0.368572208092926,0.068699114804619,7,0.022749742066041,28.5085799552306,0.571631132414646
"5917","Lamp5","NXPE3",0.0421320630082843,0.0554435987043464,0.447309268758295,-0.0665353936255262,0.150799519642095,7,0.00784171244413727,43.5448831163928,0.791327151639119
"5918","Lamp5","STX7",0.131531028851215,0.0477586034600196,0.00588573257318012,0.0379258861176467,0.225136171584784,7,0.0071020564143425,53.146049109279,0.129778798852149
"5919","Lamp5","COA3",0.00757168369506165,0.0774892080479576,0.922160390138991,-0.144304373269467,0.15944774065959,6,0,0,0.982375103729229
"5920","Lamp5","GOLGA8N",-0.087580441695291,0.183026108351582,0.632284853579782,-0.446305022294916,0.271144138904334,7,0.125656944424086,63.3158064672418,0.882993296421211
"5921","Lamp5","RGS17",0.0189618641531581,0.0403558252780557,0.638450155831566,-0.0601340999582223,0.0980578282645384,7,0,0,0.885223881193556
"5922","Lamp5","JARID2",-0.0478380792502994,0.0449698025863881,0.287427339227773,-0.135977272711496,0.0403011142108974,7,0.00230547290658797,16.3126080169118,0.677503269477071
"5923","Lamp5","SETMAR",0.0201126886595305,0.0592024323896317,0.734061822572248,-0.0959219466213153,0.136147323940376,7,0,0,0.920193431461375
"5924","Lamp5","ATP13A2",-0.103984423134183,0.0350701695203779,0.00302644482087043,-0.172720692325839,-0.0352481539425284,7,2.50289940404978e-07,0.00250452931998373,0.0916284901589608
"5925","Lamp5","C2orf72",-0.116614457729438,0.0670638741131483,0.0820599961002641,-0.248057235654937,0.0148283201960608,7,0.000960981647788962,2.70868055265851,0.412681031691782
"5926","Lamp5","SPINK8",-0.0981952541203739,0.106686827678443,0.357360351346755,-0.307297593994953,0.110907085754206,7,7.16938496154904e-06,0.00767022907808184,0.733660185504581
"5927","Lamp5","WASHC4",0.0559798477958218,0.0323169144077623,0.0832352677887278,-0.0073601405348559,0.119319836126499,5,0,0,0.415478190849305
"5928","Lamp5","C19orf53",-0.0326461939022412,0.0897250959606585,0.715972372580935,-0.208504150494532,0.14321176269005,6,0,0,0.914462798800233
"5929","Lamp5","TMEM208",-0.174046929627833,0.0932301224495391,0.0619221250399705,-0.356774611903189,0.00868075264752272,6,0,0,0.366992006344776
"5930","Lamp5","LRRC34",-0.0762545849273477,0.069163011953615,0.270229505737972,-0.211811597418746,0.0593024275640509,6,0,0,0.660034089013833
"5931","Lamp5","SYNGR3",-0.019862806502134,0.0439614444059249,0.651396256365236,-0.106025654246107,0.0663000412418386,7,5.59760969533601e-06,0.0344047920607069,0.889914575420899
"5932","Lamp5","MYCBPAP",0.0698382508619634,0.107731382839952,0.516814972144636,-0.141311379509038,0.280987881232965,5,0.0193015408628919,34.6358510001057,0.828164310850556
"5933","Lamp5","DNAJC5",-0.0339404354375672,0.0297607708092008,0.254102169089546,-0.0922704743757516,0.0243896035006172,7,0,0,0.645182131664942
"5934","Lamp5","ATG9B",-0.0768638464874948,0.0898109338782934,0.392085936461229,-0.252890042306858,0.0991623493318685,5,0.00585368697012003,14.2147712052593,0.758201083617192
"5935","Lamp5","FN3KRP",-0.05653296023922,0.0592836191859494,0.340285293198453,-0.172726718716869,0.0596607982384285,7,1.6705374900353e-06,0.00592575117134254,0.720898462597042
"5936","Lamp5","BBS10",0.152459378508467,0.122978564703975,0.215077796783039,-0.0885741791817521,0.393492936198686,7,0.0470446515897382,51.8257721669089,0.605960143389495
"5937","Lamp5","TMEM129",-0.144280173541062,0.0547829977059667,0.00844682838874899,-0.251652876009897,-0.0369074710722265,7,0,0,0.152361418855278
"5938","Lamp5","PSMD12",-0.00140172864104724,0.0322327579246316,0.965312765909409,-0.0645767732957233,0.0617733160136288,7,0,0,0.99444464399303
"5939","Lamp5","RFX8",-0.0621128963776864,0.0821644114418005,0.449673996461603,-0.223152183614546,0.0989263908591733,7,0,0,0.793046943472101
"5940","Lamp5","LNP1",0.0720128173850299,0.0474996287038022,0.129501358814269,-0.0210847441534474,0.165110378923507,7,0,0,0.495586160019151
"5941","Lamp5","GRPEL2",0.216097200038112,0.074372066046678,0.00366522535410589,0.0703306291307891,0.361863770945435,5,0,0,0.102367773426522
"5942","Lamp5","APOL2",0.0103305884208081,0.0823098700304857,0.900120995279947,-0.150993792411117,0.171654969252733,7,0.0136714643435767,31.4314861672438,0.977956078464346
"5943","Lamp5","STUB1",-0.0458784224321707,0.0614344737444725,0.455192575525513,-0.166287778380508,0.074530933516167,7,0,0,0.796305590023421
"5944","Lamp5","C3orf20",0.0370442248205583,0.0985698280465334,0.707052890084695,-0.156149088112953,0.23023753775407,7,0.00402781131858617,5.60994494919545,0.910874233816963
"5945","Lamp5","GSR",-0.0262330622238643,0.0311893098782697,0.400296698225724,-0.0873629862879323,0.0348968618402036,6,3.70479790713562e-06,0.0544290311544374,0.762743492813461
"5946","Lamp5","ZBTB48",-0.11148250699829,0.0602370010271625,0.0642082097524916,-0.229544859548231,0.00657984555165057,7,0,0,0.371308501175071
"5947","Lamp5","ARL8A",-0.00159214574051116,0.0417294782442996,0.969564911608355,-0.0833804201929861,0.0801961287119637,7,0,0,0.995855798622175
"5948","Lamp5","DHODH",-0.0438405785311546,0.0650198096022589,0.500142884664639,-0.171277063633234,0.0835959065709243,6,5.02696054477953e-06,0.0173953898520078,0.821820384405663
"5949","Lamp5","DENND3",-0.110419425845149,0.0607701991259082,0.0692171787725618,-0.229526827465257,0.00868797577495815,7,0,0,0.382517671414541
"5950","Lamp5","CDC14B",-0.102103562700658,0.0548045762379226,0.0624554964598319,-0.209518558314966,0.00531143291365037,7,0.00220818674815183,10.0987251776944,0.367678264177257
"5951","Lamp5","LARP6",-0.11141482914314,0.0547772938642239,0.0419556203035104,-0.218776352287586,-0.00405330599869484,7,0.0024817899303935,11.4448871945353,0.31114492884268
"5952","Lamp5","TMEM234",-0.173879402550945,0.0722614093670767,0.0161169952096071,-0.31550916238252,-0.0322496427193689,6,0,0,0.204241898793523
"5953","Lamp5","KRBA1",-0.0119167731351854,0.104510573511387,0.909218316952379,-0.21675373322113,0.192920186950759,5,0,0,0.979827084623903
"5954","Lamp5","GTPBP6",-0.0676126869240401,0.0692825519054119,0.329115134338967,-0.203403993415674,0.0681786195675941,6,0.0101153129289379,38.7612595913071,0.711476480759166
"5955","Lamp5","NUCB1-AS1",0.0221166441015835,0.107162259559996,0.836490469959322,-0.187917525137941,0.232150813341108,7,0.0114608388392916,13.8034602004683,0.958076357328741
"5956","Lamp5","PPP1R1B",0.176174636168824,0.0817489484956801,0.031156424149531,0.0159496413432713,0.336399630994377,6,0.00326210834337029,7.72728907675765,0.274576032722359
"5957","Lamp5","PURA",0.10780926847576,0.0358559330570039,0.00264070350025819,0.0375329310519531,0.178085605899567,7,3.36241664813408e-06,0.0321202447576907,0.0865210223550347
"5958","Lamp5","DR1",0.00801103234014959,0.060239382898799,0.894203956717941,-0.110055988592414,0.126078053272714,7,0.00690268034656682,30.1964615927909,0.975921257738596
"5959","Lamp5","ADPRM",0.00247751755881672,0.0653841079419682,0.969773999571313,-0.12567297916872,0.130628014286354,6,7.40142707933757e-06,0.0254057578285266,0.995855798622175
"5960","Lamp5","MIS12",-0.00404583800398774,0.0687371157903209,0.953063949932473,-0.138768109354176,0.130676433346201,7,0,0,0.991132091050801
"5961","Lamp5","TRMT61A",0.00776727046242596,0.0901182338087056,0.93131555735482,-0.168861222152997,0.184395763077849,5,5.61626164319012e-07,0.00129062597099346,0.984931265511699
"5962","Lamp5","INSIG1",0.196096677834021,0.105186361289601,0.0622825964763503,-0.0100648019584143,0.402258157626457,7,0.0200954054968356,28.0480426916234,0.367678264177257
"5963","Lamp5","CLCN5",0.080989012448823,0.0953906529791861,0.395867595429044,-0.10597323185214,0.267951256749786,7,0.021286002132447,38.6597678094316,0.760604933378185
"5964","Lamp5","CREBRF",0.0712187908259437,0.0286805240866223,0.0130216710355132,0.0150059965584305,0.127431585093457,7,0,0,0.184743466671681
"5965","Lamp5","LINC02021",0.0204269769919363,0.12973082800211,0.874884997816656,-0.233840773576759,0.274694727560631,5,0.0416089972367243,56.166852423694,0.969866439669418
"5966","Lamp5","TRIB3",0.122625753314124,0.0842985192296591,0.145763183681459,-0.0425963083260654,0.287847814954312,6,0.0122302113031282,31.1512962565551,0.522269692067356
"5967","Lamp5","KDM3B",-0.0607961630235541,0.0289391998406821,0.0356564265607628,-0.117515952452698,-0.00407637359440983,7,0,0,0.290275837467776
"5968","Lamp5","RPL9",-0.12480547940542,0.0859154349939389,0.146319589120659,-0.293196637709633,0.0435856788987925,6,0.00345868190837204,7.29058140294162,0.523010705115613
"5969","Lamp5","CCNF",0.0132344768223922,0.0488698344139145,0.786536586513469,-0.0825486385593164,0.109017592204101,7,1.0679009185259e-06,0.00553977347662985,0.938643357904296
"5970","Lamp5","RPS13",-0.102745672895188,0.11596600096442,0.375618474954254,-0.330034858216588,0.124543512426213,6,0.0198050560890669,25.2503011983995,0.746803215623927
"5971","Lamp5","IQSEC2",0.010621975990314,0.0356220979324381,0.765561954223456,-0.0591960530110234,0.0804400049916513,7,0,0,0.930044231060373
"5972","Lamp5","LUZP1",-0.0575703627024176,0.0375013754089612,0.124746160146854,-0.131071707874698,0.0159309824698624,7,0.00310935150604575,34.7672475992129,0.486741613913492
"5973","Lamp5","PLAUR",-0.0216371869605836,0.0839191349075483,0.796535200408945,-0.186115668993136,0.142841295071969,7,1.45656786653189e-06,0.00255884496567256,0.943187190133141
"5974","Lamp5","CDC23",-0.0167565793139739,0.0367465489127103,0.648386983955182,-0.0887784917390256,0.0552653331110778,7,0,0,0.888623464010692
"5975","Lamp5","CDAN1",-0.0705524598871427,0.0565909225831067,0.212503910469669,-0.181468630001926,0.0403637102276408,7,0,0,0.602605454867305
"5976","Lamp5","PPP1R12B",0.0537719758386017,0.0264741684100175,0.0422437313881726,0.00188355923431925,0.105660392442884,7,0,0,0.31114492884268
"5977","Lamp5","GPR158-AS1",0.0822458659106183,0.0818386257908482,0.314908341105671,-0.078154893183695,0.242646625004932,6,0,0,0.700388478944154
"5978","Lamp5","SRRD",0.0884765367207985,0.0660567328457994,0.180439756747627,-0.0409922805933524,0.217945354034949,7,0,0,0.572750900978019
"5979","Lamp5","LINC01182",0.121356904772952,0.112842310636967,0.282170761249981,-0.0998099600077837,0.342523769553687,5,4.29135674957968e-06,0.0060155116952532,0.671805720443663
"5980","Lamp5","INPP5K",0.0087948773005689,0.0816981236846808,0.914272611843049,-0.151330502725904,0.168920257327042,7,0.0167265297054336,40.3239512394469,0.980734315041589
"5981","Lamp5","GLIPR1",-0.0200660341320108,0.0738105276084292,0.78573066767646,-0.164732009924431,0.12459994166041,7,0,0,0.938435339532885
"5982","Lamp5","KMT5A",-0.105677945665045,0.0457686819190238,0.0209459345386171,-0.195382913846201,-0.0159729774838888,7,0,0,0.229629845758663
"5983","Lamp5","PLAC8L1",0.102104748528423,0.0934328658706018,0.274475451651071,-0.0810203035503182,0.285229800607164,7,0.0231049426464199,42.9694972480275,0.664060676976564
"5984","Lamp5","VAV3",-0.00643103196968104,0.068914377523141,0.925650009324893,-0.141500729932034,0.128638665992672,7,0,0,0.98319996993662
"5985","Lamp5","LIG1",-0.00705126975873314,0.0589550278477342,0.904796681513637,-0.122601001047848,0.108498461530382,7,0,0,0.978961685897185
"5986","Lamp5","LTA4H",0.0154259765733304,0.0379916894693983,0.684716478976705,-0.0590363664985199,0.0898883196451808,7,0,0,0.903181005962289
"5987","Lamp5","COQ10A",-0.177093631368482,0.0793958640179448,0.0257133013808594,-0.332706665365094,-0.0214805973718709,5,0.00306443727020761,9.34506237034838,0.251144289597949
"5988","Lamp5","ERLEC1",-0.0865929342211564,0.0567565855484749,0.127087177357674,-0.197833797781634,0.024647929339321,7,0.00628320868457862,30.7403514525396,0.490333078882727
"5989","Lamp5","ZNF630",-0.0554102731714464,0.0789336467350779,0.482688224332575,-0.210117377940607,0.0992968315977139,7,0.0164884248185652,42.3353743343972,0.811720289507115
"5990","Lamp5","INO80",-0.0749215096778894,0.030171995821448,0.0130227228367111,-0.13405753482962,-0.0157854845261584,7,7.39776027413202e-06,0.0998352219326947,0.184743466671681
"5991","Lamp5","ZKSCAN7",-0.111971596214087,0.0618999306029206,0.0704645027561689,-0.233293230841341,0.00935003841316578,7,0,0,0.385313666944408
"5992","Lamp5","URB2",-0.0519615381722466,0.068841063163056,0.450366346500837,-0.186887542629283,0.0829644662847902,7,0.00654319964418177,20.3483210841196,0.793682749455278
"5993","Lamp5","CC2D1A",-0.0481873146535055,0.0377552770577634,0.201847107850016,-0.122186297913053,0.0258116686060422,7,0,0,0.592631191281858
"5994","Lamp5","DNAH2",-0.043515796356091,0.0694271693846182,0.530801234975485,-0.179590547898505,0.0925589551863225,7,0,0,0.836099985789352
"5995","Lamp5","ZSCAN21",0.00400179261680375,0.057022856488496,0.944051390075,-0.107760952396245,0.115764537629852,7,0,0,0.988246319851084
"5996","Lamp5","ALAS1",-0.11570948474021,0.0628744377727572,0.0657203386887326,-0.238941118323018,0.00752214884259914,6,1.92721244429705e-06,0.00720495859352514,0.373672580884055
"5997","Lamp5","B3GNT2",-0.000550582233094327,0.0632462196432568,0.993054201229052,-0.124510894892187,0.123409730425999,7,0,0,0.998654866216999
"5998","Lamp5","TAF1A",0.0791540651649278,0.0602226034224247,0.188725731841045,-0.0388800685982631,0.197188198928119,7,1.46840456438549e-06,0.0047833422552453,0.581843523353199
"5999","Lamp5","LIMK1",-0.0977971082484139,0.0477627668019663,0.0406031784115346,-0.191410410982253,-0.00418380551457455,7,0.00027402592036573,1.51647751159202,0.308104955979405
"6000","Lamp5","LRIG2",0.0261440497320985,0.0302427949690392,0.387328650291361,-0.0331307391990474,0.0854188386632445,7,0,0,0.755827226879962
"6001","Lamp5","UTP4",-0.0890509074219226,0.053656416002833,0.0969847461343425,-0.194215550326974,0.0161137354831286,7,0.00403137294938924,20.7151395600666,0.442687243900993
"6002","Lamp5","CYBC1",-0.0490665787649219,0.0589490139554887,0.405207902683005,-0.164604523041829,0.066471365511985,5,0,0,0.767038382534328
"6003","Lamp5","TMPRSS11A",-0.0506374193891201,0.150846412879582,0.737105712193521,-0.34629095583016,0.24501611705192,6,0.0435013778969813,34.0738035536485,0.921463278270996
"6004","Lamp5","RICTOR",0.0560576778403354,0.0374977159473905,0.134924238545145,-0.0174364949190633,0.129551850599734,7,0.00304296497148044,34.2627206765812,0.505801640279102
"6005","Lamp5","LINC00467",0.103844432323045,0.0870658977478241,0.232982673510941,-0.0668015915443375,0.274490456190427,6,0,0,0.623486995608806
"6006","Lamp5","STX1B",-0.0331803123831154,0.0365551281719941,0.364047983833437,-0.104827047050469,0.0384664222842385,7,0,0,0.737658430833555
"6007","Lamp5","MEIOB",0.0429730490466993,0.0943393509888028,0.648738324446314,-0.141928681216237,0.227874779309636,7,0.0163549624376825,28.273755931695,0.888689761976342
"6008","Lamp5","CDH3",0.0903465615157392,0.0738342937555949,0.221088235318006,-0.0543659950691774,0.235059118100656,7,0.0107595457882198,30.9458690382623,0.61174196331566
"6009","Lamp5","NES",0.130341144269768,0.0726800078553655,0.072915982957528,-0.0121090535228366,0.272791342062373,6,5.33812645691052e-08,0.000151252450380518,0.389808779700079
"6010","Lamp5","USH2A",-0.03626322834734,0.0830250612315598,0.662274904922951,-0.19898935817543,0.12646290148075,7,0.0109710615769372,23.9229603638655,0.894343020032145
"6011","Lamp5","HTRA2",-0.139987969555507,0.0732074770406798,0.0558494393256789,-0.283471987954282,0.00349604884326868,5,0.00425560200078905,15.5146395370668,0.349772367716056
"6012","Lamp5","SRSF9",-0.0797945663197737,0.0454625853697938,0.0792302323859757,-0.168899596288647,0.00931046364909964,7,5.18055640073922e-06,0.0297776325795074,0.405910944345904
"6013","Lamp5","POLR3D",0.0121870294527423,0.0897679726314434,0.892009873223672,-0.163754963870064,0.188129022775549,7,0.0194020508317035,39.4142342590501,0.975719237840442
"6014","Lamp5","RPL22L1",-0.0133651388337083,0.10061995661036,0.89432947864333,-0.210576629915997,0.18384635224858,6,0,0,0.975921257738596
"6015","Lamp5","DHX58",0.225399526946467,0.0897311089202574,0.0120068116326333,0.0495297851699217,0.401269268723012,6,0.00307608946023132,6.08189054707384,0.177929938432046
"6016","Lamp5","ZNF449",-0.145723830737384,0.0685902301860385,0.0336236230215062,-0.280158211593331,-0.0112894498814361,7,0,0,0.285180785612903
"6017","Lamp5","LY6E",-0.00247450258200021,0.0872874996400814,0.977383898119462,-0.173554858177113,0.168605853013112,6,0.0116773900274491,26.4788604165136,0.997093441046833
"6018","Lamp5","POLR2E",-0.0467366008897807,0.0526189312554918,0.37442841433564,-0.149867811055534,0.0563946092759721,7,0,0,0.746026008609525
"6019","Lamp5","MLLT10",0.0120267945051411,0.026176800655131,0.645914795124047,-0.0392787920094002,0.0633323810196823,7,0.000155316733819601,2.94244808946737,0.887464962648033
"6020","Lamp5","JMJD4",-0.094430171118384,0.0820290879907294,0.249658564434857,-0.255204229264881,0.0663438870281127,5,0,0,0.640240491404512
"6021","Lamp5","RMDN3",-0.0745630186558143,0.0599685377090156,0.213731901264156,-0.192099192771017,0.0429731554593885,6,0.00804542626572019,41.6043410773815,0.603974434597836
"6022","Lamp5","NFE2L3",-0.0943020863220081,0.0891388253203917,0.29009017594543,-0.269010973574183,0.0804068009301667,7,0,0,0.679711913966886
"6023","Lamp5","MCAT",-0.0558372807036301,0.0779290615969951,0.473673890870089,-0.208575434782744,0.0969008733754837,6,0,0,0.806702657492935
"6024","Lamp5","TMEM254-AS1",0.0976008037399339,0.115535320995423,0.398239119566884,-0.12884426435337,0.324045871833238,5,0,0,0.76225058113002
"6025","Lamp5","DGKQ",-0.115220211498712,0.052979377406665,0.0296441710190365,-0.219057883139131,-0.011382539858294,7,0,0,0.267881966072042
"6026","Lamp5","HSD17B10",0.178245723828311,0.0971311116085774,0.0664902319819717,-0.0121277567028409,0.368619204359463,5,0,0,0.375453179447085
"6027","Lamp5","GMPPA",-0.0650152759942699,0.067593244655838,0.336119653662144,-0.197495601117917,0.0674650491293771,7,0,0,0.717302587286027
"6028","Lamp5","SH3PXD2B",0.0807256512400422,0.0416670044950088,0.052696476224074,-0.000940176913843543,0.162391479393928,7,0,0,0.341371320161645
"6029","Lamp5","DDX19A",-0.0948987851876118,0.0548166174897751,0.0834152635027327,-0.202337381221879,0.0125398108466559,7,0.00129582337282737,5.41116275732142,0.415478190849305
"6030","Lamp5","RCCD1",-0.102765048758893,0.0619930571236364,0.0973807767845717,-0.224269208012755,0.0187391104949685,7,0.00626778347003726,24.9420698947802,0.443352505841624
"6031","Lamp5","GSN",0.0172333914119792,0.0570005517711551,0.76239496684886,-0.0944856371583955,0.128952419982354,7,0,0,0.928176871479743
"6032","Lamp5","WDR45",0.0220843235628733,0.0655528346499722,0.736197189324789,-0.106396871435582,0.150565518561328,7,0,0,0.92139162463356
"6033","Lamp5","NFKBIB",-0.0791857357700483,0.0924888011468106,0.391906152408011,-0.260460454991084,0.102088983450987,6,0.0143719308509957,29.5617471034573,0.758201083617192
"6034","Lamp5","COMMD5",0.0596946427146036,0.0607094102153703,0.325467269210664,-0.0592936148301903,0.178682900259397,7,0,0,0.708716130294416
"6035","Lamp5","VWCE",-0.1947539556544,0.0847661917192735,0.0215878229474596,-0.360892638530793,-0.0286152727780066,6,0.00894291248082237,20.9839617421694,0.233234122696646
"6036","Lamp5","CRMP1",-0.0131394400923724,0.0319238406454264,0.680642109050723,-0.0757090180056041,0.0494301378208593,7,0.000830640424066989,11.2654202128956,0.901733822525915
"6037","Lamp5","PCDHB10",-0.107919602914991,0.0801124999374363,0.177947810093874,-0.264937217503833,0.0490980116738516,6,0.00173740690519837,4.17356579785683,0.570425938569921
"6038","Lamp5","GDAP2",0.0310584092986074,0.0456564296394967,0.496337538844205,-0.0584265484574931,0.120543367054708,7,0.00376046267863613,28.1297920002215,0.819010136406774
"6039","Lamp5","ANKRA2",0.0217203598831539,0.0619004203979964,0.7256694029115,-0.0996022347248075,0.143042954491115,7,0.00627205200339466,24.8440316743325,0.917618044281986
"6040","Lamp5","DPH2",-0.123466053423475,0.0776790794662329,0.111961620423119,-0.275714251529516,0.0287821446825662,5,0,0,0.466668083431164
"6041","Lamp5","SRGAP2-AS1",-0.0623567077771532,0.11416400444123,0.584926488128146,-0.286114044812836,0.161400629258529,5,0,0,0.859775795418448
"6042","Lamp5","LINC01128",-0.0608835480684134,0.0453999718726269,0.179904821605581,-0.149865857837894,0.0280987617010669,5,0,0,0.572659505344996
"6043","Lamp5","OST4",-0.0311443489733692,0.0943099056088971,0.741223065263123,-0.21598836735218,0.153699669405441,7,0,0,0.923036460325539
"6044","Lamp5","BAG1",-0.185061717628659,0.0990171329113834,0.0616246463148722,-0.379131731987386,0.00900829673006792,6,0.0152460695145529,27.1871542821726,0.365923110863732
"6045","Lamp5","MFAP3L",0.162977274004808,0.078210512819951,0.0371757950843893,0.00968748566529543,0.31626706234432,7,0.015668773427744,40.7383753356908,0.296192760435851
"6046","Lamp5","MTMR11",0.0299515630821306,0.0837988990252224,0.720775971972832,-0.134291260951414,0.194194387115675,6,0,0,0.915387356767999
"6047","Lamp5","ZNF7",-0.141505611231125,0.0711599835274125,0.046750233589023,-0.280976616085317,-0.00203460637693337,7,0.00751828247750465,22.0561245622671,0.324861152522444
"6048","Lamp5","UBP1",0.00921487500469744,0.0301271503114956,0.75970657185553,-0.0498332545626585,0.0682630045720534,7,0.000915390455318068,14.1723459523258,0.926555528105898
"6049","Lamp5","NDOR1",0.000100212402719564,0.0607555143109839,0.998683940156189,-0.118978407509017,0.119178832314456,7,0,0,0.999773769742565
"6050","Lamp5","SLC26A4-AS1",-0.111144367680102,0.123337430333314,0.367513561239954,-0.352881289079116,0.130592553718912,5,1.14988579558698e-06,0.00119626435908651,0.739583900750189
"6051","Lamp5","BRINP3",-0.0416888147236592,0.101763622881925,0.682053004717394,-0.241141850508547,0.157764221061229,7,0.0167193739853561,23.900339738558,0.902529462625427
"6052","Lamp5","SLC35G1",-0.133315507951547,0.108628986568823,0.219726621317623,-0.346224409303525,0.0795933934004308,7,0.0259565396521662,35.218100331434,0.609715673357124
"6053","Lamp5","FSD2",0.0993299554695988,0.101455088006695,0.327553562924181,-0.0995183630718646,0.298178274011062,7,0.00282098782661134,3.43669026341793,0.710412234133167
"6054","Lamp5","NAPRT",-0.2050802921626,0.099477014756751,0.039247291402722,-0.400051658375391,-0.0101089259498088,6,0,0,0.304185585149159
"6055","Lamp5","INSL6",0.505878881126046,0.608165879491066,0.405515807783953,-0.68610433930257,1.69786210155466,5,1.65290579094947,95.4308622646856,0.767085444302802
"6056","Lamp5","SMYD4",-0.0176108096153431,0.0396246933390382,0.656724300239963,-0.0952737814583022,0.060052162227616,7,6.36461036154425e-07,0.00492800150791739,0.892600776711128
"6057","Lamp5","CRAMP1",-0.0262512630678197,0.0470438649830703,0.576832969306634,-0.118455544128202,0.065953017992563,7,0,0,0.857671876115575
"6058","Lamp5","RAF1",-0.0328360866437385,0.0246844402666929,0.183441119326821,-0.0812167005449868,0.0155445272575099,7,0,0,0.575973257025563
"6059","Lamp5","LINC01931",0.0650669072128492,0.0996483362055753,0.513778639789541,-0.130240242869417,0.260374057295115,5,0,0,0.826288159392566
"6060","Lamp5","AQP11",-0.0644321405724172,0.053780095440916,0.230891057909289,-0.169839190721739,0.040974909576905,7,0.00166653853841773,7.69819087286554,0.622173557622513
"6061","Lamp5","WNT5B",0.0176543949269246,0.11055061318503,0.873121234638103,-0.199020825384552,0.234329615238402,7,0.0267850189670783,35.1097974512439,0.968848383217698
"6062","Lamp5","SLC26A11",-0.0461652800999483,0.0417884436315844,0.269273148538338,-0.128069124587836,0.0357385643879393,7,0.000721489005534745,5.34644122960156,0.658979599213106
"6063","Lamp5","HS2ST1",0.0209055512230349,0.0292425740374963,0.474670096472601,-0.0364088407057039,0.0782199431517737,7,0,0,0.807430790609305
"6064","Lamp5","POGLUT2",0.0389819014073261,0.127542707286332,0.759880263752676,-0.210997211364619,0.288961014179271,5,0.0408726732651649,56.7872694980799,0.926624663425946
"6065","Lamp5","MDH1B",-0.0835781028315307,0.0659478298921503,0.205034935497535,-0.212833474278719,0.0456772686156579,6,3.27556087181013e-07,0.00107754668371795,0.59442734390667
"6066","Lamp5","TSEN34",0.0180319747755415,0.0798401237545832,0.821317280354258,-0.138451792304662,0.174515741855745,5,0,0,0.95212614925907
"6067","Lamp5","RRH",0.0254466059173952,0.065896176867491,0.699376622060659,-0.103707527461769,0.154600739296559,6,9.70096691969661e-07,0.00324047096323792,0.907056827997482
"6068","Lamp5","EMD",-0.0585823002065271,0.0571493040714068,0.305327987731912,-0.170592877928013,0.0534282775149585,7,0,0,0.694714118205088
"6069","Lamp5","WDR18",-0.146795011092088,0.0659471418473512,0.0260175604771717,-0.276049033996251,-0.0175409881879257,6,6.33395330317343e-06,0.021993050826346,0.252137263510121
"6070","Lamp5","CABCOCO1",-0.12393924401808,0.0983376595098333,0.207545422550368,-0.316677514981316,0.0687990269451558,5,0,0,0.596905677374813
"6071","Lamp5","B3GALT6",-0.0274358722516075,0.0760727873848634,0.718358929954032,-0.176535795729513,0.121664051226298,5,1.47940782756072e-06,0.00468801820709554,0.914893976924416
"6072","Lamp5","ASB13",-0.111167738313156,0.06212175209735,0.0735320923879451,-0.232924135080488,0.0105886584541754,7,0,0,0.391787266894827
"6073","Lamp5","CD81-AS1",-0.0676906518173178,0.0615871038414662,0.271722566330577,-0.18839915725872,0.0530178536240844,7,0,0,0.661223251865873
"6074","Lamp5","UPRT",0.0462805340312075,0.0444935986522393,0.29826481534792,-0.0409253168697614,0.133486384932176,7,0,0,0.687803495323134
"6075","Lamp5","SELENOK",-0.078941615716475,0.0737032952723708,0.2841365698833,-0.223397419992243,0.0655141885592929,5,0,0,0.67353602363417
"6076","Lamp5","MIR646HG",0.232857359656002,0.163059553692025,0.153277178027211,-0.0867334929155429,0.552448212227546,5,0,0,0.534237775584196
"6077","Lamp5","COL4A1",0.0389414442597069,0.0381391486304577,0.307237376746003,-0.0358099134570104,0.113692801976424,7,0,0,0.6957260731822
"6078","Lamp5","GRIK1-AS1",-0.000996642137469159,0.338928943128907,0.997653773027525,-0.665285163988351,0.663291879713413,5,0.321504587868165,60.4303548371001,0.99964287012329
"6079","Lamp5","MYO3A",0.0384367334022581,0.0809408713651691,0.634876625339396,-0.120204459350763,0.197077926155279,7,0.00492508906548569,10.5089340504876,0.883361205635117
"6080","Lamp5","OSBPL10",-0.0808024406680656,0.0301284135028557,0.00731977241571783,-0.139853046044993,-0.0217518352911381,7,3.0239290067371e-07,0.00425849891312972,0.14373917622261
"6081","Lamp5","VPS37B",0.0186850163802016,0.046825164803114,0.68986526349611,-0.0730906202040544,0.110460652964458,7,0,0,0.904365277607065
"6082","Lamp5","ST6GALNAC4",-0.179234153753323,0.0778946929374381,0.0213927447490443,-0.331904946497508,-0.0265633610091374,6,0,0,0.231735357295128
"6083","Lamp5","IPO13",-0.0357022703128838,0.0529194162502993,0.499895922976767,-0.139422420246354,0.0680178796205865,6,1.52407570932707e-06,0.00786066183611491,0.821578164745969
"6084","Lamp5","PDRG1",-0.173465275175818,0.0815729495119703,0.0334612433943713,-0.333345318331984,-0.013585232019652,6,0,0,0.284004974984589
"6085","Lamp5","ASIC4",-0.103177243659975,0.0782105213165593,0.187094036628498,-0.256467048652534,0.050112561332583,7,0,0,0.579691343250854
"6086","Lamp5","NPTX1",0.105820027522004,0.0888156691591657,0.233474330199138,-0.0682554852927851,0.279895540336794,5,0,0,0.623519319975768
"6087","Lamp5","DARS2",-0.0304022870197323,0.0704736915544343,0.666178205142547,-0.168528184324008,0.107723610284543,6,0.000838486642399654,2.54132320859411,0.89627405464491
"6088","Lamp5","MANSC1",-0.0215064403494932,0.0439770950494301,0.62481528132253,-0.107699962791071,0.0646870820920846,7,6.15886701135457e-07,0.00394808876082889,0.879819493685975
"6089","Lamp5","FAM182B",-0.0222018229693315,0.0933095289391349,0.811929678468792,-0.205085139104434,0.160681493165771,5,0.00423055610314476,8.88899572724297,0.948785130428795
"6090","Lamp5","POP1",-0.0817404968670547,0.052548791824796,0.119823179881619,-0.184734236274748,0.0212532425406383,7,0.003054072970352,15.8041363841871,0.478932288838328
"6091","Lamp5","TECTA",0.0173876011799456,0.0566691255474071,0.75897527888438,-0.093681843928351,0.128457046288242,7,0.00152469667296284,6.29937897192996,0.926555528105898
"6092","Lamp5","TET3",0.123124861084503,0.0456822351028641,0.00703366826755588,0.033589325549598,0.212660396619408,7,0,0,0.141230448898298
"6093","Lamp5","ECM2",-0.0779785132021821,0.110572307497184,0.480669338566427,-0.29469625358415,0.138739227179786,6,0,0,0.811287580904848
"6094","Lamp5","ANXA11",0.136252725502743,0.0915857984475308,0.136828491718895,-0.0432521409497617,0.315757591955248,7,0,0,0.509388083895069
"6095","Lamp5","BTG2",0.088075227450483,0.109316074680155,0.420419721593747,-0.126180341853911,0.302330796754877,6,6.98613133503221e-06,0.00849898557580668,0.775535932521922
"6096","Lamp5","ARMC5",0.0866272553440137,0.0664130507003768,0.192107128297655,-0.0435399321321575,0.216794442820185,6,0,0,0.586077011394669
"6097","Lamp5","REL",-0.0119330955895068,0.0351748585181723,0.73442087375007,-0.0808745514464165,0.0570083602674028,7,0,0,0.920547031671427
"6098","Lamp5","SLC27A2",0.108599373538429,0.0711826223450911,0.127098432914243,-0.0309160025830656,0.248114749659923,7,0,0,0.490333078882727
"6099","Lamp5","TMEM229B",-0.0312169112927635,0.0448828783830698,0.486729876568543,-0.119185736446072,0.0567519138605446,7,0,0,0.814177681246292
"6100","Lamp5","WBP11",-0.0223019370799327,0.0444492094824371,0.615850570504858,-0.109420786806786,0.0648169126469202,7,0.000818526352701901,5.3428236536677,0.876009086347086
"6101","Lamp5","ZSWIM4",-0.0472348004925745,0.0990378112063816,0.63340695551106,-0.24134534356476,0.146875742579611,7,0.0266549830109253,43.3438487614292,0.882993296421211
"6102","Lamp5","MRPL14",-0.0148442333123575,0.0757856402957993,0.844710886675385,-0.163381358837432,0.133692892212716,6,0.00284791375818117,7.76637916084514,0.959421815061179
"6103","Lamp5","IKBKG",-0.0637118797786005,0.0786363547832096,0.417820084667592,-0.217836303029205,0.0904125434720042,6,0,0,0.773600796141458
"6104","Lamp5","GALNT15",0.0385967726755257,0.0808548456480386,0.633106641729777,-0.119875812770175,0.197069358121226,7,1.46721769737666e-06,0.00282105000323459,0.882993296421211
"6105","Lamp5","NWD2",-0.290186127357789,0.314840907791844,0.356689616946255,-0.907262967489698,0.326890712774121,7,0.446548492549883,73.1578954851259,0.732803835949194
"6106","Lamp5","ZSCAN32",-0.02690224149523,0.0602812193577329,0.655395733162504,-0.145051260380545,0.0912467773900852,7,0,0,0.89198561202804
"6107","Lamp5","SLC52A2",-0.134162683186384,0.0777813165556689,0.0845508481910313,-0.286611262305604,0.018285895932836,5,0.00645775065010534,21.0696166460024,0.417662850601646
"6108","Lamp5","HAPLN2",-0.0526440431840592,0.0588149273892589,0.370744524544917,-0.167919182620345,0.0626310962522266,7,5.20055261873701e-07,0.00188063109210337,0.742891543602226
"6109","Lamp5","GLIS2",-0.149975049469408,0.0795112490259369,0.0592664303423499,-0.305814233926039,0.00586413498722396,7,0.00542003680552188,11.7526582640744,0.359143231846617
"6110","Lamp5","LPCAT4",-0.132948193962271,0.0365414386242063,0.000274458855848052,-0.204568097608996,-0.0613282903155461,7,0,0,0.0320924146154616
"6111","Lamp5","RFFL",-0.142573289691983,0.0592637201701779,0.0161396069800345,-0.258728046815392,-0.0264185325685745,7,0.00229465983756397,8.54136491107806,0.204247153306067
"6112","Lamp5","PARVB",-0.125059398025737,0.068173104160983,0.0665888614104245,-0.258676226895561,0.00855743084408755,7,0,0,0.375453179447085
"6113","Lamp5","BBS4",0.022261596179317,0.0368021589893815,0.54524598110035,-0.0498693099931876,0.0943925023518217,7,0,0,0.843410767063583
"6114","Lamp5","RAB31",0.0174974347098545,0.0825994856143842,0.832236020156234,-0.144394582235873,0.179389451655582,7,0.00914559426337946,19.5885546436705,0.956163950912518
"6115","Lamp5","ALKBH7",0.0459559112401612,0.0967299342562956,0.634719239135429,-0.143631276129105,0.235543098609428,5,0,0,0.88328212682605
"6116","Lamp5","MCHR1",0.0179307962953516,0.117956114966772,0.879177127680747,-0.213258940795787,0.24912053338649,5,0.0185534893541266,27.040139562908,0.971323130524652
"6117","Lamp5","ARMCX2",-0.105996866688397,0.0479508156427365,0.0270681837160206,-0.19997873837748,-0.0120149949993135,6,0,0,0.257135637641898
"6118","Lamp5","MIS18A",0.0110410716374913,0.0678444991630487,0.870722480026112,-0.121931703271242,0.144013846546225,7,0.0041488808384488,12.5320187777225,0.968577940382375
"6119","Lamp5","TM2D3",-0.0154845401786682,0.0365232468603744,0.671592101059164,-0.0870687886234676,0.0560997082661313,7,0,0,0.898591731149468
"6120","Lamp5","TMEM220",-0.068605819791283,0.0865121372808036,0.427766408252717,-0.238166493087243,0.100954853504677,7,0.00276013932877963,4.87815238524963,0.780301781008883
"6121","Lamp5","POLE",0.0168035935085733,0.0853255629066968,0.843878369294124,-0.150431436749159,0.184038623766306,7,0.0264745249230356,64.0385324855985,0.959421815061179
"6122","Lamp5","RAB35",-0.012321230155127,0.0511725151359169,0.809726964834156,-0.112617516819855,0.0879750565096008,7,4.29464436422035e-06,0.0207482990644801,0.947878305839044
"6123","Lamp5","ORC6",0.114043200309567,0.0791427480027354,0.149590035790362,-0.0410737354133242,0.269160136032457,6,0,0,0.528648710997915
"6124","Lamp5","LINC00173",0.100574440092417,0.083448278580827,0.228114194327911,-0.0629811804978687,0.264130060682704,5,0,0,0.619581569377127
"6125","Lamp5","TOLLIP",0.0514357799525272,0.0404922579244746,0.203991289216067,-0.0279275872321497,0.130799147137204,7,3.89686972687836e-08,0.000291800536170484,0.593908097926263
"6126","Lamp5","CCDC43",0.0146080427702924,0.0530079189200503,0.782868926893045,-0.0892855692084254,0.11850165474901,7,0,0,0.937343620161761
"6127","Lamp5","RHD",0.186030982422512,0.181191625068865,0.304557743446696,-0.169098077012748,0.541160041857772,5,0,0,0.694164386896801
"6128","Lamp5","TMEM186",-0.0991851259822443,0.165701683737746,0.549455362733131,-0.423954458285872,0.225584206321383,5,0.0857323698510689,66.5375821047917,0.844764971297428
"6129","Lamp5","LYPLA2",0.007216346339898,0.0641708433510154,0.910462473307022,-0.118556195485654,0.13298888816545,7,0,0,0.980126088601916
"6130","Lamp5","TYRO3",-0.222793948499111,0.081221108360651,0.00608705322893046,-0.381984395670412,-0.0636035013278103,5,0,0,0.132114463819926
"6131","Lamp5","CCNK",0.00120173650898662,0.0359822741995072,0.973357193123825,-0.0693222250038922,0.0717256980218655,7,0,0,0.996727391459769
"6132","Lamp5","CBR3",0.00430460661447129,0.0826511939040367,0.958463672268353,-0.157688756716677,0.16629796994562,6,0,0,0.993350121904605
"6133","Lamp5","SMARCD1",-0.00898448142628087,0.0416802767923275,0.82933296453397,-0.0906763228049035,0.0727073599523417,7,0,0,0.955256723003559
"6134","Lamp5","SEZ6L2",-0.00277111156185187,0.044726451125241,0.950597167267122,-0.0904333449236152,0.0848911217999114,7,4.69516364673454e-08,0.000295558395224748,0.990120895882608
"6135","Lamp5","CFAP221",-0.0790945895524917,0.0494031605194466,0.109376338292449,-0.175923004893058,0.0177338257880748,7,0.00130046419243605,7.17500753852841,0.463734401407849
"6136","Lamp5","GGA1",-0.0627086194778988,0.0360820762422504,0.0822207228697935,-0.133428189400138,0.0080109504443404,7,8.31955988833277e-06,0.0797444261946697,0.412822678543904
"6137","Lamp5","AP1AR",0.0904817607967132,0.057178073497414,0.113545607789618,-0.0215852039636024,0.202548725557029,7,0.00625599419346473,30.8723969148674,0.469858797078215
"6138","Lamp5","INTU",0.0744270567021152,0.0327851285140118,0.0231986736773021,0.010169385586135,0.138684727818095,7,0,0,0.240201678360914
"6139","Lamp5","FKBP1B",-0.0593555957508516,0.0920894234285245,0.519223365696529,-0.239847549027819,0.121136357526115,5,0,0,0.829402626440362
"6140","Lamp5","RFC2",-0.014599106928334,0.106896543612687,0.891368871925783,-0.224112482481015,0.194914268624347,7,0.0330885048291157,46.2621812564694,0.975663358386813
"6141","Lamp5","LCMT1-AS1",0.101587259579985,0.0807623726790208,0.208444624714682,-0.0567040821768979,0.259878601336867,5,0,0,0.597883454574637
"6142","Lamp5","XBP1",-0.00922529676194752,0.0773591087129613,0.905075010732646,-0.16084636371547,0.142395770191575,7,0,0,0.979085667422136
"6143","Lamp5","TRIR",0.00402708796028818,0.0565154945600077,0.943193733131004,-0.106741245945796,0.114795421866373,5,0,0,0.987970031927274
"6144","Lamp5","MON1A",-0.138893944481535,0.0508314019411935,0.00628664130032323,-0.238521661569954,-0.0392662273931167,7,0,0,0.133692552579769
"6145","Lamp5","ZNF684",-0.0911371860814981,0.0792224477516326,0.249980811678536,-0.246410330441804,0.0641359582788079,7,0,0,0.6406636487943
"6146","Lamp5","H6PD",-0.0458528429299417,0.0498462469828396,0.357632564429756,-0.143549691780796,0.0518440059209121,7,8.45689514014323e-07,0.00419159817349817,0.733732687942264
"6147","Lamp5","VCAN-AS1",-0.0382448649490706,0.139759850987003,0.784355905768692,-0.312169139368281,0.23567940947014,5,0.0135798455646609,13.2129396642997,0.938006965913192
"6148","Lamp5","PHF2",0.00890799503890193,0.0330853535943559,0.787742804413409,-0.0559381064218085,0.0737540964996124,7,0,0,0.938643357904296
"6149","Lamp5","RAB40A",0.0659044600094492,0.0626090584912668,0.292508502072643,-0.0568070397393954,0.188615959758294,7,0,0,0.682733495098315
"6150","Lamp5","TBC1D30",0.0848382288516712,0.0674211111379365,0.208271245197353,-0.0473047207763567,0.216981178479699,5,0.00290745904597449,11.5874800361149,0.5977239791973
"6151","Lamp5","UQCR10",-0.0366140147716368,0.112998500609299,0.745921280546692,-0.25808700627289,0.184858976729617,6,0.0292409066966669,41.5171012908773,0.923981530672427
"6152","Lamp5","GPM6A",0.00845748970284917,0.0274333807673621,0.757860211687444,-0.0453109485753543,0.0622259279810527,7,0,0,0.926555528105898
"6153","Lamp5","MEAF6",0.016459772707793,0.0352390817192045,0.640436502971239,-0.0526075583101116,0.0855271037256975,7,0,0,0.885646843671299
"6154","Lamp5","ARL4A",-0.153884483880501,0.0846841160775752,0.0691928066462797,-0.319862301455158,0.0120933336941552,6,3.0060234333815e-06,0.00632767287071095,0.382517671414541
"6155","Lamp5","C18orf32",0.100095274092695,0.0944019841437685,0.289004042806204,-0.0849292148982125,0.285119763083603,6,0.0145513915321665,28.1972167292504,0.679017553618742
"6156","Lamp5","BNIP1",-0.0622816417471229,0.0608167272701292,0.305794013517705,-0.181480236854171,0.0569169533599252,7,0,0,0.695245362672669
"6157","Lamp5","SENP8",-0.0184619094323875,0.0587597935782867,0.753374541493254,-0.133628988584837,0.0967051697200624,7,0,0,0.926555528105898
"6158","Lamp5","MRM3",0.0594670113987113,0.0804696307794971,0.459907342570898,-0.0982505667783388,0.217184589575761,5,0,0,0.799114769561592
"6159","Lamp5","HCN4",0.0180210770073628,0.0693497582873053,0.794973448531703,-0.117901951572314,0.153944105587039,6,3.68667515286124e-06,0.0116310275036071,0.942508919499418
"6160","Lamp5","SHMT1",-0.0677613710678633,0.0649185431679992,0.296582239196454,-0.19499937760595,0.0594766354702239,7,1.48537297383193e-07,0.000442810064459016,0.686837141469868
"6161","Lamp5","SYNPR-AS1",0.198400661352727,0.14881244522349,0.182457560717421,-0.0932663717366534,0.490067694442108,7,0.0543626105626946,40.0771244885006,0.575260279028009
"6162","Lamp5","ARHGEF33",0.062944133693109,0.0510689988496195,0.217750724695837,-0.0371492647786627,0.163037532164881,7,6.99974157295728e-06,0.0327901053769116,0.607397120257931
"6163","Lamp5","NRBF2",-0.117219570244576,0.0572010467570676,0.0404371195266759,-0.22933156176642,-0.00510757872273163,7,0,0,0.307625644032772
"6164","Lamp5","LINC00320",-0.147362508004138,0.0937433877860435,0.115955740626843,-0.331096171853556,0.0363711558452788,6,0,0,0.472924102010777
"6165","Lamp5","STK11IP",-0.0882993324348785,0.0666771653185202,0.185409592523248,-0.218984175050401,0.0423855101806443,7,0,0,0.578328981999354
"6166","Lamp5","PIK3R4",0.0194532361600542,0.0374682663024729,0.603626633160962,-0.0539832163559483,0.0928896886760568,7,0,0,0.868684826230077
"6167","Lamp5","DNASE2",0.124659108847755,0.0927607553618141,0.178987944245262,-0.057148630840131,0.306466848535642,5,1.75125765689671e-07,0.000371746366894761,0.571631132414646
"6168","Lamp5","OTULINL",0.00772256223856674,0.0803379974832101,0.923420582056272,-0.149737019418595,0.165182143895728,5,0,0,0.982375103729229
"6169","Lamp5","TMEM198",-0.182856944116506,0.0716513041512477,0.0107094437867316,-0.323290919698277,-0.0424229685347357,7,1.7054131533411e-06,0.00399725928597908,0.168803505780448
"6170","Lamp5","DNAH10",0.0825629207065536,0.0819517558567462,0.313714914970189,-0.0780595692424884,0.243185410655596,7,0.008624855491127,18.5863530152434,0.698925605264866
"6171","Lamp5","ABCA9",-0.0533892411610348,0.043037270902769,0.214777574300318,-0.137740742123356,0.0309622598012862,6,6.15116630213276e-06,0.0488410390930287,0.60578420072111
"6172","Lamp5","PEG10",0.132116102431374,0.0849481163849999,0.119885014625936,-0.0343791462377427,0.298611351100491,7,0.0129014225708413,27.4984189684036,0.478976892758775
"6173","Lamp5","MAGOHB",-0.0320889465889208,0.0502196803409496,0.522841445102002,-0.130517711372296,0.0663398181944545,7,3.54884285049285e-06,0.0172579387290967,0.831999597196191
"6174","Lamp5","PSMG1",0.0118360810382633,0.0632460466412873,0.851548190607931,-0.1121238925432,0.135796054619727,7,0.00423240089691302,15.0244106862188,0.960904398139294
"6175","Lamp5","KCNJ9",-0.0490575032021725,0.0445204034662315,0.270500552450402,-0.136315890573178,0.0382008841688334,7,0,0,0.660151516639454
"6176","Lamp5","WDR55",-0.0195199600597647,0.075113982866358,0.794963135557542,-0.166740661213185,0.127700741093656,7,0.00599383824253895,15.0484360668035,0.942508919499418
"6177","Lamp5","EGFL7",-0.0580358767546479,0.0565151635783785,0.304463760634448,-0.16880356194866,0.0527318084393638,6,0,0,0.694164386896801
"6178","Lamp5","KCNK15-AS1",0.00414953210920355,0.09803151658649,0.966236784784577,-0.187988709750158,0.196287773968565,5,0,0,0.994629554420852
"6179","Lamp5","TXLNB",-0.104618460200297,0.162014323056555,0.518450424790655,-0.422160698370782,0.212923777970187,7,0.100275449629117,61.2355393694202,0.829106552615597
"6180","Lamp5","SRRM1",-0.0419406448722535,0.0259107796206902,0.105521249238536,-0.0927248397401606,0.00884354999565361,7,0.000315280204506365,6.10870421527117,0.458549643765861
"6181","Lamp5","ZNF77",-0.17272564577639,0.0700971343685729,0.0137361626603185,-0.310113504558257,-0.035337786994522,7,0,0,0.188383909695814
"6182","Lamp5","NUP85",-0.107706088437257,0.0390005839397324,0.00575095242796703,-0.184145828335163,-0.0312663485393499,7,1.79817018041474e-06,0.0141791469469499,0.129038690598033
"6183","Lamp5","ARL5A",0.00112108097870878,0.0398255931409328,0.977542705237257,-0.0769356472404648,0.0791778091978824,7,3.65925266617876e-08,0.000290014606802307,0.997093441046833
"6184","Lamp5","PRRX1",0.451955323493626,0.441302548436562,0.305769440874082,-0.412981777727778,1.31689242471503,6,0.940647817193703,87.9471243235886,0.695245362672669
"6185","Lamp5","C5",-0.0487457647713689,0.0711065401849757,0.493008664607328,-0.188112022599171,0.0906204930564335,7,0.00621010375498461,17.7423786799832,0.816718467937254
"6186","Lamp5","RNF4",-0.0271178815845365,0.0322293609836066,0.400122195586817,-0.0902862683571457,0.0360505051880728,7,0.000703555130830343,9.12297607031636,0.762743492813461
"6187","Lamp5","ACTR1B",-0.0681332530337241,0.0512484607237397,0.183693201715408,-0.168578390315369,0.0323118842479213,7,0,0,0.575973257025563
"6188","Lamp5","CERS2",-0.0754412901919916,0.0696036285912063,0.278422409224432,-0.211861895424058,0.0609793150400751,7,0.00586860560209291,17.4570301933617,0.668106652398611
"6189","Lamp5","SSTR1",-0.155579173014875,0.117785198436013,0.18654404055817,-0.386433919861364,0.0752755738316147,5,0,0,0.579579406254291
"6190","Lamp5","RAVER2",0.0608459813740389,0.0376754758624466,0.106310189880439,-0.0129965944167647,0.134688557164842,7,0.000748543191625362,6.97724508259294,0.460138820405416
"6191","Lamp5","RIPK2",0.15264371555832,0.0848969757156967,0.0721789617197458,-0.0137512992408169,0.319038730357457,6,0.00910363633452576,21.2934713952494,0.389094275408615
"6192","Lamp5","ZNF668",-0.0366502748674813,0.066251748996856,0.580128458198963,-0.166501316814107,0.0932007670791441,6,0,0,0.858378677238391
"6193","Lamp5","SLC11A2",0.0281656477050014,0.0413132287683623,0.495391626365953,-0.0528067927660529,0.109138088176056,7,0.00358538264120038,33.3169440782547,0.818285698855033
"6194","Lamp5","DCTPP1",-0.0536495806774862,0.0930927278066128,0.564410668675806,-0.236107974401038,0.128808813046065,5,0,0,0.852935819308762
"6195","Lamp5","RPA2",-0.0205269586017799,0.0458230436427566,0.654180994380003,-0.11033847380359,0.0692845566000301,7,8.19645069757547e-07,0.00491600514497457,0.891245216654187
"6196","Lamp5","MARK2",-0.0178225855495442,0.0319144167436529,0.576537576304184,-0.0803736929547059,0.0447285218556176,7,8.24021085960164e-06,0.10101572394807,0.857671876115575
"6197","Lamp5","SLC36A1",-0.125513130411728,0.0621000789506417,0.0432649799516848,-0.24722704859208,-0.00379921223137659,7,0,0,0.313579330449817
"6198","Lamp5","MEIS2",0.0285371043592577,0.0793464253688897,0.719107355988836,-0.126979031665761,0.184053240384277,7,0,0,0.915104576999517
"6199","Lamp5","RAB26",-0.135858071189699,0.0448064029037904,0.00242848373943932,-0.223677007157919,-0.0480391352214791,7,0.000742376804005285,4.81026813289622,0.0833125240184361
"6200","Lamp5","TCTN3",-0.021536404995936,0.0534981826602087,0.687269512148424,-0.12639091624829,0.0833181062564183,7,0.00568648204684187,31.3732459535063,0.903181005962289
"6201","Lamp5","LINC02609",0.0921014768047353,0.0858719313591802,0.283475489986617,-0.0762044159421535,0.260407369551624,5,0,0,0.673049340026877
"6202","Lamp5","BRICD5",-0.116896953641579,0.0618304428554681,0.0586770723737907,-0.238082394786458,0.00428848750330071,7,2.38695714976649e-06,0.00793621522624801,0.357824103942671
"6203","Lamp5","COX7B",-0.00672563850275963,0.0624447868134673,0.914229414296863,-0.129115171679437,0.115663894673918,6,0,0,0.980734315041589
"6204","Lamp5","TBP",-0.0488625209136363,0.0409028889212875,0.232244020047287,-0.129030710063002,0.0313056682357297,7,0,0,0.623315103476142
"6205","Lamp5","SLC37A4",-0.0896364725910737,0.0914471643968285,0.326987609346555,-0.268869621297171,0.0895966761150237,6,0.00903329179892337,17.7804896066656,0.710412234133167
"6206","Lamp5","CCNL1",-0.03163737889847,0.0323916941398354,0.328711408154349,-0.0951239328107845,0.0318491750138445,7,0,0,0.711246558733103
"6207","Lamp5","LINC01118",-0.190119152594271,0.0791186089745286,0.0162627976067908,-0.345188776691255,-0.0350495284972875,5,0,0,0.205588579893881
"6208","Lamp5","CCDC50",0.0368514996577972,0.0440741094979697,0.40308414062164,-0.0495321676088983,0.123235166924493,7,0.00260157425554964,19.8708397475871,0.7657638185376
"6209","Lamp5","GABRA3",0.0289786906933043,0.0436185231347577,0.506455692982476,-0.056512043709648,0.114469425096257,7,0,0,0.822824639047686
"6210","Lamp5","WIPF2",-0.0406203963886172,0.0374708638076456,0.278341370389254,-0.114061939921208,0.0328211471439736,7,0.00334612009714952,38.8466321322263,0.668106652398611
"6211","Lamp5","TNS2",-0.0160932414274345,0.0609046658386783,0.791597615275834,-0.135464192961691,0.103277710106822,6,0,0,0.940654672338996
"6212","Lamp5","PCDHB4",-0.062066782364695,0.0874794249025906,0.478013326818493,-0.233523304562049,0.109389739832659,7,0,0,0.809733193997441
"6213","Lamp5","LINC01619",-0.230911372343853,0.10310840403632,0.0251233373385102,-0.433000130758445,-0.0288226139292619,5,0.011741313118598,22.0792188588835,0.250184153863484
"6214","Lamp5","DNAJC3-DT",0.171546265816393,0.0999916033362695,0.0862340492192683,-0.0244336754791106,0.367526207111896,5,0.0213539415027206,48.1127156730605,0.420219835304873
"6215","Lamp5","DNAJB14",0.0701758956959423,0.027585871541254,0.0109620221056256,0.0161085809929361,0.124243210398949,7,0,0,0.170253016053476
"6216","Lamp5","ADGRF3",0.232965552853574,0.0852709343624649,0.00629391312838948,0.0658375925750639,0.400093513132084,6,8.63687364430072e-06,0.0180249745786618,0.133692552579769
"6217","Lamp5","CLGN",0.0630342310593374,0.0824982437863039,0.444826988496539,-0.0986593555496235,0.224727817668298,7,0.0033438810593218,6.63093517672685,0.789998528095377
"6218","Lamp5","ZBTB38",0.0755657405864878,0.031297701137815,0.0157603595343281,0.0142233735574721,0.136908107615503,7,0.00164917365996227,25.5088515783855,0.20239113629561
"6219","Lamp5","CRABP1",-0.124541178043292,0.135931299340284,0.359558450199918,-0.390961629121982,0.141879273035398,5,0,0,0.73483363923243
"6220","Lamp5","FUT11",0.0306646949065515,0.0989402552691546,0.756613100334483,-0.163254642042191,0.224584031855294,5,0.00373784880676814,6.62647610317442,0.926555528105898
"6221","Lamp5","LACTB2",0.113534685260788,0.0946418877315894,0.230285379409186,-0.0719600061220109,0.299029376643586,6,0.0165097261031867,32.1497977534348,0.621816209052182
"6222","Lamp5","RALB",-0.0032654443697722,0.0588895703879821,0.955779723505917,-0.118686881395253,0.112155992655709,7,4.71859586350835e-06,0.0171500943116451,0.992625038162505
"6223","Lamp5","FADS1",0.0815559773294944,0.0508794024291068,0.108950730925857,-0.0181658189864747,0.181277773645463,7,0,0,0.463734401407849
"6224","Lamp5","FBXO15",0.0165805275405992,0.0718245698992389,0.817433222416673,-0.124193042666989,0.157354097748187,6,0,0,0.950417319968123
"6225","Lamp5","C9orf78",-0.016945347797443,0.0833313728340283,0.838862292199804,-0.180271837334418,0.146381141739532,7,0.0201172101998691,50.0984815837274,0.958356578693386
"6226","Lamp5","CACNA2D3",0.0245267038139862,0.0397623849438714,0.537345669039769,-0.0534061386154193,0.102459546243392,7,0,0,0.839104775803267
"6227","Lamp5","MED12",-0.0389810994289331,0.0566472682514673,0.491366310095416,-0.150007705024388,0.0720455061665222,7,0,0,0.816204797966937
"6228","Lamp5","CTSK",0.151313990571653,0.0694168199714203,0.0292731377657524,0.0152595235063683,0.287368457636937,7,0,0,0.26566404710609
"6229","Lamp5","PCDH11X",-0.0291382506959429,0.0619634656193084,0.638177211020399,-0.150584411667073,0.0923079102751874,7,3.79052665420301e-07,0.00109492903412158,0.885086808739919
"6230","Lamp5","SGMS2",-0.0189725390381423,0.0686539459363598,0.782279020258222,-0.153531800469967,0.115586722393683,7,0,0,0.937343620161761
"6231","Lamp5","NRSN2-AS1",-0.0445354829430414,0.0510697728169591,0.383180165989217,-0.144630398362924,0.0555594324768411,7,1.97368865060786e-06,0.00909034657238079,0.752720087377968
"6232","Lamp5","DUS4L",-0.0278342996398234,0.12658709208703,0.825962583547411,-0.275940441038057,0.22027184175841,5,0.0238503761822179,30.2565798892428,0.954415053359983
"6233","Lamp5","LRFN1",0.0658556242443449,0.0745036693705082,0.376736930413365,-0.0801688844379311,0.211880132926621,7,0.00941965884020298,25.801483343365,0.747783726276089
"6234","Lamp5","ZNF385D-AS1",-0.253006283215499,0.122405888647261,0.0387393031543759,-0.492917416459752,-0.013095149971247,6,0.00600918262871999,6.0884625125205,0.302293287604642
"6235","Lamp5","KCNN1",-0.0528754303949433,0.0752274597721716,0.48213423546162,-0.200318542196835,0.0945676814069489,7,0.0115662558208608,32.6081079087351,0.811720289507115
"6236","Lamp5","GTF2A2",-0.0267700910222883,0.0769542759447082,0.727937747516143,-0.177597700330273,0.124057518285697,7,0.013787818251969,37.6164635863302,0.91848570611369
"6237","Lamp5","EMC4",-0.0290073125239604,0.0813355317047756,0.721363091236466,-0.188422025328736,0.130407400280815,7,0.011676731452729,26.6503191635433,0.915502622105158
"6238","Lamp5","ZKSCAN3",-0.0188896044676732,0.0625915527999856,0.76281093957534,-0.141566793692082,0.103787584756736,7,2.71821533387246e-07,0.000868284632139792,0.928494252049007
"6239","Lamp5","GMEB2",-0.121324937363751,0.0816310056167548,0.137210236407457,-0.281318768394377,0.0386688936668754,7,0.0127706423383144,29.7178813015908,0.509924202636351
"6240","Lamp5","PLCH1",-0.104998711414863,0.0683457755106747,0.124468060276477,-0.238953969911245,0.0289565470815187,7,0,0,0.486676597412247
"6241","Lamp5","OXSM",0.016612862730205,0.0687914357242239,0.809170646807283,-0.118215873734076,0.151441599194486,6,0,0,0.947505313342632
"6242","Lamp5","HCN3",0.23481391178652,0.0892272012769684,0.00849737377686794,0.0599318108423552,0.409696012730684,6,1.20499529638037e-06,0.00213348014650567,0.152812169921148
"6243","Lamp5","LIN9",-0.0105388245048075,0.0572614140310122,0.853976131370089,-0.122769133709428,0.101691484699813,7,0,0,0.96190472345748
"6244","Lamp5","NOA1",-0.0699058039516543,0.0749075826167427,0.350702602292788,-0.216721968049429,0.07691036014612,6,0.00742112776179764,22.4020014000993,0.72961567293043
"6245","Lamp5","COL6A6",0.0187365364485284,0.0960570347679934,0.845348818694148,-0.16953179215845,0.207004865055507,6,0,0,0.959421815061179
"6246","Lamp5","POFUT2",-0.0697095530732001,0.0536055166796225,0.193457908282963,-0.174774435137921,0.0353553289915211,7,0,0,0.587496984549506
"6247","Lamp5","NAV2-AS3",-0.182579251689489,0.163447762807196,0.263973134949966,-0.502930980145238,0.13777247676626,6,0.0561378625786604,38.2706843482331,0.65404384915092
"6248","Lamp5","FRS3",-0.0974807842009726,0.0647943606062177,0.132461931014473,-0.22447539739046,0.029513828988515,7,0.00364817491429403,12.0414044600085,0.50171017030722
"6249","Lamp5","POLM",-0.0924760166077793,0.0774704878548518,0.232597890030932,-0.244315382668036,0.059363349452478,6,0.000775735879760593,1.92161568479919,0.623483577547008
"6250","Lamp5","DTYMK",-0.0427770847428961,0.0720907467748371,0.552928008227086,-0.184072352040174,0.0985181825543816,6,0.00710105579155805,23.25228118169,0.847358654329107
"6251","Lamp5","TGFBR1",0.215920817670977,0.0785934642957677,0.00600858285820638,0.0618804582310374,0.369961177110916,6,2.95761638376685e-06,0.00694069123053819,0.131360874474618
"6252","Lamp5","DUOX1",0.0148893429633407,0.0973285272072735,0.878413845799561,-0.175871065031242,0.205649750957923,6,0,0,0.971284178999175
"6253","Lamp5","AGFG2",-0.084308849318469,0.067374169749236,0.21080582567604,-0.21635979551526,0.0477420968783216,7,0,0,0.600992362515195
"6254","Lamp5","LRRN3",0.0559231832504576,0.0437739940170321,0.201410419234638,-0.0298722684823971,0.141718634983312,7,0,0,0.592262531366811
"6255","Lamp5","ZMYM4-AS1",0.0501608776270682,0.101612544385964,0.621554459421683,-0.148996049746898,0.249317805001035,7,0,0,0.877933018781526
"6256","Lamp5","TRMT2A",-0.129027402023457,0.0600157013991122,0.0315635928589698,-0.246656015272627,-0.0113987887742874,7,0.00139976287400142,5.08051482158007,0.276048929786242
"6257","Lamp5","MAP3K11",-0.0398000518737962,0.0570854564189817,0.485676853484924,-0.151685490496031,0.0720853867484388,7,2.1550010903915e-06,0.00819319015006418,0.813788901350183
"6258","Lamp5","CACTIN",0.0095458014653585,0.0691717770854831,0.890239318098134,-0.126028390368821,0.145119993299538,7,0,0,0.975244527597324
"6259","Lamp5","ZNF554",-0.0862801114022656,0.0626546021570489,0.168488937072166,-0.209080875095767,0.0365206522912358,7,8.16544379772432e-06,0.0259325844098794,0.556772367628085
"6260","Lamp5","PEX5",-0.0116303429158826,0.0358908414784268,0.745901957743793,-0.0819750995884354,0.0587144137566702,7,0,0,0.923981530672427
"6261","Lamp5","DCAF1",-0.0485322334972678,0.039468326285788,0.218828140146506,-0.125888731547488,0.0288242645529523,7,0.00190561373020688,17.6447190980055,0.608563630437471
"6262","Lamp5","OGG1",-0.0714772103467644,0.0463350601276655,0.122923946191942,-0.162292259418487,0.0193378387249578,6,0,0,0.484524545982015
"6263","Lamp5","ATP8A1",0.140930789824575,0.0412308128507133,0.000630613470442707,0.0601198815838658,0.221741698065284,7,0.00265836213240209,23.1806881155032,0.0477310537533186
"6264","Lamp5","DRC3",-0.0369628752869629,0.0788408429614489,0.639191853738544,-0.191488088002181,0.117562337428255,7,0,0,0.885553218125492
"6265","Lamp5","PCAT1",-0.0246956265545089,0.135191360633405,0.855055675144958,-0.289665824416949,0.240274571307931,7,0.0765665225689107,65.6223962322284,0.962319858748217
"6266","Lamp5","IRAK3",0.104835214707714,0.087346867562224,0.230054988597395,-0.0663614998766354,0.276031929292063,7,0.00560533122536064,10.1959770159614,0.621816209052182
"6267","Lamp5","C9orf153",0.0890631977646318,0.108461283794804,0.41155970595208,-0.123517012190162,0.301643407719425,7,0.0190462531467048,24.3863706645235,0.770723852721724
"6268","Lamp5","PPP1R11",0.00721679216812261,0.0700837496195218,0.917983740597912,-0.130144832987663,0.144578417323908,7,2.16024174297107e-06,0.00552384474991618,0.982034846928207
"6269","Lamp5","MAGT1",-0.0274889659333431,0.0822723550646882,0.738287846988211,-0.188739818783423,0.133761886916737,7,0.0178417295427749,44.3015863593455,0.921912457070866
"6270","Lamp5","RPS10-NUDT3",0.043101125386856,0.0661470968583969,0.514662397926799,-0.0865448021374845,0.172747052911196,7,0,0,0.826814324001202
"6271","Lamp5","TMEM115",-0.0347413113841624,0.1122411851568,0.756923156473788,-0.254729991873582,0.185247369105258,5,0.0182503223083159,29.4501973358714,0.926555528105898
"6272","Lamp5","COMMD2",0.114295770236728,0.0721048579374811,0.112936180785775,-0.0270271544311117,0.255618694904568,7,0.0102675961472595,31.7198420810162,0.468309218452526
"6273","Lamp5","FAM66D",0.022488415742588,0.059024668053488,0.70320303212978,-0.0931978078416804,0.138174639326856,7,8.65498634922853e-08,0.000319584373171002,0.909107987358836
"6274","Lamp5","ERO1B",0.0707575470764307,0.0263048213348564,0.00714717382730804,0.0192010446403515,0.12231404951251,7,0,0,0.141746354561819
"6275","Lamp5","ZNF440",-0.175338355683376,0.0730260389780369,0.0163486012879884,-0.318466762013947,-0.0322099493528058,7,0,0,0.205838258170052
"6276","Lamp5","USF1",-0.0564620159563564,0.074863844274455,0.45073150655736,-0.203192454478503,0.0902684225657905,7,0,0,0.794077894076118
"6277","Lamp5","DCLK1",0.11121135168647,0.047415569180577,0.0190035844614911,0.0182785437860717,0.204144159586868,7,0.00595621241564933,42.7622022153052,0.221289061903575
"6278","Lamp5","CUL4A",-0.0454470081913409,0.0306963737231043,0.138730939856942,-0.105610795144607,0.0147167787619253,7,0.000396203833339539,5.54777747613773,0.5124964415619
"6279","Lamp5","EID2",0.0224476347644238,0.0662699866744939,0.734813113816414,-0.107439152373533,0.152334421902381,7,0,0,0.92078041257867
"6280","Lamp5","GSPT2",0.0363577861605748,0.0790096071099786,0.645394790701814,-0.118498198207643,0.191213770528793,6,0.00628711576872028,16.5330025514679,0.88705623514573
"6281","Lamp5","MAML1",-0.0123209778507334,0.0368392745444051,0.738038325621858,-0.0845246291743506,0.0598826734728838,7,0,0,0.921796379750579
"6282","Lamp5","PELP1",-0.0640308750409705,0.0352635236322578,0.0694038039685392,-0.133146111328173,0.00508436124623191,7,0,0,0.382747846461464
"6283","Lamp5","RGN",-0.0967894544049849,0.0675116623983946,0.151666417528595,-0.229109881242265,0.0355309724322955,7,0,0,0.531613109772583
"6284","Lamp5","TNPO3",0.0601137668121966,0.0272354929997944,0.0273011496029643,0.00673318143140686,0.113494352192986,7,0,0,0.258183514841743
"6285","Lamp5","MKRN1",-0.0210762670989396,0.0530953953862392,0.691403638979192,-0.125141329800882,0.0829887956030034,7,0.00595709803899151,34.0619197140581,0.904801979217278
"6286","Lamp5","CACNA2D2",0.043149808560609,0.0473963643023722,0.36260983477293,-0.0497453584701804,0.136044975591398,7,0.0020526941785505,12.7784945148742,0.737060720214394
"6287","Lamp5","INO80E",-0.0296810452399376,0.063690571633126,0.641201577645657,-0.154512271795633,0.0951501813157577,7,0.00700090466434425,26.5282203193215,0.886079231229999
"6288","Lamp5","ANKRD29",0.0155652654639279,0.0549415389791267,0.776942308676183,-0.092118172190364,0.12324870311822,7,0.00545339150291662,27.5939329682488,0.934945096602572
"6289","Lamp5","SAT1",-0.107969756847279,0.0522393528221225,0.0387503645704421,-0.21035700695432,-0.00558250674023843,7,0,0,0.302293287604642
"6290","Lamp5","GIHCG",0.111098510248757,0.0663728819967473,0.0941593077248169,-0.018989948014995,0.241186968512508,5,0,0,0.43681170653242
"6291","Lamp5","ADD2",-0.0303161957312927,0.0242598916826754,0.211430109762332,-0.0778647096981794,0.0172323182355939,7,0,0,0.601592358469601
"6292","Lamp5","TRDMT1",-0.0079209002762224,0.0387102443939107,0.837868825048099,-0.0837915851210308,0.067949784568586,7,6.44501186789584e-06,0.0534511815720941,0.958345542185359
"6293","Lamp5","PDHX",0.0123600421648088,0.0547157187159781,0.821282590847383,-0.0948807959067323,0.11960088023635,6,0.00999779886448499,60.4319613540714,0.95212614925907
"6294","Lamp5","BCDIN3D",0.0456390044144146,0.0686204150854705,0.505990576501563,-0.0888545377572966,0.180132546586126,7,0,0,0.822824639047686
"6295","Lamp5","ENKUR",0.0658643183601026,0.0982920235883838,0.502801610723468,-0.126784507840691,0.258513144560896,6,0,0,0.822278216591144
"6296","Lamp5","DIAPH2-AS1",0.00854845696643671,0.0967207782529753,0.929572400456683,-0.18102078496608,0.198117698898953,7,0,0,0.984673393915223
"6297","Lamp5","SCN2B",-0.0495076867152551,0.0442622088574405,0.263349590128938,-0.136260021952028,0.037244648521518,7,8.36350186889582e-07,0.00503249494833524,0.653860744816006
"6298","Lamp5","TRIM23",0.00586450087422936,0.0284732199032272,0.836817863239378,-0.0499419846599851,0.0616709864084438,7,0,0,0.958081489492012
"6299","Lamp5","AOAH",-0.13925721638603,0.0643697162949101,0.030510699595485,-0.265419542019115,-0.013094890752945,7,0,0,0.271576462501495
"6300","Lamp5","SETD5",0.082766897921288,0.0287639133271668,0.00400895684237984,0.0263906637456093,0.139143132096967,7,0.000514698328120529,8.53917446308459,0.107495061586308
"6301","Lamp5","DBNDD1",-0.0736584616458554,0.0654735909871001,0.260584686419566,-0.201984341919078,0.054667418627367,7,0,0,0.651489759092311
"6302","Lamp5","SUMF1",-0.0126576032949147,0.0532345855824725,0.812059256584662,-0.116995473768476,0.0916802671786466,7,0.00369111848725114,18.8010229077207,0.948815753829332
"6303","Lamp5","TRAF2",0.0284937403455832,0.0666977874453507,0.669228796206841,-0.102231520895812,0.159219001586978,6,0,0,0.897891293405697
"6304","Lamp5","RNF139",0.0140336014193656,0.0467601677794695,0.76408660510536,-0.0776146433394449,0.105681846178176,7,0,0,0.929520698143993
"6305","Lamp5","SRF",0.0439793184052862,0.076084273407072,0.563240973782061,-0.105143117262474,0.193101754073046,7,0.00549730793415816,13.3701586415709,0.852935819308762
"6306","Lamp5","RORB",0.060514126345366,0.0789210804074454,0.443219711327331,-0.0941683488742166,0.215196601564949,6,0,0,0.789496392228061
"6307","Lamp5","EBPL",0.0158989812993467,0.0506888670354428,0.753780613708748,-0.0834493725072608,0.115247335105954,7,0,0,0.926555528105898
"6308","Lamp5","SRD5A3-AS1",-0.149476713270714,0.0955775251479831,0.117833628975712,-0.336805220292232,0.0378517937508042,5,0,0,0.475020057075911
"6309","Lamp5","LYSMD4",-0.067600438032002,0.053150691598834,0.203421532876886,-0.171773879319112,0.0365730032551082,7,0,0,0.593161131697475
"6310","Lamp5","GAS2L1",-0.165407379099004,0.0762873348078377,0.030142296714004,-0.314927807798915,-0.0158869503990934,7,0.00863882230887841,22.1892819783851,0.269410856803269
"6311","Lamp5","BTN3A2",0.272512762716431,0.109804204370551,0.0130718322606476,0.0573004767990757,0.487725048633787,7,0.0284502675200587,36.342219121382,0.185220428915977
"6312","Lamp5","DOHH",0.0667107616402943,0.0784759583554426,0.39528118426139,-0.0870992903886382,0.220520813669227,6,2.24470188773853e-06,0.005330037003368,0.760002392368993
"6313","Lamp5","LIX1L",0.0750871232028299,0.0608643366235766,0.217322117952311,-0.0442047845223024,0.194379030927962,7,0,0,0.607397120257931
"6314","Lamp5","NOXA1",-0.0930469497063943,0.0622289419704711,0.134852880414176,-0.215013434764551,0.028919535351762,7,0.00275925797590976,9.64137719617336,0.505708873274735
"6315","Lamp5","MORN2",-0.140801724283648,0.107651506470359,0.190893620222788,-0.351794799847032,0.0701913512797359,6,0.0198572511296619,29.9948451837398,0.585277331840707
"6316","Lamp5","ZNF334",-0.0136610942752919,0.0541267428881784,0.800738977198218,-0.119747560936581,0.0924253723859973,7,0.00574883170982092,30.9888149703483,0.944568694842522
"6317","Lamp5","IL27RA",-0.0200538408673014,0.0727899620610938,0.78292994847208,-0.162719544943082,0.122611863208479,7,0,0,0.937343620161761
"6318","Lamp5","RIMBP2",-0.0784501626716803,0.03375482824629,0.0201192360377111,-0.144608410338744,-0.0122919150046165,7,0,0,0.226772802803946
"6319","Lamp5","SP2",-0.0760989871371774,0.0556899064492357,0.171789234050461,-0.185249198080084,0.0330512238057295,7,0,0,0.56276410520658
"6320","Lamp5","PLEKHG3",-0.0019124646833486,0.0682344532285249,0.977639942714595,-0.13564953551604,0.131824606149343,7,4.76448856192216e-06,0.0116125485801579,0.997093441046833
"6321","Lamp5","IFT140",-0.0012552340061708,0.0424547640172184,0.976412872438745,-0.084465042452066,0.0819545744397244,7,0,0,0.997093441046833
"6322","Lamp5","MICALL2",-0.0607040318180519,0.0476305615312208,0.202494592419104,-0.154058216982664,0.0326501533465599,7,0,0,0.593100698092191
"6323","Lamp5","ZFHX2",0.0391543229585904,0.0437761331477449,0.371096312077981,-0.0466453213934197,0.124953967310601,7,0.00204300687485698,15.1531960716121,0.743249170346772
"6324","Lamp5","SYT4",-0.0325369102273946,0.0489394236163836,0.506152523904606,-0.128456417939655,0.0633825974848662,7,0,0,0.822824639047686
"6325","Lamp5","PAN2",0.0317622512952457,0.0455858223905609,0.485954737034093,-0.0575843187958934,0.121108821386385,7,0,0,0.813793954483181
"6326","Lamp5","RPA1",0.126313895369039,0.0520295450801513,0.0151934822729825,0.0243378608799391,0.228289929858139,7,0.00526705087830975,30.8225664595839,0.197713661047441
"6327","Lamp5","LINC00240",0.0387348418833777,0.0747947629202987,0.60454078366158,-0.10786019967262,0.185329883439375,7,0,0,0.868954715361638
"6328","Lamp5","SPDYE5",-0.123910333959159,0.130186212693841,0.341201941559702,-0.379070622122759,0.131249954204441,6,0.0341960186339081,36.6194722034765,0.721945155540071
"6329","Lamp5","CEP41",0.0469172932156759,0.0805458020748808,0.56023526275262,-0.110949577956982,0.204784164388334,7,0.0206528434360611,54.4860354036894,0.851315566360684
"6330","Lamp5","TOX4",-0.0783587484883411,0.0464731005889158,0.0917746604405958,-0.169444351892523,0.0127268549158411,7,0.00257392235646986,17.2383989184974,0.433122795662623
"6331","Lamp5","BTG3",0.0213542526527583,0.0831299837088474,0.797273059258781,-0.141577521451984,0.184286026757501,7,0,0,0.943226894493407
"6332","Lamp5","UCN",-0.0743701195010284,0.0582755836700764,0.201891987045187,-0.188588164672429,0.0398479256703718,7,0,0,0.592631191281858
"6333","Lamp5","RANBP1",-0.0932845975197789,0.0816298747264517,0.253131932445853,-0.253276212046141,0.0667070170065828,7,0.011143054503205,25.5231148715959,0.643401653585538
"6334","Lamp5","PSKH1",-0.0610821033311392,0.0535743684778579,0.254229356933017,-0.166085936042219,0.0439217293799403,7,0,0,0.645231086494472
"6335","Lamp5","PPP1R35",-0.139598903593767,0.0903715780555721,0.12241368498399,-0.316723941808738,0.037526134621205,7,0.016527849014159,31.5207030013793,0.483792114801566
"6336","Lamp5","FZD3",0.0729752752158729,0.0376317563333995,0.0524777227757682,-0.000781611872577068,0.146732162304323,7,0.00166470085854545,16.9509726516888,0.341076677540984
"6337","Lamp5","PLD6",0.0876849528918466,0.0608275840612604,0.149434239517197,-0.0315349211348065,0.2069048269185,6,0,0,0.528566717061862
"6338","Lamp5","DIMT1",0.0457390428488901,0.0515324561058906,0.374768120699112,-0.0552627151535466,0.146740800851327,7,0,0,0.746353364769472
"6339","Lamp5","TMX1",0.0600345897662656,0.0688009598577271,0.382890078558584,-0.0748128136566655,0.194881993189197,7,0.00427734771694575,12.6447102543747,0.752720087377968
"6340","Lamp5","RBM19",-0.035287033072172,0.0406335049559536,0.385163309281511,-0.114927239351471,0.0443531732071268,7,6.37038649622265e-07,0.00478382177998549,0.754301151281523
"6341","Lamp5","NUFIP2",0.106827094350436,0.0367993060515738,0.00369648046566229,0.0347017798332849,0.178952408867588,7,0.00156811720138957,16.6549044318127,0.102367773426522
"6342","Lamp5","ZFP64",-0.0763830957194503,0.0574716061500719,0.183828848053701,-0.189025373907262,0.0362591824683613,7,0.00701634933721911,33.7272452113465,0.576103038226994
"6343","Lamp5","SFRP4",-0.084280609911154,0.154405771849031,0.585176978244455,-0.386910361740364,0.218349141918056,6,0.0399981056870477,30.0859454056354,0.859889284679671
"6344","Lamp5","MRPL19",-0.028943300504634,0.0386751243249502,0.454237048310388,-0.104745151279145,0.0468585502698773,6,0,0,0.796279809549095
"6345","Lamp5","ZNF699",-0.0324705270138502,0.056898734311408,0.568221853301977,-0.143989997030123,0.0790489430024229,7,0,0,0.853511583813389
"6346","Lamp5","TARID",-0.0470346214856702,0.0946131803430758,0.619100576532479,-0.232473047420892,0.138403804449551,7,3.63574524328608e-06,0.00521170606170335,0.877471007323414
"6347","Lamp5","MARK3",-0.0191607912352061,0.024478223439859,0.433762852780525,-0.0671372275828539,0.0288156451124417,7,1.75729344483358e-06,0.0359589352553641,0.783353965026019
"6348","Lamp5","ANKRD31",0.0486737335097657,0.0744095968715437,0.513026462877485,-0.0971663964626042,0.194513863482135,6,0,0,0.826138184151139
"6349","Lamp5","PDGFRL",0.0296399732452337,0.0726101221177691,0.683121576744749,-0.112673251018649,0.171953197509116,7,0,0,0.902529462625427
"6350","Lamp5","TP53RK",-0.00498570296618039,0.0647583047980488,0.938631978314951,-0.131909648070223,0.121938242137863,6,0,0,0.986648852449703
"6351","Lamp5","ATP1A1",-0.0404690645120099,0.0366243512133187,0.26916956978388,-0.11225147384726,0.0313133448232405,7,0,0,0.658979599213106
"6352","Lamp5","DDX54",-0.0922346560211898,0.0614854610304541,0.13358717017118,-0.212743945213721,0.0282746331713413,7,0,0,0.503337448771391
"6353","Lamp5","SUOX",-0.0139282980870995,0.0672495515763156,0.835921125297839,-0.145734997153147,0.117878400978948,6,8.19829121312317e-08,0.000273511206823524,0.958003625387149
"6354","Lamp5","SH3BGRL3",0.00919401999102511,0.138294998090013,0.946994710059388,-0.261859195507436,0.280247235489486,6,0.0497348813189796,47.5394753909577,0.988919816416366
"6355","Lamp5","JPT2",0.0096509084019559,0.0600718939990793,0.872364369688244,-0.108087840319347,0.127389657123259,5,0,0,0.968577940382375
"6356","Lamp5","DCAF4",0.0136983802863593,0.0611065800652822,0.822623520497719,-0.106068315860007,0.133465076432726,7,6.36486229004614e-06,0.0211891161950329,0.952532405270354
"6357","Lamp5","TLE1",0.0142353231710307,0.0728806896936103,0.845139574521663,-0.128608203796885,0.157078850138946,7,0,0,0.959421815061179
"6358","Lamp5","INTS13",-0.114509801447233,0.0530349995099087,0.0308395812703113,-0.218456490406753,-0.0105631124877124,5,0,0,0.272788870126963
"6359","Lamp5","CRTC3-AS1",-0.00627958036450048,0.070276605155575,0.928799623323645,-0.144019195425169,0.131460034696168,7,0,0,0.984359685867376
"6360","Lamp5","PDK2",0.033120653461723,0.0453310152847099,0.464999066794092,-0.0557265038789431,0.121967810802389,6,0,0,0.800708976211741
"6361","Lamp5","CIC",-0.0892070227018153,0.0506872796125278,0.0784164687543847,-0.188552265216681,0.0101382198130504,7,0,0,0.40526471470773
"6362","Lamp5","C5orf22",0.0478586076887104,0.0387262702131722,0.216526358125958,-0.0280434871846734,0.123760702562094,7,6.12524633127568e-07,0.0049893889677691,0.607283648398929
"6363","Lamp5","PYM1",-0.115519804376158,0.0798856678111927,0.148159195557007,-0.272092836167026,0.0410532274147104,7,0.00853824867163529,19.6308545492584,0.526805492887568
"6364","Lamp5","CINP",-0.0417218878186347,0.0430658136894099,0.332648144085394,-0.12612933161479,0.0426855559775207,7,2.63174693492911e-06,0.0176504034639891,0.714489691112083
"6365","Lamp5","SLC26A5",-0.0195857526529834,0.097203243714613,0.840313267539525,-0.210100609514094,0.170929104208128,5,0,0,0.958356578693386
"6366","Lamp5","INPP5J",-0.1752802119289,0.0971068994005754,0.0710710426153947,-0.365606237404382,0.015045813546582,6,0.0180792813771892,34.3079905241361,0.386804505912428
"6367","Lamp5","SHQ1",0.18836410410274,0.0525647798079492,0.00033906484582876,0.0853390288238817,0.291389179381599,7,1.90669320165044e-06,0.00874644226393573,0.0372007017547352
"6368","Lamp5","AKAP10",0.00388375952988297,0.0253696506931175,0.878329797643569,-0.0458398421289889,0.0536073611887549,6,0,0,0.971284178999175
"6369","Lamp5","IRS2",0.0326675152022728,0.0363539242881105,0.368867534615187,-0.0385848670991197,0.103919897503665,7,0.00011300775208538,1.07587524570959,0.741268164419932
"6370","Lamp5","KCTD9",0.0230647051439223,0.0584497313969636,0.693132542747434,-0.0914946633001663,0.137624073588011,6,0,0,0.905326788850651
"6371","Lamp5","ETFBKMT",-0.0359181933122942,0.0706878324268035,0.611366294330536,-0.174463799014032,0.102627412389443,6,0,0,0.874121429918725
"6372","Lamp5","STK17B",-0.00871177703925314,0.0835993014765003,0.917003706123309,-0.1725633970659,0.155139842987394,7,8.71304546084551e-07,0.00160013033181297,0.981601084991823
"6373","Lamp5","DLX6-AS1",-0.17980307007455,0.176800677742654,0.309162091323138,-0.526326030892425,0.166719890743325,5,0.108014093714058,74.8334212244491,0.696879927838551
"6374","Lamp5","FLII",-0.070197028698138,0.0756266072898217,0.353301010358013,-0.218422455259143,0.0780283978628668,7,0.0129433540093847,36.6294394996371,0.730990792884339
"6375","Lamp5","TSC22D3",0.0749940306758618,0.062604972153666,0.23095884460313,-0.0477094599984566,0.19769752135018,7,1.03704500962172e-06,0.00326300459162417,0.622173557622513
"6376","Lamp5","KAT5",-0.094643465642004,0.0579771563262683,0.102589600448807,-0.208276603967538,0.0189896726835304,6,0,0,0.45338840789626
"6377","Lamp5","CADM2-AS2",-0.0786927042607105,0.111040885041907,0.478521682173158,-0.2963288397543,0.138943431232879,7,5.44126699251546e-06,0.00550835217546875,0.809884064125218
"6378","Lamp5","BLOC1S4",-0.0636756980122127,0.0765604929650891,0.405575822754964,-0.21373150686242,0.0863801108379941,7,4.29255226822718e-07,0.000914517379544977,0.767085444302802
"6379","Lamp5","FYTTD1",0.04153310573927,0.0336628599971396,0.217278889070165,-0.0244448874717377,0.107511098950278,7,0.000235522916199651,2.6388104078655,0.607397120257931
"6380","Lamp5","UAP1",0.0313039106889616,0.0451378502263449,0.487984546580414,-0.0571646500942376,0.119772471472161,7,0,0,0.814652322725058
"6381","Lamp5","SFXN2",0.00695382898984483,0.0485634685447641,0.886139705623067,-0.0882288203222365,0.102136478301926,6,0,0,0.974011298943957
"6382","Lamp5","DNAJC24",0.0423467594532392,0.0362153658857052,0.242281313807861,-0.0286340533696835,0.113327572276162,7,0,0,0.634451006455478
"6383","Lamp5","GRWD1",-0.140462575469706,0.0752059624700705,0.0618031580576295,-0.287863553333716,0.0069384023943026,6,0,0,0.366619031354758
"6384","Lamp5","CPNE2",-0.000784623404903966,0.0910088859926985,0.993121208564842,-0.179158762223705,0.177589515413897,7,0.014856736687853,27.4079222577174,0.998654866216999
"6385","Lamp5","CETN2",0.11478944866122,0.0893448374588293,0.198865306326338,-0.0603232149626702,0.289902112285111,5,0,0,0.591011480704938
"6386","Lamp5","MYOT",0.0683324751077833,0.0999855511132707,0.494339275892079,-0.127635604048616,0.264300554264183,6,0,0,0.81779405901804
"6387","Lamp5","SCIMP",-0.0265121673550967,0.0733087518747277,0.717613011970659,-0.170194680781146,0.117170346070953,7,0,0,0.914692242617958
"6388","Lamp5","G2E3",0.0872102689117807,0.0298081096256293,0.00343656889155877,0.0287874475983257,0.145633090225236,7,0,0,0.0991360454196024
"6389","Lamp5","DDX31",0.0120299461898759,0.0530983100479483,0.820766000418526,-0.092040829144044,0.116100721523796,7,0.00389516002657147,20.3095180070777,0.952018241840247
"6390","Lamp5","NFIL3",0.113138965691341,0.0810646845694698,0.162816057614515,-0.0457448964829195,0.272022827865602,7,0,0,0.548792906711381
"6391","Lamp5","HELB",0.171127512581459,0.0926038958941906,0.0646093526871935,-0.0103727881992516,0.352627813362169,7,1.92647546151974e-06,0.00281931988695219,0.371880205906429
"6392","Lamp5","VEZF1",0.141172186039719,0.0471790764272321,0.00276917947087529,0.0487028954184814,0.233641476660956,7,0,0,0.0888998773930437
"6393","Lamp5","MCRIP2",-0.0447910472344462,0.0595999121897539,0.452334507809435,-0.161604728608114,0.0720226341392211,6,2.5129824271374e-05,0.103260146368843,0.7951327390625
"6394","Lamp5","ZNF681",0.0682965890458191,0.0713536169317877,0.338488193036686,-0.0715539303071522,0.20814710839879,7,0,0,0.719260025788051
"6395","Lamp5","NSMCE4A",-0.0125980217952496,0.0556498534668533,0.820905770537389,-0.121669730335213,0.0964736867447143,7,0,0,0.952018241840247
"6396","Lamp5","CCDC73",0.0977919421117805,0.111652467053638,0.381106087197344,-0.121042872098395,0.316626756321956,6,0.0220306635637488,31.4495660574559,0.751467056354994
"6397","Lamp5","MCOLN1",-0.119539398319167,0.0872854181914707,0.17083581260713,-0.290615674349967,0.0515368777116329,7,0.0128579254679226,25.7165947619365,0.561270737079304
"6398","Lamp5","SF3A1",-0.061298723884832,0.0540523049675259,0.256768085593087,-0.167239294902558,0.0446418471328943,7,0,0,0.647561014815183
"6399","Lamp5","ZNF649",0.0503866545621035,0.054213701217071,0.352677617103793,-0.0558702472919709,0.156643556416178,7,0,0,0.730623184965952
"6400","Lamp5","FUCA1",0.0389677673592819,0.0562409034449743,0.488389658371348,-0.0712623778508624,0.149197912569426,7,4.75598207725825e-06,0.0183305711115236,0.814652322725058
"6401","Lamp5","COX11",-0.0611442935467122,0.0456499974264215,0.180435592904453,-0.150616644396845,0.0283280573034201,6,0.00349778373876797,29.7133550049933,0.572750900978019
"6402","Lamp5","MKRN2OS",-0.0884665093322202,0.0885096421890557,0.317546401522249,-0.261942220307296,0.085009201642856,7,0.00258495249484829,4.23132478203663,0.701947766322472
"6403","Lamp5","SDCBP2-AS1",-0.0236871611567952,0.0410194909370574,0.563627996351671,-0.104083886057595,0.0567095637440044,7,0,0,0.852935819308762
"6404","Lamp5","PXN-AS1",-0.0574538016510351,0.0690472568320272,0.405355941206638,-0.192783938273096,0.0778763349710253,7,0,0,0.76705585655051
"6405","Lamp5","ENTPD6",0.00163271156009499,0.0373290863420222,0.965112992711454,-0.0715309532460546,0.0747963763662446,7,0.000878656169764346,8.49135721358846,0.99444464399303
"6406","Lamp5","ANAPC4",-0.0292341216078755,0.0325908307747683,0.369716519987351,-0.093110976152661,0.03464273293691,7,0,0,0.741486873434852
"6407","Lamp5","MAPKAPK2",-0.0730591596274471,0.0572588893631142,0.201975171808793,-0.185284520573915,0.0391662013190203,7,0.00268024008909521,11.2922676571122,0.592631191281858
"6408","Lamp5","AK6",-0.030906108144207,0.0446232304559331,0.488559784144503,-0.118366032711667,0.0565538164232526,7,0,0,0.814652322725058
"6409","Lamp5","VTI1B",-0.0778701333848456,0.0476711234519833,0.102366731893929,-0.171303818453296,0.0155635516836045,7,0.000781432117269007,4.38058997731064,0.45322728894802
"6410","Lamp5","LINC00539",0.0227232076270155,0.0843699561406121,0.787677140437869,-0.142638867785808,0.188085283039839,5,0,0,0.938643357904296
"6411","Lamp5","ACAT2",0.0363968911060025,0.140244270331012,0.79523021274627,-0.238476827780881,0.311270609992886,7,0.0604339298968888,51.1966926100564,0.942719876509976
"6412","Lamp5","TAF5",0.074339896900971,0.0977761630101889,0.447071124718169,-0.117297861145517,0.265977654947459,7,0.0305993259894117,54.3072527734841,0.791198063024265
"6413","Lamp5","CDK20",-0.101217854041709,0.0721091031061832,0.160415200990573,-0.242549099087313,0.0401133910038954,6,0,0,0.544692046747946
"6414","Lamp5","TVP23B",-0.109563106870936,0.0576731950649429,0.0574694536724064,-0.222600492071577,0.00347427832970522,7,0,0,0.353796724460948
"6415","Lamp5","ERCC4",0.0525530284430705,0.0367033906854004,0.152192381402043,-0.0193842954108172,0.124490352296958,7,0,0,0.532357472344657
"6416","Lamp5","CSTF2T",-0.102408282159808,0.11918262199613,0.390199760562269,-0.336001928855274,0.131185364535658,6,0.0378837753903284,50.0232276012114,0.756630141601695
"6417","Lamp5","NR2F6",0.0756460353661792,0.0699698823365395,0.279642490968301,-0.0614924140159435,0.212784484748302,7,0,0,0.669571143037904
"6418","Lamp5","RHBDD3",-0.0277219149587026,0.0472512777268033,0.557411031900846,-0.120332717526737,0.0648888876093316,7,0.00192980311784775,11.9812652246026,0.850265118686508
"6419","Lamp5","TOP3B",0.0230047833577693,0.0710765772174794,0.746193983311255,-0.116302748132871,0.162312314848409,7,0.00681332662823578,19.6540792415074,0.923981530672427
"6420","Lamp5","SLC26A4",-0.0976777822518775,0.106266020256622,0.35800053593211,-0.305955354735261,0.110599790231506,7,0.0440863693407825,61.9609066707025,0.734070103206193
"6421","Lamp5","SMCO4",-0.0142958472730579,0.072606679544941,0.843910190410475,-0.156602324218183,0.128010629672068,7,0,0,0.959421815061179
"6422","Lamp5","C6orf47",0.0114392851985962,0.0786237389370185,0.884320823274649,-0.14266041144784,0.165538981845032,7,0,0,0.973192565272888
"6423","Lamp5","GRAMD1A",-0.108504006817644,0.0597661623951558,0.0694508593378523,-0.225643532606321,0.00863551897103375,7,0.00771738458182485,35.3103195927543,0.382747846461464
"6424","Lamp5","C2orf80",0.0384558348907549,0.0880486882766642,0.662287966000892,-0.134116423017501,0.211028092799011,7,0,0,0.894343020032145
"6425","Lamp5","HIPK4",-0.0423063763145849,0.102736436332732,0.680489504445388,-0.243666091426732,0.159053338797563,7,0.00729209762619038,9.08243732171822,0.901733822525915
"6426","Lamp5","AKIRIN2",0.0765325385223233,0.0391584897369264,0.0506503512358533,-0.00021669105103371,0.15328176809568,7,4.45124401207182e-05,0.346477806937814,0.336889627602653
"6427","Lamp5","C1orf174",-0.0236289317102477,0.0700911962996982,0.736028725346997,-0.161005152090983,0.113747288670488,7,0,0,0.92139162463356
"6428","Lamp5","ZNF3",-0.0684540017264747,0.0544421846873667,0.208619474675583,-0.175158722953391,0.0382507195004419,7,4.19267861657438e-06,0.0174555700510843,0.597883454574637
"6429","Lamp5","GGH",0.104397118760443,0.0750984642782058,0.164487421479762,-0.0427931665191081,0.251587404039994,7,0,0,0.550855523236202
"6430","Lamp5","TMED5",0.108541714499386,0.0418759616696438,0.00954249256847877,0.0264663378089046,0.190617091189868,7,0,0,0.160983406567366
"6431","Lamp5","SWI5",0.0684099020917166,0.0718202444236453,0.340835566070067,-0.0723551903394918,0.209174994522925,6,0.0108113111974291,39.63872125058,0.721552935852705
"6432","Lamp5","SLC9A8",-0.115944892595668,0.0436432729105378,0.00789213772068982,-0.201484135667775,-0.0304056495235612,7,0.000211642951131861,1.379369651282,0.148573498737866
"6433","Lamp5","ADO",-0.040522562717509,0.0832294935427565,0.626345187482966,-0.203649372512821,0.122604247077803,6,4.99239959139859e-06,0.0104327633897139,0.880609228439783
"6434","Lamp5","SCAF4",-0.00020309918005365,0.0308944310140571,0.994754765582515,-0.0607550712904629,0.0603488729303556,7,0,0,0.998808560940909
"6435","Lamp5","TMEM132C",0.0550395485993422,0.0474236912715977,0.245807929834263,-0.0379091783069358,0.14798827550562,7,2.74402479389684e-07,0.00157733507871555,0.637156727407784
"6436","Lamp5","MIATNB",-0.115292711660858,0.0584969997670447,0.0487334086836308,-0.229944724407913,-0.000640698913802307,7,0.00529866957754339,23.0538885599069,0.329453269896858
"6437","Lamp5","ADRB1",-0.00185360296232671,0.12228900054891,0.987906479335697,-0.24153563974359,0.237828433818936,6,0.0382484296067497,45.2537729513961,0.997642964865483
"6438","Lamp5","LSMEM1",0.118233745381222,0.112516831185829,0.293346131493806,-0.102295191397577,0.33876268216002,5,0,0,0.68384363782797
"6439","Lamp5","DMGDH",0.168979067553224,0.0529281615760361,0.00140992404995232,0.0652417770962767,0.272716358010172,6,2.96726830938795e-06,0.0158737050635929,0.066687732691207
"6440","Lamp5","HSF2",-0.00444170040665368,0.0307524456394509,0.885157727199148,-0.0647153862965033,0.0558319854831959,7,5.54716645620745e-07,0.00717792679612265,0.973699210768347
"6441","Lamp5","ATP23",0.0663400430209378,0.0670546050204473,0.322495068449304,-0.0650845678166976,0.197764653858573,6,0,0,0.706734763099365
"6442","Lamp5","CLASRP",-0.0476180986506591,0.0357287353957621,0.182608102272446,-0.117645133239514,0.0224089359381959,7,0,0,0.575292490799837
"6443","Lamp5","WDR1",0.0386698197269535,0.0483917635371718,0.424232891126765,-0.0561762939542819,0.133515933408189,7,0,0,0.778050998360332
"6444","Lamp5","FSIP1",-0.0355528699711731,0.0573530184240299,0.535326681157885,-0.147962720486934,0.0768569805445876,7,0.00879374108221911,42.8305510479682,0.838267412387412
"6445","Lamp5","ATG3",-0.0140427253239604,0.0483217996756692,0.771350764755617,-0.108751712356431,0.0806662617085105,7,0.00169598173811558,9.70846898692203,0.93284445313334
"6446","Lamp5","CEACAM1",-0.140456041417093,0.109447812577376,0.199381669770154,-0.354969812255438,0.0740577294212534,7,0.00883679452631567,10.0395797426765,0.591146851544706
"6447","Lamp5","LYG1",0.0485102704022847,0.0724775146400402,0.50329471256721,-0.0935430479811686,0.190563588785738,7,0,0,0.822278216591144
"6448","Lamp5","CLU",0.100701087596189,0.060783078156808,0.0975742794514062,-0.018431556460638,0.219833731653016,6,0.000421285415505793,1.64141707727662,0.443516080562283
"6449","Lamp5","JAZF1-AS1",0.473762792717341,0.172943968245616,0.00615513430493751,0.134798843612495,0.812726741822186,5,0.0497074752073969,34.7467120131077,0.132390739483359
"6450","Lamp5","CYP51A1-AS1",0.00803486732204853,0.0941031785814524,0.931956437918528,-0.176403973528339,0.192473708172436,7,0.00110032748445382,1.52270191081393,0.984934594908954
"6451","Lamp5","TPD52",0.0436040491924932,0.0334457365135301,0.192327297496413,-0.0219483898104421,0.109156488195428,7,4.37384763379018e-06,0.0481315927319891,0.586155790253799
"6452","Lamp5","LAGE3",0.00678401391494093,0.0978872480605211,0.944747348509062,-0.185071466829419,0.1986394946593,5,0,0,0.988471875837259
"6453","Lamp5","FBXL15",-0.110882696692694,0.0571194541409484,0.0522289027145445,-0.22283476962554,0.00106937624015255,7,0,0,0.340651666887092
"6454","Lamp5","WIPI1",-0.0352550684297044,0.115269782331461,0.759720141686749,-0.26117969030514,0.190669553445731,7,0.0369297917374289,46.4594466094075,0.926555528105898
"6455","Lamp5","SPRY2",-0.0810023724476471,0.078800577736088,0.303977416038422,-0.235448666771328,0.0734439218760341,6,0,0,0.693885458752337
"6456","Lamp5","ZNF552",-0.0933256599797048,0.0750708765589614,0.213806184707113,-0.240461874323121,0.0538105543637117,7,0.00860571786314713,23.0652504552497,0.604041616563281
"6457","Lamp5","RIC1",0.0238551509050902,0.0265592739894508,0.369086740346142,-0.0282000695697649,0.0759103713799453,7,0,0,0.741472939152852
"6458","Lamp5","USP46",-0.0146496417972347,0.0509266890147802,0.773605952894876,-0.114464118118076,0.0851648345236061,7,0.00506988176376471,30.3289175385191,0.933651588522537
"6459","Lamp5","CLIC2",0.0050828685052143,0.0733113211069349,0.944724833649082,-0.138604680523429,0.148770417533858,7,0,0,0.988471875837259
"6460","Lamp5","MASP2",-0.0930051800703711,0.104220386773209,0.372184190816201,-0.297273384600694,0.111263024459952,5,0,0,0.744093661240599
"6461","Lamp5","PIGZ",-0.0312634932231006,0.0601333793680439,0.603131544955391,-0.149122751053151,0.0865957646069494,7,0,0,0.868633169033008
"6462","Lamp5","NOB1",-0.0698614528796213,0.0661483184522555,0.290907242434678,-0.199509774683928,0.0597868689246858,7,0,0,0.680628590637295
"6463","Lamp5","ZNF425",-0.172236464512189,0.0616204442637824,0.0051880640384095,-0.29301031598056,-0.0514626130438175,7,0.00276556009887298,9.85475746425758,0.122616715089603
"6464","Lamp5","CSTF2",-0.105502698450018,0.0591459145532307,0.0744610725100006,-0.221426560807034,0.0104211639069977,7,0,0,0.394262063860936
"6465","Lamp5","PITPNM1",-0.226244923159835,0.0878968145819954,0.010053515774381,-0.398519514096342,-0.0539703322233293,7,0.0165218064108516,34.1135584243133,0.16565412875215
"6466","Lamp5","GCH1",0.00192446709057594,0.0995525733885448,0.984576923551172,-0.193194991319252,0.197043925500404,7,0.0242674029269143,38.3400791294655,0.997296915565468
"6467","Lamp5","IQGAP2",-0.0238579767065908,0.0860153115309334,0.781496820381389,-0.192444889426213,0.144728936013031,6,0,0,0.937122277643741
"6468","Lamp5","ZBTB7A",-0.0489787665843463,0.0410577508714191,0.232899232573067,-0.129450479578546,0.0314929464098531,7,0.00181848809360808,15.3934405023375,0.623486995608806
"6469","Lamp5","TBC1D7",-0.0433071095400887,0.0485565482119311,0.372451787459179,-0.138476195249056,0.051861976168879,7,0.00257263321262136,15.5218765344164,0.744094708690998
"6470","Lamp5","ZNF765",-0.0221256771416704,0.0496012628478642,0.65554607335632,-0.119342365911189,0.075091011627848,7,4.31300025145919e-06,0.0220203996783375,0.891987198915488
"6471","Lamp5","CHMP6",0.0328426430351348,0.0705506645016497,0.641560156039686,-0.105434118473467,0.171119404543737,5,0,0,0.886449765563937
"6472","Lamp5","GNS",0.0424889847488854,0.0324713344133586,0.190701230994079,-0.0211536612312535,0.106131630729024,7,0,0,0.585218378613855
"6473","Lamp5","TMEM203",0.10545369669624,0.0915906139119339,0.249584488284771,-0.0740606078930635,0.284968001285544,5,0,0,0.640240491404512
"6474","Lamp5","CORO1A",0.0140467720150255,0.0812426280562186,0.862730789964123,-0.145185852984546,0.173279397014597,6,0,0,0.96595801115822
"6475","Lamp5","PUS3",0.0642917499645763,0.0772011631581104,0.404967608463725,-0.0870197493899206,0.215603249319073,6,2.33060000927857e-06,0.00568298867226018,0.766905404531701
"6476","Lamp5","RP9",0.1022828660664,0.0636563916702369,0.108099020677725,-0.0224813689930402,0.22704710112584,7,0.00544293372337236,19.7803210229153,0.462647066984863
"6477","Lamp5","ZNF746",-0.0496894991830007,0.046822312849684,0.288582903540366,-0.141459546041248,0.0420805476752469,7,0.00228146678430012,14.7185437555857,0.678662491879038
"6478","Lamp5","ME3",0.0228350036950352,0.0470496054811424,0.627435967114515,-0.0693805285348222,0.115050535924893,6,0.00636102595899868,54.090842017947,0.881520997500291
"6479","Lamp5","NCAPG2",-0.0717980895097139,0.0582924633552973,0.218065898345472,-0.186049218256218,0.0424530392367897,7,0,0,0.607748794759612
"6480","Lamp5","FBXO17",0.11648228555019,0.0746567651191172,0.118703763761498,-0.0298422852855455,0.262806856385926,7,0.00804708205552157,21.4149463936289,0.475596460502308
"6481","Lamp5","HAGH",-0.0364397111612252,0.0323106028182576,0.259406834225325,-0.0997673290037885,0.0268879066813381,6,0,0,0.650624233716967
"6482","Lamp5","FAM171A2",-0.139192819110847,0.0507928937686019,0.0061364551387284,-0.238745061567876,-0.0396405766538185,7,0,0,0.132306863477282
"6483","Lamp5","TSR3",-0.046010019559092,0.0887048186965352,0.603979160243018,-0.219868269459456,0.127848230341272,6,2.46616362540109e-07,0.000445297818540705,0.868754145856967
"6484","Lamp5","MON1B",-0.0737540140137916,0.097506429437479,0.449408481100338,-0.264863103972347,0.117355075944763,7,0.0269467334284443,48.5356876711639,0.792929481481107
"6485","Lamp5","NAGPA",-0.106544211880831,0.048430960339365,0.0278126101268071,-0.201467149882674,-0.0116212738789877,7,6.79615471847717e-07,0.0035323226090067,0.260865237246152
"6486","Lamp5","TIMM10",-0.0910177014605441,0.0874443463230307,0.297938515878844,-0.262405470905332,0.0803700679842437,6,0.00554211165139941,11.6621019594858,0.687746200571181
"6487","Lamp5","KNOP1",-0.0649762012419935,0.049169618578183,0.18634452712335,-0.161346882788804,0.0313944803048168,7,8.61373794837377e-06,0.0445557450646044,0.579579406254291
"6488","Lamp5","PASK",-0.000587823437626114,0.0657860022486854,0.992870686950364,-0.12952601853192,0.128350371656668,6,3.92722943230346e-07,0.00128749606429433,0.998654866216999
"6489","Lamp5","SPINDOC",0.0200673474471867,0.0994822050158323,0.840137221205222,-0.174914191486475,0.215048886380848,5,0.0162331839297621,35.3580335909707,0.958356578693386
"6490","Lamp5","PSG8",-0.0853593560201492,0.123535247397614,0.489583345527455,-0.327483991740718,0.156765279700419,7,0.0101780918727221,9.05153485867795,0.815222393367145
"6491","Lamp5","CDKN2D",-0.043869345009692,0.0604472603831716,0.467994622432849,-0.162343798324823,0.0746051083054392,7,1.9479149350069e-07,0.000667660487690487,0.803943800564904
"6492","Lamp5","MORN1",-0.0927292077756894,0.0662544952542756,0.161635774036084,-0.222585632287949,0.0371272167365707,7,0.00550897813991156,18.1328905478897,0.54659387487773
"6493","Lamp5","AP1S1",0.0490715868620349,0.0652804107595275,0.452228706865391,-0.07887566712262,0.17701884084669,6,0,0,0.7951327390625
"6494","Lamp5","GNPDA1",-0.0221448360642087,0.0588885580783811,0.706882327932239,-0.137564288999331,0.0932746168709135,7,0.00597355999583705,26.4803004228685,0.910874233816963
"6495","Lamp5","CXCL14",-0.0589899712694351,0.0728172965181334,0.417877342642051,-0.20170924989655,0.0837293073576804,7,0,0,0.773600796141458
"6496","Lamp5","SPTLC2",-0.0515486345626882,0.0329036465688918,0.117195552492894,-0.116038596797751,0.0129413276723746,6,0,0,0.474134510237657
"6497","Lamp5","RPL12",-0.116561101533591,0.0738078123926916,0.114278371912705,-0.261221755600956,0.0280995525337734,7,2.37791894393388e-06,0.00554388357309447,0.47012557609358
"6498","Lamp5","ATG16L2",-0.0213098516874453,0.0536729190879122,0.691344065564857,-0.126506840044886,0.083887136669995,7,0,0,0.904801979217278
"6499","Lamp5","DHX35",-0.0893767375211183,0.0390323244345865,0.0220321390106532,-0.165878687645791,-0.012874787396446,7,0,0,0.235042239454417
"6500","Lamp5","RPAIN",-0.111821799706964,0.0415372639203683,0.00710070784178117,-0.19323334100722,-0.0304102584067066,7,0.00136322880625569,10.7018237546892,0.141334906850271
"6501","Lamp5","RSPH14",-0.103121693459779,0.0829917270351316,0.214032269507863,-0.265782489463416,0.0595391025438581,6,0.00620321225240378,14.5579272178845,0.604394784189972
"6502","Lamp5","KBTBD4",0.013601911135933,0.0674637028054425,0.840215206473545,-0.118624516626448,0.145828338898314,7,0,0,0.958356578693386
"6503","Lamp5","IER2",-0.0287066646722412,0.10013937659344,0.774367231215764,-0.224976236229676,0.167562906885194,7,0.0185438290934511,28.4051122392178,0.934099023412278
"6504","Lamp5","SEH1L",-0.070150722659649,0.0417978945819556,0.0932824040228141,-0.152073090669884,0.0117716453505858,7,0,0,0.435876457306665
"6505","Lamp5","SNX27",0.00325939662993893,0.0280916324185774,0.907630895263923,-0.0517991911774106,0.0583179844372885,7,0,0,0.979767074450202
"6506","Lamp5","GBE1",-0.115451765669257,0.0548349863589753,0.035253037695705,-0.222926364025594,-0.00797716731291988,7,0,0,0.289480904102825
"6507","Lamp5","SNAPC1",0.0363408588274661,0.0585938436120909,0.53511536971527,-0.0785009643680043,0.151182682022937,7,0,0,0.838267412387412
"6508","Lamp5","TMEM53",-0.0195257147396555,0.0588937922990354,0.740235774997851,-0.134955426558747,0.0959039970794362,7,0,0,0.92270998886797
"6509","Lamp5","DNAH1",-0.0932292948710351,0.050491865786652,0.0648309464752418,-0.192191533325103,0.00573294358303293,7,0.00101413757032923,5.22008423342616,0.371880205906429
"6510","Lamp5","ZDHHC5",-0.010030516688019,0.0617910549901439,0.871046313405745,-0.131138759035435,0.111077725659397,7,0.0121237258626399,54.334354249603,0.968577940382375
"6511","Lamp5","ASB8",-0.00801468220647902,0.0604397726217123,0.894504912190909,-0.126474459778825,0.110445095365867,7,0.00821276073644203,36.985200482229,0.975933599582958
"6512","Lamp5","SERPINF1",-0.0215220485175276,0.0799169948638062,0.787694963495821,-0.17815648020326,0.135112383168205,6,0,0,0.938643357904296
"6513","Lamp5","TRIM27",-0.0102151957929645,0.0596798497947379,0.864092784834358,-0.127185551993411,0.106755160407482,7,0.00926899937001048,41.4562938919831,0.966512624578573
"6514","Lamp5","NRAS",-0.0501174913979453,0.0579804975038271,0.387376249621262,-0.163757178311161,0.0635221955152704,7,0,0,0.755827226879962
"6515","Lamp5","ACOX3",-0.0139759741445237,0.0362950054040447,0.70018848491851,-0.0851128775551381,0.0571609292660906,7,8.84747039471058e-06,0.0822203152274645,0.907407248714832
"6516","Lamp5","TRANK1",-0.0549335485878291,0.0311462883927169,0.0777779595558752,-0.115979152089652,0.00611205491399399,7,0,0,0.403709469760725
"6517","Lamp5","CNTN4-AS2",-0.162807848332571,0.15880323034617,0.30526058007933,-0.474056460439682,0.148440763774541,6,0.0423582594563198,29.9863021003126,0.694692916682913
"6518","Lamp5","THAP9",0.0782531193133457,0.073049983350981,0.284067344636265,-0.0649222171258277,0.221428455752519,6,0,0,0.67353602363417
"6519","Lamp5","ZNF446",-0.112118931860426,0.075147400769645,0.135702599322931,-0.259405130900728,0.0351672671798756,7,0,0,0.507463222421178
"6520","Lamp5","RNF111",-0.0275641615728424,0.0278838561481604,0.322890810232708,-0.0822155153733326,0.0270871922276477,7,0,0,0.707095989667268
"6521","Lamp5","BLOC1S2",-0.0327412687498606,0.0444362447562008,0.461235173894338,-0.119834708080221,0.0543521705804998,7,1.68766022231773e-07,0.00103003436371295,0.799485491699775
"6522","Lamp5","RWDD2B",-0.0949152775724589,0.119582667608369,0.427357857197093,-0.329292999260086,0.139462444115168,6,0.0400457994118916,52.5466776594755,0.779974636794798
"6523","Lamp5","ADAMTSL1",-0.043215705194455,0.0763228898917849,0.571242824360329,-0.19280582057837,0.10637441018946,7,0,0,0.855299936384124
"6524","Lamp5","SMC1A",-0.033843934390819,0.0340015598819647,0.319559178874466,-0.100485767177652,0.0327978983960137,7,4.93147452702429e-06,0.0511644636434898,0.704062213401684
"6525","Lamp5","UBALD2",0.0833611228306179,0.0690175444963252,0.227114543230784,-0.0519107786835701,0.218633024344806,7,0.0019872096801024,5.57243583176303,0.618270617458898
"6526","Lamp5","OBSCN",-0.131153678670471,0.0952705369408137,0.168622127199782,-0.317880499862259,0.0555731425213163,7,0.0316331293418065,57.5741029424606,0.556906280559273
"6527","Lamp5","HARS2",-0.0429917084731567,0.0653624453479547,0.510703113741833,-0.171099747296616,0.085116330350302,6,0,0,0.824565023970019
"6528","Lamp5","MYH14",-0.0413595440033052,0.0529072500420895,0.434369273669416,-0.145055848606856,0.0623367606002455,7,0.00547280772636061,30.922598280167,0.783666959222313
"6529","Lamp5","E4F1",-0.117718915258947,0.0644613595407568,0.0678211213536477,-0.244060858353317,0.00862302783542412,7,0.000109573528461073,0.331423037177366,0.378828953885228
"6530","Lamp5","DERA",-0.0326639170097207,0.0593130090294636,0.581836536422339,-0.148915278522168,0.083587444502727,7,0,0,0.858505014074615
"6531","Lamp5","ATP6V0A1",-0.0354157748157598,0.021069513132349,0.0927820616013672,-0.0767112617269576,0.00587971209543798,7,0,0,0.435315846492177
"6532","Lamp5","DNAH3",0.0833768580195427,0.0820194120868763,0.309367407142771,-0.0773782357038839,0.244131951742969,6,0,0,0.696879927838551
"6533","Lamp5","KCNQ2",-0.0287938777705976,0.038396272683246,0.453306888935857,-0.104049189370339,0.0464614338291436,7,0.00137246860259759,13.0708220709307,0.795232079328724
"6534","Lamp5","MYH11",-0.146608809947979,0.166563956106159,0.378753523619952,-0.47306816503856,0.179850545142603,7,0.136756657345585,75.0558815523088,0.749051329414751
"6535","Lamp5","ERBIN",0.0170161296241742,0.0268966578956225,0.526963223475865,-0.0357003511557408,0.0697326104040892,7,0,0,0.834253797927968
"6536","Lamp5","PRDM15",-0.0554164975001115,0.0524748740559768,0.29094183086695,-0.158265360743101,0.0474323657428784,7,0,0,0.680628590637295
"6537","Lamp5","ZNF880",-0.0243699424250236,0.0861975397511105,0.777389936283995,-0.19331401589316,0.144574131043113,7,0.0181857846575788,40.6272765571972,0.935065277503179
"6538","Lamp5","TRHDE",-0.122461119674749,0.0950701426569057,0.197706509824506,-0.308795175287369,0.0638729359378717,6,0.00798848135678456,14.2254309615997,0.590207726158579
"6539","Lamp5","ZNF184",0.0930146832390947,0.0663873754667879,0.16118718253744,-0.0371021817039476,0.223131548182137,6,3.1282949169842e-06,0.0103215905970631,0.545763736116999
"6540","Lamp5","STARD9",0.0520514778417815,0.0708721744905129,0.462679601116348,-0.0868554316656621,0.190958387349225,7,0.00599593078707216,17.2543423869679,0.800102097417133
"6541","Lamp5","MRPS33",0.0686416965102818,0.0595620729897747,0.249140442162686,-0.0480978213942225,0.185381214414786,6,0,0,0.640081219636306
"6542","Lamp5","FAM20B",0.026766913038263,0.0282387577796411,0.343191281250101,-0.0285800351779839,0.0821138612545099,7,0,0,0.72433889877292
"6543","Lamp5","ZNF2",-0.0330655078788274,0.0641543650810846,0.606269741466429,-0.158805752888787,0.0926747371311325,7,0,0,0.870888941909927
"6544","Lamp5","RPAP1",-0.039367479930195,0.0538604065669259,0.464829929338771,-0.144931936994054,0.0661969771336643,7,0,0,0.800708976211741
"6545","Lamp5","MAPKAPK5",-0.0212700215510652,0.0553592061180461,0.700816636006678,-0.129772071755165,0.0872320286530346,7,0.0095712096499683,51.7406406249536,0.907620717806415
"6546","Lamp5","GPATCH1",-0.0194655808474848,0.0455361753768296,0.669033321989881,-0.108714844579771,0.0697836828848009,7,0,0,0.897891293405697
"6547","Lamp5","LRRCC1",-0.0148838631359496,0.0503964025406294,0.76773735175151,-0.113658997065966,0.083891270794067,7,0,0,0.931267977441557
"6548","Lamp5","SELENOT",0.00531266890452826,0.0465443066022854,0.909125081086933,-0.0859124957213409,0.0965378335303974,5,0.00252640770079735,23.6224914834445,0.979827084623903
"6549","Lamp5","ASH1L",-0.00114199624396973,0.0239132595484344,0.961910882702336,-0.0480111237118597,0.0457271312239202,7,0.000379434794528035,8.80312747751682,0.994163912108515
"6550","Lamp5","TOR3A",-0.124376850075897,0.0584005882406186,0.0331948085313255,-0.238839899703463,-0.009913800448331,7,0,0,0.283240512106319
"6551","Lamp5","TYSND1",-0.108318049919981,0.0561499661314937,0.0537203274075732,-0.218369961270853,0.00173386143089028,7,0,0,0.345027602291712
"6552","Lamp5","KRBOX4",-0.0299459515477379,0.0572654647418225,0.60102148335666,-0.142184199999658,0.0822922969041824,5,0,0,0.867755151450235
"6553","Lamp5","FOXN2",0.0919897426613591,0.0571411498886406,0.107426546396393,-0.0200048531555813,0.203984338478299,7,0,0,0.461629201708397
"6554","Lamp5","PPRC1",-0.16304020344777,0.0645005228272256,0.0114801096283427,-0.289458905173136,-0.0366215017224041,6,2.82503527268366e-07,0.00100410702443322,0.173785608918165
"6555","Lamp5","DNAJB5",-0.0289918384291659,0.074733618743209,0.698063620871474,-0.175467039600203,0.117483362741871,6,0,0,0.906391554342484
"6556","Lamp5","LAMTOR5-AS1",-0.0504906507782773,0.0386078478793031,0.190947241254436,-0.126160642142313,0.025179340585758,5,9.48197064890121e-07,0.0106813260788754,0.585277331840707
"6557","Lamp5","ACVR2B",0.0936858996993497,0.0490513610453435,0.0561389880956204,-0.00245300134219451,0.189824800740894,7,0.00284144494110131,17.0392515429423,0.350034493553454
"6558","Lamp5","DAGLB",-0.0189800483420311,0.0462506250853476,0.681531705923909,-0.109629607771777,0.0716695110877149,7,8.71112054850550e-09,5.01835316703226e-05,0.902295767867157
"6559","Lamp5","ZNF852",0.066519656576567,0.053865992783222,0.216863977632415,-0.0390557492700427,0.172095062423177,7,0,0,0.607283648398929
"6560","Lamp5","PYGO2",0.0602094818865778,0.0783402854441311,0.442152496369926,-0.0933346561225066,0.213753619895662,5,0.00687068457701306,22.332775008601,0.789483969423664
"6561","Lamp5","TMEM87B",0.113384679127113,0.0508592236972733,0.025788444883159,0.0137024323987917,0.213066925855435,7,3.23183548233751e-06,0.0157130359359281,0.251144289597949
"6562","Lamp5","KIF3A",-0.0328572368899651,0.0264634802412028,0.214381673432858,-0.0847247050683098,0.0190102312883797,7,0,0,0.60503377012539
"6563","Lamp5","TSSC4",0.0136008571632344,0.0793780697097928,0.863954263762428,-0.141977300630269,0.169179014956738,5,0,0,0.966512624578573
"6564","Lamp5","TLNRD1",0.00461929004141361,0.052388437256685,0.929738503559094,-0.0980601601880254,0.107298740270853,5,0,0,0.984743845900558
"6565","Lamp5","ITGA8",0.149382698051622,0.0985570788132437,0.129595911205249,-0.0437856268438115,0.342551022947055,6,0,0,0.495763833390276
"6566","Lamp5","FBRS",-0.00921510404043397,0.0645576709215166,0.886493786363702,-0.135745813972395,0.117315605891527,7,0.00735663738967024,27.2904304675849,0.974011298943957
"6567","Lamp5","IDI2-AS1",-0.137828924919974,0.104741274376477,0.188207987047947,-0.343118050392697,0.067460200552749,7,0.0281509754261378,41.3950221744667,0.581446478198501
"6568","Lamp5","THEM6",-0.2501780965626,0.0777398666256132,0.0012902295987676,-0.40254543531175,-0.0978107578134512,6,0,0,0.0629790031496397
"6569","Lamp5","VAC14",-0.0749540560614435,0.0617363100232378,0.224709527265828,-0.195955000245389,0.0460468881225017,7,0.00844687895596353,35.1664610800777,0.615216843870725
"6570","Lamp5","MIDN",-0.00690836530273732,0.0691845012854864,0.920460051551789,-0.142507496110656,0.128690765505181,7,0,0,0.982375103729229
"6571","Lamp5","DUSP16",-0.0084574055371425,0.0671748631475513,0.899810018975344,-0.14011771797275,0.123202906898465,7,0.00205518710146157,6.10985501209937,0.977956078464346
"6572","Lamp5","SUMO2",-0.0758338563368381,0.0540409015080765,0.160536999871682,-0.181752076984744,0.0300843643110682,7,0,0,0.544726755125096
"6573","Lamp5","SPRY3",-0.0316070302468858,0.0676720128722814,0.640455472149564,-0.164241738237888,0.101027677744117,6,0.00768585816618061,31.8487381999308,0.885646843671299
"6574","Lamp5","ENTPD5",-0.0586680857941321,0.0489142595291961,0.230369881871186,-0.154538272801802,0.0372021012135374,7,0,0,0.621816209052182
"6575","Lamp5","TMEM134",-0.186610462023799,0.0843282917948637,0.026904225789959,-0.351890876819517,-0.021330047228082,7,0.0125211353556463,26.9700630260836,0.256837270550256
"6576","Lamp5","NAXD",-0.0315769430156388,0.0486637535770728,0.516415855351425,-0.126956147379234,0.0638022613479561,6,0.00337963482613707,24.4702571754039,0.827968523146225
"6577","Lamp5","DHRS11",-0.190174905078726,0.122985631987089,0.122027770027073,-0.431222314389318,0.0508725042318655,7,0.0539144616737061,62.0047328112523,0.483702387057926
"6578","Lamp5","SNX21",-0.00982783908962267,0.0592947712142702,0.868357269446833,-0.126043455141135,0.106387776961889,7,0,0,0.967580297891175
"6579","Lamp5","ZKSCAN4",0.0157912305868362,0.0617907768031241,0.798290862365185,-0.10531646652404,0.136898927697712,6,0,0,0.94359509133559
"6580","Lamp5","SYNJ2",-0.0593773305977087,0.0704130934895495,0.399076811805209,-0.197384457877277,0.07862979668186,7,6.49903906619901e-08,0.000159829677240254,0.762743492813461
"6581","Lamp5","IFFO2",-0.0541900647510744,0.0684535482554677,0.428574895400299,-0.188356553945766,0.0799764244436169,6,0,0,0.780942735653234
"6582","Lamp5","CA3-AS1",0.08570712335841,0.122104509153756,0.482731475017229,-0.153613316932894,0.325027563649714,5,0.020560264550045,27.7245214193921,0.811720289507115
"6583","Lamp5","DNAJC18",-0.0451859858073472,0.0329837950168139,0.170704064024628,-0.109833036113754,0.0194610644990598,7,0,0,0.561146207166169
"6584","Lamp5","SEC31B",0.0122186531660648,0.0408777367664269,0.765010791218334,-0.0679002386656407,0.0923375449977704,7,0,0,0.929871259341206
"6585","Lamp5","RPS6KB2",-0.224242030814411,0.0592131315322265,0.000152457400941065,-0.340297636029408,-0.108186425599414,7,0.00118419464037604,4.44642322984753,0.0256794092655521
"6586","Lamp5","VASH1",-0.155969398463903,0.0510367884056199,0.00224296992220728,-0.255999665625509,-0.0559391313022966,7,5.64182384754434e-06,0.0270529563474787,0.0822812187106651
"6587","Lamp5","STK4",-0.0106353954413364,0.0344713981728348,0.757680511573786,-0.0781980943568325,0.0569273034741596,7,0.000699419623248516,7.89544725749867,0.926555528105898
"6588","Lamp5","CABLES2",-0.0663627900473999,0.0845325786740598,0.432420860957851,-0.232043599768856,0.0993180196740561,7,0.0171216672440402,38.6735732545329,0.783174983539044
"6589","Lamp5","ZNF490",-0.00468577052997438,0.0516643957501954,0.927733895404786,-0.105946125483382,0.0965745844234328,7,0.000718360170574194,3.47976170228785,0.983884112435921
"6590","Lamp5","SNX18",0.088807224590191,0.0568537796948218,0.118281273486138,-0.0226241359966344,0.200238585177016,7,0,0,0.475151410688855
"6591","Lamp5","EMC8",-0.0767061618485211,0.051751864031916,0.138289404825991,-0.17813795148389,0.024725627786848,7,0.00127227343224438,6.28036143300275,0.511570643833282
"6592","Lamp5","MAPK8IP1",-0.0226263807250481,0.0384158845978021,0.555871319648337,-0.0979201309709872,0.0526673695208909,7,0,0,0.849033503044357
"6593","Lamp5","NDUFAF3",-0.0466199457073977,0.123358932349542,0.705489193497981,-0.288399010283813,0.195159118869018,6,0.033767294392889,38.8401314759032,0.910232524009317
"6594","Lamp5","MRPL50",0.0668941111951854,0.0721287804805588,0.353705361738243,-0.0744757007955054,0.208263923185876,6,0.00990016691214275,34.4057748932119,0.731238895037161
"6595","Lamp5","MTHFD2",0.218136892545943,0.0817821600013342,0.00764652281707654,0.0578468043654354,0.37842698072645,6,0.00943610142157632,24.131327918407,0.146311626191069
"6596","Lamp5","SLITRK1",-0.0240537401006487,0.0499749933188735,0.630292265365412,-0.122002927133271,0.0738954469319732,7,1.25283152366045e-07,0.000587122419072215,0.882810893714477
"6597","Lamp5","ZDHHC16",-0.0764427651806014,0.0523034129764471,0.143871317494061,-0.178955570882963,0.0260700405217598,7,0.00208968552394648,10.4515335467312,0.520137255457636
"6598","Lamp5","GMEB1",-0.00897584802506605,0.0552812134647056,0.871016810036025,-0.11732503543756,0.0993733393874277,7,0.00114539008591382,4.6576176669312,0.968577940382375
"6599","Lamp5","ATAD3A",-0.108758297954083,0.0545533605529189,0.046194345206835,-0.215680919873433,-0.00183567603473425,6,0,0,0.323441554056522
"6600","Lamp5","ZC3H8",0.00413184982140997,0.0281424211171238,0.883274671531357,-0.0510262820059122,0.0592899816487322,7,0,0,0.973189568893511
"6601","Lamp5","CTDP1",-0.0233081561436337,0.0421704371852755,0.580459831631724,-0.105960694239082,0.059344381951815,7,0,0,0.858378677238391
"6602","Lamp5","PRADC1",0.00784927489433143,0.0731558456805341,0.914554751189799,-0.135533547898086,0.151232097686748,7,0,0,0.980734315041589
"6603","Lamp5","TADA1",-0.0423839540614509,0.0468551100164761,0.365690664750211,-0.134218282185406,0.0494503740625043,6,0,0,0.737993677404189
"6604","Lamp5","MSANTD1",-0.173189833018544,0.0641743639324368,0.00696028237154559,-0.298969275056886,-0.0474103909802013,7,0.00166284188808645,5.29544979533666,0.14049441173522
"6605","Lamp5","NAGK",0.0148987710939787,0.0446499302574579,0.73862134117254,-0.072613484122864,0.102411026310821,7,0,0,0.921986241896285
"6606","Lamp5","LYG2",-0.0239333283145387,0.0864504415996659,0.78189951856194,-0.193373080297467,0.14550642366839,7,0,0,0.937343620161761
"6607","Lamp5","B4GALT3",-0.0712362422167929,0.0647641517527809,0.271361217691636,-0.19817164714153,0.0556991627079442,6,1.17406137802751e-06,0.00407865422550692,0.66093865628804
"6608","Lamp5","SLC25A41",0.053084637908557,0.0802390348740819,0.508239651926371,-0.104180980598897,0.210350256416011,6,0.00690971777981791,17.7860896947735,0.823791812671457
"6609","Lamp5","OSTF1",-0.088968245172873,0.0609156561888026,0.144148517887207,-0.20836073739755,0.0304242470518045,7,0,0,0.520685677758663
"6610","Lamp5","ECI1",-0.0834491208259534,0.056947588154874,0.142820794668629,-0.195064342615926,0.0281661009640193,6,0,0,0.519863907097606
"6611","Lamp5","CNPY4",-0.0455524405070802,0.0662703376512125,0.491847710337827,-0.175439915546765,0.084335034532605,6,0,0,0.816204797966937
"6612","Lamp5","NPL",-0.00203680812234394,0.061160661605771,0.973433292495875,-0.121909502140297,0.117835885895609,7,0,0,0.996727391459769
"6613","Lamp5","LASP1",0.0571249554336066,0.0376250313841525,0.128946353709621,-0.0166187509965215,0.130868661863735,7,9.18975235968169e-07,0.00765010377006097,0.494119727353985
"6614","Lamp5","MCMDC2",0.225404659375259,0.0900423425485958,0.0123034777442558,0.0489249108963926,0.401884407854125,7,0,0,0.18009460262369
"6615","Lamp5","ATG4B",-0.050031590209588,0.0336056343358324,0.136543790515029,-0.115897423185442,0.0158342427662662,7,0,0,0.509303403117386
"6616","Lamp5","IQCH-AS1",0.0443812069640619,0.0703778149056533,0.528293206610321,-0.0935567755616448,0.182319189489769,7,0.0103460257257024,32.4096961024233,0.835032838732861
"6617","Lamp5","POLE4",-0.0342070921886421,0.0566581478185229,0.5460129711752,-0.145255021343694,0.0768408369664093,7,0.00053264827683673,2.04144713670205,0.843421483116018
"6618","Lamp5","PEX7",-0.0598042835313604,0.0643890307901861,0.352994743052318,-0.186004464879566,0.066395897816845,7,0.00840532728239538,31.4834555203134,0.730623184965952
"6619","Lamp5","TNPO1",0.0349541106659407,0.0262124974990784,0.182370962713763,-0.0164214403770992,0.0863296617089807,7,5.69306492175378e-07,0.0102613291304796,0.575260279028009
"6620","Lamp5","INA",0.0966819192848374,0.0809318048575189,0.232239556841674,-0.0619415034397235,0.255305342009398,7,0.0184517257253602,47.1871052273762,0.623315103476142
"6621","Lamp5","NFYB",0.0296056297319101,0.0439795859911259,0.500840709137969,-0.0565927748656789,0.115804034329499,7,0.00197637196914402,14.4083742747501,0.821845066799594
"6622","Lamp5","MED15",-0.0314918226293005,0.0464381353990714,0.497679306420171,-0.122508895520675,0.0595252502620739,7,0.00705893063891033,55.5143930270934,0.819799838220225
"6623","Lamp5","HEXIM1",-0.027725033509957,0.0555435695963536,0.617667872252047,-0.136588429491604,0.08113836247169,7,0,0,0.877117743092904
"6624","Lamp5","NOSIP",0.030549427827289,0.0497791621388618,0.539414172275491,-0.0670159371454599,0.128114792800038,7,2.18812905455591e-06,0.0105297459603371,0.839404993726098
"6625","Lamp5","TMEM147",-0.0924282790956761,0.0838875909985874,0.270543802737619,-0.256844936202734,0.0719883780113817,5,0.00272776267793803,7.24750220258428,0.660151516639454
"6626","Lamp5","SPIN2B",-0.215799659194936,0.122644091521862,0.0784824088948893,-0.456177661494419,0.0245783431045476,6,0.0327204254714196,39.3888762562314,0.405430292861331
"6627","Lamp5","ZNF264",-0.0408838587572853,0.054218677428183,0.450816263811888,-0.147150513805919,0.0653827962913481,7,0.00763123755391986,43.4666894936317,0.794077894076118
"6628","Lamp5","CYBRD1",0.093740434083712,0.0681520046132929,0.168988524742221,-0.0398350404325496,0.227315908599974,7,7.03041789497791e-06,0.0186755759404217,0.557191554285145
"6629","Lamp5","MAPK12",-0.0753612065450441,0.0637864487049655,0.237419606109249,-0.200380348708488,0.0496579356183999,5,0,0,0.627192637389112
"6630","Lamp5","OXR1",-0.0270072532785919,0.0462693495857805,0.559424582536721,-0.117693512054815,0.0636790054976312,6,0.0029126993186198,22.9408670544217,0.850691857979177
"6631","Lamp5","COG4",0.0568326531193817,0.0731102071263692,0.436948804989301,-0.0864607197505655,0.200126025989329,7,0.0192756669252194,61.5044212720456,0.785666931118186
"6632","Lamp5","DEPDC4",0.0562778325877891,0.0683493148573018,0.410288824413847,-0.0776843629005108,0.190240028076089,7,0,0,0.770505868011963
"6633","Lamp5","PNO1",-0.019661232367517,0.063856243009176,0.758159675302338,-0.14481716885354,0.105494704118506,7,0.00609654177311345,22.3274298893714,0.926555528105898
"6634","Lamp5","EIF5A2",0.0514595769555223,0.0875897624701028,0.556863416332246,-0.120213202900297,0.223132356811342,7,0.0110977040526963,21.4906878108804,0.849863399172706
"6635","Lamp5","LRRC37A2",0.292696220994273,0.220134368571218,0.183641765281684,-0.13875921316478,0.724151655153326,7,0.256707799497365,78.1388317569771,0.575973257025563
"6636","Lamp5","ZFAND2B",-0.0677179293952763,0.0589626783976092,0.250767158394933,-0.183282655486608,0.0478467966960555,7,0,0,0.641755713084743
"6637","Lamp5","NACAD",-0.156189421404924,0.078662829426587,0.0470826907615909,-0.310365734003052,-0.00201310880679612,7,0.00599764716950528,13.5586295112949,0.325269770004088
"6638","Lamp5","NME6",-0.0215462229787355,0.0686984790589499,0.753798544603315,-0.156192767726956,0.113100321769485,6,0,0,0.926555528105898
"6639","Lamp5","ZNF658",-0.0747360406471745,0.0646056027965612,0.247352314978609,-0.201360695327935,0.0518886140335856,7,0.00373230843396133,12.5304939760527,0.63848183354828
"6640","Lamp5","MAP2K6",0.0695783037908727,0.0415957466158059,0.0943811682033511,-0.0119478614861606,0.151104469067906,7,0,0,0.437143451023964
"6641","Lamp5","CAMK2A",-0.0705929617238195,0.0379203851882171,0.0626581070652437,-0.144915550972611,0.00372962752497205,7,6.54605979400111e-06,0.0566093174733944,0.367678264177257
"6642","Lamp5","GORASP2",0.0269152667250326,0.0332973920927756,0.418900882746006,-0.0383464225559163,0.0921769560059816,7,0,0,0.774175034143301
"6643","Lamp5","PRPF18",-0.00442759489380898,0.0418051365631268,0.915653515384869,-0.0863641569263161,0.0775089671386982,7,0,0,0.980734315041589
"6644","Lamp5","WDR91",-0.120886104935343,0.0574284558688455,0.0352925125998762,-0.233443810126028,-0.00832839974465845,7,0,0,0.289480904102825
"6645","Lamp5","PRKAR1A",-0.0279637046173298,0.0462434921034893,0.545374540671588,-0.118599283659531,0.0626718744248716,7,1.94787214453613e-07,0.00113194111125075,0.843410767063583
"6646","Lamp5","AMER3",-0.033656228640871,0.0557135658247853,0.545781174553134,-0.142852811107752,0.0755403538260097,7,0,0,0.843421483116018
"6647","Lamp5","ENGASE",-0.00567336832061147,0.0875469435885499,0.948330273167513,-0.177262224710729,0.165915488069506,6,0.0158234288865314,38.1569956547664,0.98953684118404
"6648","Lamp5","AMDHD2",-0.0932376458897816,0.129105231454874,0.470181771284514,-0.346279249757042,0.159803957977479,7,0.0683553117255016,69.5267783880275,0.804834027168301
"6649","Lamp5","PTP4A2",0.137523619541321,0.0475934076968106,0.0038579137170954,0.0442422545540409,0.230804984528601,7,0,0,0.104595366150675
"6650","Lamp5","CLYBL",0.0762278388911856,0.0669402522216448,0.254809768476126,-0.0549726445792655,0.207428322361637,6,0.0103271475157699,42.4712450740397,0.645881734041118
"6651","Lamp5","GRIK2",0.0492424221880252,0.0360833451904126,0.17235188220056,-0.0214796348269102,0.119964479202961,7,0,0,0.562798059683024
"6652","Lamp5","PNPT1",-0.00980429083433407,0.0292505057152601,0.737486566032875,-0.0671342285658269,0.0475256468971588,6,0,0,0.921463278270996
"6653","Lamp5","AP1G1",-0.0336728946215374,0.0247277755589572,0.17327875875906,-0.0821384441348833,0.0147926548918084,7,3.91803174702463e-05,0.773477798579504,0.563740165134882
"6654","Lamp5","SERPINB6",0.00537670976023159,0.0625398454557764,0.931488241266604,-0.117199134931791,0.127952554452254,7,0.00299617000041663,10.5829687452601,0.984934594908954
"6655","Lamp5","JRKL",-0.0344396440103804,0.0648297267445751,0.595257821631104,-0.161503573557321,0.0926242855365599,7,0,0,0.865599256917117
"6656","Lamp5","MTHFSD",-0.0288678205053725,0.0605166502396537,0.633345903080935,-0.147478275440101,0.0897426344293561,6,0.00181496225693077,7.68945919087817,0.882993296421211
"6657","Lamp5","ZNF18",-0.0721053854540636,0.0600669586344437,0.229977512698171,-0.189834461038431,0.0456236901303032,7,0,0,0.621816209052182
"6658","Lamp5","NEK5",-0.124813166486745,0.0989496804509256,0.207171903002464,-0.318750976452306,0.0691246434788165,7,0,0,0.596286110230198
"6659","Lamp5","FBXO8",0.0781941670953068,0.0460212315634932,0.0893024206683682,-0.0120057892933179,0.168394123483932,7,0,0,0.427133860228323
"6660","Lamp5","POFUT1",-0.114723454077335,0.0535045844773892,0.0320184757352735,-0.219590512660799,-0.00985639549387152,7,0,0,0.277872969026223
"6661","Lamp5","SNX12",-0.00651788517571918,0.070243315976535,0.926070306384784,-0.144192254644395,0.131156484292956,6,0.00413516558452835,13.5159425604969,0.983559040324656
"6662","Lamp5","ZNF569",0.0371387325878706,0.0332100100851133,0.263439165787199,-0.0279516911051634,0.102229156280905,7,5.57910459292471e-06,0.0615280823319497,0.653860744816006
"6663","Lamp5","ALKBH4",-0.111600451652087,0.0870893293934615,0.200036334710737,-0.282292400701017,0.0590914973968434,7,0.0171432755686227,36.2601638673534,0.591415610548944
"6664","Lamp5","NCEH1",0.0164171292780918,0.0391914017138218,0.67529199383608,-0.0603966065846402,0.0932308651408238,7,0,0,0.900053553443132
"6665","Lamp5","FANCD2",-0.0669545601934826,0.0775222174649066,0.38776248835982,-0.218895314426382,0.0849861940394162,7,3.76725360159849e-06,0.00720147200574325,0.755827226879962
"6666","Lamp5","LINC01106",-0.116498680626338,0.0684086506547934,0.0885714919250594,-0.250577172140716,0.017579810888039,7,0.000261313608687081,0.739260582437209,0.425603151365274
"6667","Lamp5","HDGFL3",0.024588725261775,0.0265306328797548,0.354027748235907,-0.0274103596695985,0.0765878101931485,5,0,0,0.731238895037161
"6668","Lamp5","ACSM3",-0.135488000230465,0.165483007494682,0.41293324325916,-0.459828734973412,0.188852734512483,5,0.0469801931886513,36.2348668661376,0.771625852727355
"6669","Lamp5","SORD",0.0912034483677841,0.0623331391802262,0.143423197438944,-0.0309672594687818,0.21337415620435,7,0,0,0.519863907097606
"6670","Lamp5","SAMD13",-0.0591686762452544,0.0784742492110877,0.450856166968546,-0.212975378412807,0.0946380259222983,6,0,0,0.794077894076118
"6671","Lamp5","LAMP2",0.00438682170936262,0.0280853177977239,0.875878321598761,-0.0506593896685381,0.0594330330872633,7,0,0,0.970232386809891
"6672","Lamp5","ALKBH5",0.0267540830051162,0.0446468052109878,0.549013876062893,-0.0607520472331952,0.114260213243428,7,0.00168659546108573,11.7270092729206,0.844764971297428
"6673","Lamp5","CNIH2",-0.0862721709611738,0.0666547141608713,0.195556768891718,-0.216913010116293,0.0443686681939458,6,0.000983091811248063,3.3619322042423,0.588272573234939
"6674","Lamp5","POU3F4",0.0664527008140356,0.0664487084445985,0.317281432579822,-0.0637843745565799,0.196689776184651,7,0.00539236267486132,17.7523955481644,0.701947766322472
"6675","Lamp5","GTF2IRD2B",-0.162472915088084,0.054938792411434,0.00310301592314585,-0.270150969568617,-0.0547948606075509,7,0,0,0.0930049308894767
"6676","Lamp5","GFM1",-0.0909869746868179,0.043733347885083,0.0374802311270962,-0.176702761464942,-0.00527118790869419,6,0.00364363626505729,34.8085767687828,0.297232151226089
"6677","Lamp5","OPRK1",0.207835287738572,0.152940982584022,0.174170432631865,-0.0919235298862773,0.507594105363422,7,0.0702753257631238,49.6157230143361,0.565544848484534
"6678","Lamp5","NR2F1",-0.0484769174653122,0.03485370257179,0.164265302499051,-0.116788919233892,0.0198350843032673,7,0,0,0.550591979769544
"6679","Lamp5","EIF3B",-0.0287274643541405,0.0348271742941152,0.409452359917927,-0.0969874716539055,0.0395325429456245,7,0,0,0.770066858703021
"6680","Lamp5","TYW1B",0.0395143844016951,0.0554580965597278,0.476149735393884,-0.0691814875065161,0.148210256309906,7,0.00779022554437123,41.8067959486121,0.808947731010291
"6681","Lamp5","ZW10",0.014561984324636,0.0471422819278248,0.757401898203282,-0.0778351904029341,0.106959159052206,7,0,0,0.926555528105898
"6682","Lamp5","BRAT1",-0.0394594447259204,0.0427191622362604,0.355645524206217,-0.123187464158714,0.0442685747068736,7,0,0,0.732294203682725
"6683","Lamp5","SCNN1G",0.251319059763831,0.123871466460855,0.0424715679885266,0.00853544678839416,0.494102672739267,7,0.0371080555078627,38.6267179635368,0.311414764914034
"6684","Lamp5","TMEM271",-0.0673262956465912,0.0633301300236328,0.287736358029437,-0.19145106962915,0.0567984783359678,5,1.12906154431096e-06,0.00482180181173106,0.677503269477071
"6685","Lamp5","ZDHHC4",-0.116956955135198,0.0728902156675295,0.108589973250552,-0.259819152668913,0.025905242398517,6,6.90005102281662e-07,0.00196054579288101,0.463464486118256
"6686","Lamp5","RAI14",0.258451406227328,0.102825279959443,0.0119539563533829,0.0569175608065721,0.459985251648084,7,0.0207449628739012,30.6640677636116,0.177657597396294
"6687","Lamp5","MSRA",0.0322694252902585,0.0397894003968354,0.417362472907046,-0.0457163664539825,0.1102552170345,6,0.0022147941367694,23.7226992759678,0.773600796141458
"6688","Lamp5","ZNF441",-0.0227477748708821,0.0549138652080844,0.678694945189497,-0.130376972930615,0.0848814231888505,7,0,0,0.901546804544369
"6689","Lamp5","FANCI",-0.0923451603270793,0.0620125921904359,0.136451657957852,-0.213887607608303,0.0291972869541449,7,4.60062616514211e-06,0.0151440640404502,0.509149883780952
"6690","Lamp5","SMIM18",-0.0849323787204939,0.103940684430049,0.413857838778224,-0.288652376731833,0.118787619290846,7,0.0241560891722211,36.4599795639481,0.771625852727355
"6691","Lamp5","FNDC3B",0.0618841678601251,0.0884447669319726,0.484119165130309,-0.11146438994758,0.235232725667831,7,0.0293506473887496,62.0164022385666,0.812496136694637
"6692","Lamp5","ZNF280B",0.016969172341466,0.0395323265622818,0.667742750626956,-0.0605127639456824,0.0944511086286143,7,0,0,0.897383922366512
"6693","Lamp5","CHDH",0.180335157987066,0.085139784762594,0.0341660228502191,0.0134642462008895,0.347206069773242,6,0,0,0.287321358732995
"6694","Lamp5","EDEM1",0.0674509200538416,0.0392792304179314,0.0859397266147597,-0.00953495690575419,0.144436797013437,7,0,0,0.420005390513245
"6695","Lamp5","SLC25A11",0.0178618071164718,0.0707227867726071,0.800607586781618,-0.120752307844144,0.156475922077087,6,0.00396911523408577,12.7418890974354,0.944568694842522
"6696","Lamp5","GCC2-AS1",0.00624413253254423,0.0936840303095794,0.946859558904858,-0.17737319280079,0.189861457865879,5,0,0,0.988865030560056
"6697","Lamp5","NDUFA2",-0.0448410769943135,0.0685564717366316,0.513063461349841,-0.17920929250525,0.0895271385166226,6,0,0,0.826138184151139
"6698","Lamp5","SRPK1",0.0207122815592365,0.0294985240076938,0.482587886841552,-0.0371037630929336,0.0785283262114065,7,0,0,0.811720289507115
"6699","Lamp5","PDLIM7",-0.089773794790929,0.0666082098040292,0.177726342330695,-0.220323487081514,0.0407758974996559,7,0,0,0.570278864484246
"6700","Lamp5","SLC9A5",0.00503837582182636,0.0678995367821964,0.940848548305869,-0.128042270838231,0.138119022481884,7,0.00835926696655041,28.0714149021779,0.987071639145024
"6701","Lamp5","PLEKHH3",-0.0606379591936374,0.0581532799731776,0.297075035828228,-0.17461629352394,0.053340375136665,7,0.00539717758112941,24.2118940783126,0.687445888829291
"6702","Lamp5","MPLKIP",0.050589244122686,0.0515619728218955,0.326526288239145,-0.0504703655800623,0.151648853825434,7,0.00091855844860386,4.50682840700136,0.709735498862358
"6703","Lamp5","ILRUN",-0.031848024636176,0.0363595957913839,0.381074610216527,-0.103111522879723,0.0394154736073706,5,0.00141933942908214,21.4668108833052,0.751467056354994
"6704","Lamp5","KCNB1",0.071444093137733,0.0408074992813125,0.0799874464768979,-0.0085371357527836,0.15142532202825,7,0.00407632571753362,39.4960693267315,0.407918922139541
"6705","Lamp5","BET1L",-0.0897558106814584,0.0737814267806823,0.223790873307869,-0.234364749899575,0.054853128536658,7,0.00933333399647509,25.9361167517459,0.614623319452782
"6706","Lamp5","GAS6",-0.00670628916714332,0.0682672308735369,0.921745019253846,-0.140507603003556,0.12709502466927,7,0.00973014964648388,33.8625677877309,0.982375103729229
"6707","Lamp5","PZP",-0.0443210560361396,0.119045052143775,0.709665852003605,-0.277645070775631,0.189002958703352,5,0,0,0.912274097920567
"6708","Lamp5","SIRPA",-0.014535113708215,0.0297229033277258,0.624827072487247,-0.0727909337465232,0.0437207063300932,7,0,0,0.879819493685975
"6709","Lamp5","MYL12B",-0.116957111853613,0.123374863712738,0.343138775402359,-0.358767401328116,0.124853177620891,7,0.0555037330958947,64.4344198746919,0.72433889877292
"6710","Lamp5","POLR3C",-0.0245737503896583,0.0438772767773795,0.575440957211758,-0.110571632613018,0.0614241318337012,7,0.000333905142371785,2.12533888643439,0.856819709690026
"6711","Lamp5","SEMA3C",0.00225102012596291,0.105958072840165,0.983050662734022,-0.205422986512032,0.209925026763958,7,0,0,0.997296915565468
"6712","Lamp5","RBM24",-0.0234311520898463,0.0482711568843798,0.627387746630067,-0.118040881075314,0.0711785768956208,7,0,0,0.881520997500291
"6713","Lamp5","FITM2",-0.115153348078932,0.0599776170136896,0.0548656427723253,-0.232707317304301,0.00240062114643617,7,1.09214562886059e-06,0.00385145067448895,0.34837800237059
"6714","Lamp5","LIMS1",0.0700124433545929,0.0434768529711503,0.107324012999445,-0.0152006226300049,0.155225509339191,7,0.0015985886086024,11.6183689899506,0.46144116101557
"6715","Lamp5","NNT",-0.0476464438392002,0.0315787695416577,0.13134669232894,-0.10953969481694,0.0142468071385393,6,0.00116579833802124,19.5861298766036,0.499350617177443
"6716","Lamp5","HTR2A",-0.0300582661945277,0.214634711615522,0.888625363465316,-0.450734570793092,0.390618038404037,7,0.221768396018109,77.9223884356644,0.974513592084522
"6717","Lamp5","VPS37C",-0.00160423189540112,0.0530450827822177,0.975873413674988,-0.105570683705494,0.102362219914691,7,0,0,0.997093441046833
"6718","Lamp5","BUD13",-0.0818345138705382,0.0582289928326949,0.159904983319286,-0.195961242678661,0.0322922149375847,7,0,0,0.544291398507647
"6719","Lamp5","ARHGEF1",-0.0368662843175929,0.0455119119891081,0.417919521125553,-0.126067992683802,0.0523354240486157,7,0,0,0.773600796141458
"6720","Lamp5","POMT2",-0.0574454428357633,0.0466161446652712,0.217834093909547,-0.148811407477804,0.0339205218062773,7,0.00027197891315225,1.56537515585919,0.607397120257931
"6721","Lamp5","TMCC2",0.0225828591076829,0.0711236653257778,0.750852555389318,-0.116816963379322,0.161982681594688,7,0.00531850275443572,14.8908148733227,0.925975950944022
"6722","Lamp5","PARD6A",-0.134928436300928,0.0863970170981101,0.118352637300766,-0.304263478184915,0.0344066055830594,6,0,0,0.475278438374703
"6723","Lamp5","SLC25A46",0.0228952494615583,0.0412443174973862,0.578817493377206,-0.0579421274002538,0.10373262632337,6,0.00365769031970636,40.4243962284472,0.858378677238391
"6724","Lamp5","C3orf49",0.174765919234028,0.108771118655409,0.108113408378444,-0.0384215558887073,0.387953394356763,6,0,0,0.462647066984863
"6725","Lamp5","PDIA2",-0.104472964712261,0.0718663289969271,0.146026093196072,-0.245328381247344,0.0363824518228229,7,0.00527037810029657,14.4369887469012,0.52253921260677
"6726","Lamp5","ZNF639",-0.132505068676481,0.0694300324355087,0.0563306185146883,-0.268585431695526,0.00357529434256362,7,0.0132297647177573,46.4538075857988,0.350214090220282
"6727","Lamp5","PMEPA1",0.0532158102365657,0.0516677195143569,0.303027639647986,-0.0480510591748911,0.154482679648023,7,0.00494007553323463,28.2936249767009,0.692703589672029
"6728","Lamp5","ESRRA",0.0145753485166291,0.052905915144525,0.782935481377693,-0.0891183397357722,0.11826903676903,7,0,0,0.937343620161761
"6729","Lamp5","THYN1",-0.0616061565272343,0.0755523827257214,0.414837752064895,-0.209686105615834,0.0864737925613657,7,0.00824163704941649,21.5726995658768,0.772221559047138
"6730","Lamp5","TXNL4B",0.0856775021481115,0.0605626127302496,0.157158538047106,-0.0330230376128247,0.204378041909048,7,0,0,0.540872227769886
"6731","Lamp5","PRRT3",-0.162925148841597,0.0557080581471009,0.00344872150655727,-0.272110936458578,-0.0537393612246167,7,0,0,0.0991360454196024
"6732","Lamp5","PLCXD1",-0.0586843717347763,0.0596833887498132,0.325478807869827,-0.175661664159713,0.0582929206901606,7,0.00212393065977377,8.06285452709009,0.708716130294416
"6733","Lamp5","NAXE",-0.0570659968639028,0.0634072969787981,0.368125038160444,-0.181342015299382,0.0672100215715768,6,0.00531866788673246,23.5661160871657,0.740371899323109
"6734","Lamp5","MASTL",-0.0744060541277056,0.0754043090506601,0.323759670168765,-0.222195784146127,0.0733836758907159,7,0.0054881171335388,13.4820748623874,0.707640979704331
"6735","Lamp5","TMEM209",0.0543726539259243,0.0417191462649134,0.192471619999908,-0.0273953702190648,0.136140678070913,7,6.0186014175155e-06,0.0412297839049348,0.586394889510848
"6736","Lamp5","CCDC81",0.097103282082312,0.0863231396290371,0.2606393540548,-0.0720869626230231,0.266293526787647,7,0,0,0.651489759092311
"6737","Lamp5","ACAD8",-0.025108077128715,0.0488488680699015,0.607255440836136,-0.120850099231271,0.0706339449738404,6,0,0,0.871554095571081
"6738","Lamp5","RABIF",-0.0689908209178473,0.0647980292828035,0.287009201167267,-0.195992624581314,0.0580109827456193,7,0,0,0.676990737033401
"6739","Lamp5","ZNF502",0.0908967394464073,0.0565747564406295,0.108127648818688,-0.019987745611352,0.201781224504167,7,0,0,0.462647066984863
"6740","Lamp5","WRNIP1",-0.00891064798729104,0.0450888935380842,0.843339247325317,-0.0972832554246969,0.0794619594501148,7,0.00303800712861064,22.4885596541284,0.95917381987505
"6741","Lamp5","C1GALT1C1",-0.0284796872000296,0.0795669957002049,0.720393136925319,-0.184428133130485,0.127468758730425,7,0.00361456394358756,7.66395006134231,0.915387356767999
"6742","Lamp5","KLKB1",-0.0959453205159875,0.152524620577206,0.529317576386554,-0.394888083602949,0.202997442570974,7,0.086204185601844,60.1472367078857,0.83539935843094
"6743","Lamp5","MFN1",-0.0758430471458784,0.0291646106992843,0.00930835815892893,-0.133004633739607,-0.0186814605521498,6,0.000166303327476021,2.98092118202986,0.158573582938221
"6744","Lamp5","RBM41",0.109551802416085,0.0638509990431735,0.086209384023821,-0.0155938560854366,0.234697460917606,7,0.0127141346718121,51.9198455992677,0.420219835304873
"6745","Lamp5","CREB5",0.0243819834860923,0.0768427593357351,0.751018189552291,-0.126227057284628,0.174991024256812,7,0,0,0.925975950944022
"6746","Lamp5","SERAC1",0.0172421819302227,0.0376002147109018,0.646545821317429,-0.0564528847141178,0.0909372485745633,6,0,0,0.887618123881888
"6747","Lamp5","ZNF236-DT",-0.00497750971432938,0.0646522101255081,0.938632286999171,-0.131693513081241,0.121738493652582,5,0,0,0.986648852449703
"6748","Lamp5","ZNF701",0.108209461866519,0.0587352226280112,0.0654273939704419,-0.00690945910832533,0.223328382841362,6,0,0,0.373304486876199
"6749","Lamp5","BCO2",0.0672321073861177,0.0430076906671851,0.117991972642494,-0.0170614173798044,0.15152563215204,6,0,0,0.475075320016034
"6750","Lamp5","KIF7",0.0509681560593346,0.0967788755794658,0.598439812281143,-0.138714954540701,0.24065126665937,7,0.0210242655437328,36.5209593921542,0.866522587716573
"6751","Lamp5","FSTL4",-0.0285287874774821,0.0921231841883149,0.75680365451201,-0.209086910627729,0.152029335672765,6,0.0137546356340195,27.7525370478766,0.926555528105898
"6752","Lamp5","EBNA1BP2",-0.0112664614954496,0.0730617080199027,0.877448307006492,-0.15446477786344,0.131931854872541,6,0.00140550461210121,3.94047678439879,0.971072025124064
"6753","Lamp5","ELP3",-0.00946784089904997,0.0296741345518533,0.749680720411123,-0.067628075893078,0.0486923940949781,7,0,0,0.92551168941846
"6754","Lamp5","DBF4B",-0.0487391570955715,0.0528450567156593,0.356370522483235,-0.15231356501924,0.0548352508280972,7,0,0,0.732597292764641
"6755","Lamp5","CACNB3",0.0657307035799484,0.066940650325473,0.326136757883717,-0.0654705601596681,0.196931967319565,7,0,0,0.709268864799304
"6756","Lamp5","XRCC6",-0.0859074638629071,0.0345205226373189,0.0128250391091916,-0.153566444959552,-0.0182484827662624,7,3.36948665744322e-08,0.00033207787408323,0.183587594183075
"6757","Lamp5","MFHAS1",0.029869058006171,0.035015718932742,0.393649013953025,-0.0387604899947806,0.0984986060071227,7,0.00179089653216635,21.5423996000621,0.759050773360235
"6758","Lamp5","RPS4X",-0.0916988205191384,0.0721237781298002,0.203583183021506,-0.233058828082504,0.0496611870442276,7,0,0,0.593161131697475
"6759","Lamp5","DERL2",0.0676072655075378,0.0488608505867952,0.166459696748455,-0.0281582418965736,0.163372772911649,7,0,0,0.553584959236588
"6760","Lamp5","TCTA",-0.0875703165681452,0.0602781543288918,0.146287521286084,-0.20571332810732,0.03057269497103,7,0,0,0.523010705115613
"6761","Lamp5","IL12A-AS1",-0.037539276965323,0.0676619183983409,0.579026971805001,-0.170154200150959,0.0950756462203133,7,0,0,0.858378677238391
"6762","Lamp5","CCDC144NL",0.0647653488502756,0.166898012952917,0.697976483238694,-0.26234874562874,0.391879443329291,5,0,0,0.906391554342484
"6763","Lamp5","ATAT1",-0.101118072557863,0.0422217898069158,0.0166237087825022,-0.183871259942239,-0.018364885173488,7,0,0,0.206238639985863
"6764","Lamp5","UBL3",0.148828164822841,0.050453947424023,0.00317997835551994,0.049940244993879,0.247716084651804,7,0.0050304802631768,30.6029318690816,0.0946630338355512
"6765","Lamp5","SMIM27",0.0434130892617449,0.0871239043304814,0.618278692812868,-0.127346625418512,0.214172803942002,5,0,0,0.877278271950208
"6766","Lamp5","SNHG25",-0.0281349220572808,0.0707650237296511,0.690938097693675,-0.166831819932519,0.110561975817958,6,0,0,0.904801979217278
"6767","Lamp5","UQCC2",-0.103680165170784,0.0433989769859015,0.0168942926656655,-0.188740597029033,-0.0186197333125341,6,0,0,0.207796316006413
"6768","Lamp5","SNHG7",0.0193235496318958,0.0798941661915899,0.808885283811481,-0.137266138678478,0.17591323794227,7,0.00866377865600165,20.0186307880121,0.947362141179829
"6769","Lamp5","ATAD3B",-0.183792752664027,0.0477739468952029,0.000119507846137444,-0.277427967977953,-0.0901575373500997,6,0,0,0.0226856243167888
"6770","Lamp5","NDUFC1",-0.0493500504931039,0.0591566521530265,0.404153326343172,-0.165294958159,0.0665948571727919,6,0,0,0.766334173099412
"6771","Lamp5","MAPK8IP3",-0.0408095346006107,0.0300684488638002,0.174710953969716,-0.0997426114446434,0.0181235422434221,7,0.00110492167060324,17.8495749058215,0.565747324589041
"6772","Lamp5","TMEM63C",-0.00766416957204017,0.0612815601520161,0.900472204665843,-0.127773820386417,0.112445481242336,7,0.00248577593611221,8.88546306829286,0.977956078464346
"6773","Lamp5","DPYSL3",0.228023892052082,0.124757988568544,0.0675901151541341,-0.0164972723259228,0.472545056430088,6,0.0454620655312765,57.6066002883145,0.378422372251072
"6774","Lamp5","DTX4",0.0247946938043459,0.054349573699624,0.64824063165869,-0.0817285132220225,0.131317900830714,7,0,0,0.888623464010692
"6775","Lamp5","SEMA4C",-0.178083445448928,0.0672501355453935,0.00809514114374948,-0.309891289073336,-0.0462756018245195,7,0.000752367124103369,2.05256519781037,0.150328399543524
"6776","Lamp5","COQ7",-0.0244466634891655,0.0486018816618462,0.614965472640602,-0.119704601127262,0.0708112741489307,6,0,0,0.875416270361737
"6777","Lamp5","WDR53",-0.0463790182931246,0.0626257943721233,0.458951939614305,-0.169123319765698,0.0763652831794484,7,0,0,0.798923762132093
"6778","Lamp5","RNPEP",-0.0930066360520949,0.0503778165441497,0.0648657319185797,-0.191745342098394,0.00573206999420454,7,0,0,0.371880205906429
"6779","Lamp5","GAA",-0.140156717290825,0.0740622382975196,0.0584353016837065,-0.285316036968386,0.00500260238673678,7,0.0138360126506559,41.7358461131472,0.357273912492559
"6780","Lamp5","RBBP8",-0.0768791170497391,0.0599585895917785,0.199771247587377,-0.194395793213443,0.0406375591139649,7,0,0,0.591415610548944
"6781","Lamp5","FAHD1",0.0197676345662065,0.0878370511530252,0.82194120810924,-0.152389822201925,0.191925091334338,6,0.0153229972488166,34.9758034874664,0.952295573317031
"6782","Lamp5","ENO1",-0.0296386541652951,0.0584011840454484,0.611803396642254,-0.144102871548869,0.0848255632182789,7,0.00326085592810031,13.1793699836812,0.874121429918725
"6783","Lamp5","SSB",-0.0512637444623908,0.0529609212784408,0.333067260013322,-0.155065242756196,0.0525377538314141,7,0.005505144735866,30.999868440391,0.714637586273086
"6784","Lamp5","SLC25A17",-0.0325258623527993,0.0458446112695769,0.478026285610999,-0.122379649326409,0.0573279246208105,7,0.00454104791587084,33.6418297772878,0.809733193997441
"6785","Lamp5","SGF29",-0.0517264577055249,0.112156170304864,0.644654917262571,-0.271548512146999,0.168095596735949,5,0,0,0.886929185222919
"6786","Lamp5","SRGAP3",0.0162388614555642,0.025940242555941,0.531308123990684,-0.0346030797043133,0.0670808026154417,7,3.55691560673567e-06,0.0677976310103547,0.836371443307172
"6787","Lamp5","ZNF394",0.0463553032314404,0.0489714161264068,0.343853462187606,-0.049626908648241,0.142337515111122,7,1.16453779769336e-07,0.000578021840069316,0.72433889877292
"6788","Lamp5","DPP10-AS1",-0.0343912308064035,0.0701721650094007,0.624064623057825,-0.171926146942031,0.103143685329224,7,5.29759963564953e-06,0.0135189754110477,0.879367129391837
"6789","Lamp5","TARBP1",-0.10329461637465,0.0409734021832597,0.0117016418398036,-0.183601008977914,-0.0229882237713866,7,0.00237821736914605,20.7836261618076,0.175873022678725
"6790","Lamp5","MRPL54",-0.0546392609004956,0.0947898912629732,0.564327965890741,-0.240424033874391,0.1311455120734,5,0,0,0.852935819308762
"6791","Lamp5","ZNF521",-0.0657925940756421,0.0747016555722203,0.378459590891983,-0.21220514858271,0.0806199604314255,7,3.5328431663126e-07,0.000819962303167351,0.749051329414751
"6792","Lamp5","UBXN11",-0.0415479114743099,0.0589081381045291,0.48062354283843,-0.157005740555498,0.0739099176068787,7,0,0,0.811287580904848
"6793","Lamp5","PAK4",0.0225393479300855,0.0857514122665861,0.792669888081825,-0.145530331735869,0.19060902759604,7,0.0175438369024373,38.9994187582646,0.941050173219579
"6794","Lamp5","CELSR3",-0.0822104360799117,0.0489103177749591,0.0927939270797974,-0.178072897391241,0.0136520252314173,7,0.00241198283414821,14.2620472507836,0.435315846492177
"6795","Lamp5","CHST10",0.0594627941059206,0.0776883993786665,0.444032678660702,-0.0928036706928297,0.211729258904671,6,0.00782658758787458,21.8024625709524,0.789771699774591
"6796","Lamp5","MID1IP1",0.103549920965812,0.0707012834621447,0.143026911206089,-0.035022048280749,0.242121890212373,6,0,0,0.519863907097606
"6797","Lamp5","SPDYA",0.120805928460249,0.0651076148910363,0.063527600491426,-0.00680265184548579,0.248414508765984,7,0,0,0.36951681628257
"6798","Lamp5","ZNF180",-0.0973782244672163,0.0557017029913085,0.0804278251462599,-0.206551556207728,0.0117951072732955,7,0.00261705406638743,11.7226126980507,0.408527764623584
"6799","Lamp5","LOXL3",-0.170810366979411,0.0650884329287472,0.00868319996672625,-0.298381351329906,-0.0432393826289154,7,0,0,0.15407159370068
"6800","Lamp5","ZNF644",-0.0352917362529668,0.0252464208286173,0.162145899340798,-0.0847738118155986,0.014190339309665,7,0,0,0.547459856074706
"6801","Lamp5","ACSS2",0.0804623593736955,0.0467295340865321,0.0850923861236601,-0.0111258444502441,0.172050563197635,7,5.06074440322813e-07,0.00275772760067454,0.418648812981783
"6802","Lamp5","DHRS1",-0.115507888080142,0.0551312569539055,0.0361582486185246,-0.22356316613222,-0.00745261002806367,6,1.10981121707388e-06,0.00524386839261728,0.291728958956667
"6803","Lamp5","UMPS",0.000910343593007347,0.0447750607133529,0.983778937478351,-0.0868471628107586,0.0886678499967733,7,0,0,0.997296915565468
"6804","Lamp5","RWDD2A",0.0421079915879691,0.0644127922284982,0.513291604808641,-0.0841387613235488,0.168354744499487,7,0.00677207352647086,24.58340663938,0.826138184151139
"6805","Lamp5","CYTH2",-0.0557878320137446,0.0599030002087407,0.351696952352387,-0.173195554988772,0.0616198909612826,7,0,0,0.729691855166932
"6806","Lamp5","EMG1",0.0543113916065507,0.0551679496379512,0.324882691242372,-0.0538158027847532,0.162438585997855,5,2.95838164042397e-07,0.00157711080505923,0.708603338421946
"6807","Lamp5","SERPINB9",-0.0458301674094321,0.0947096890336429,0.628455724670157,-0.23145774690236,0.139797412083496,7,0.0230592613355252,41.3987756379083,0.88191549991279
"6808","Lamp5","MIR3681HG",0.0181456124680537,0.123714914948903,0.88339029208061,-0.224331165182232,0.26062239011834,7,0.0441583725559766,47.6685294931124,0.973189568893511
"6809","Lamp5","MRPS35",0.0304629408245451,0.0325988728061335,0.350057199442753,-0.0334296758120787,0.094355557461169,6,6.32692671588859e-06,0.0893031179893043,0.729073879028765
"6810","Lamp5","NRG1",-0.0567922349414173,0.0468186218026489,0.225119639972072,-0.148555047480411,0.0349705775975763,7,0,0,0.615783571460661
"6811","Lamp5","HDX",0.0527641605728043,0.0374844053719402,0.159240761773284,-0.0207039239380982,0.126232245083707,7,0,0,0.543481812227939
"6812","Lamp5","LRP1B",0.0717283508332211,0.0451322181921942,0.111994096450158,-0.0167291713658831,0.160185873032325,7,4.07498931500646e-06,0.0263770875744949,0.466668083431164
"6813","Lamp5","PTPRU",0.257629516615978,0.0638469696344057,5.45768283900061e-05,0.13249175561052,0.382767277621435,7,0,0,0.0151787044352577
"6814","Lamp5","SAMD1",0.115454640387501,0.0631923741631761,0.0676945997857827,-0.00840013706990411,0.239309417844905,6,0,0,0.37850538154163
"6815","Lamp5","ALG9",0.00319479346504215,0.046458893401113,0.945175861483015,-0.0878629643627249,0.0942525512928092,6,1.55097800929159e-06,0.00931899739972284,0.988482060518107
"6816","Lamp5","ECT2L",0.0740148693801115,0.118057182448512,0.530698013924958,-0.157372956335246,0.305402695095469,7,0.0382857336912025,44.9324208136865,0.836071340867945
"6817","Lamp5","CFAP20",0.0074370545958533,0.0741703741631144,0.920130068387525,-0.137934207483711,0.152808316675418,7,0.00653058249454006,17.0447870900777,0.982309092211961
"6818","Lamp5","MUS81",0.0207515700828447,0.0583523103709381,0.72212103743012,-0.0936168566588969,0.135119996824586,7,0,0,0.915784250967848
"6819","Lamp5","NDST4",0.0925407722174817,0.0983433626673836,0.346706589486591,-0.100208676729151,0.285290221164115,7,0,0,0.727134052964415
"6820","Lamp5","TMEM243",-0.0252326628593807,0.0711063684481737,0.722695983313056,-0.164598584089236,0.114133258370475,7,0.00493451266198298,13.60413411517,0.916060917780033
"6821","Lamp5","ZC3H13",-0.03092666072157,0.0379605918667862,0.41524154169222,-0.105328053612295,0.0434747321691551,7,0.00295561028733066,33.3259110895667,0.772267614009902
"6822","Lamp5","CCNL2",-0.0678103863654152,0.0291217031536513,0.0198846575977175,-0.124887875715038,-0.0107328970157921,7,0,0,0.225403431479719
"6823","Lamp5","EARS2",0.0390524797015705,0.0463617513725168,0.399596194135865,-0.0518148832487628,0.129919842651904,6,0,0,0.762743492813461
"6824","Lamp5","UPP2",0.170321591514499,0.0408660615636903,3.07552932877263e-05,0.0902255826596691,0.250417600369328,7,6.84682233005485e-05,0.523142612426641,0.0118918032882607
"6825","Lamp5","HDAC11",0.0686285002376783,0.0467101804015557,0.141767502526035,-0.0229217710607396,0.160178771536096,7,0,0,0.517836763197573
"6826","Lamp5","ADGRA2",-0.121853750030148,0.0654505871565587,0.0626359254097237,-0.250134543624003,0.00642704356370644,7,0.00596520910465162,20.5048034273138,0.367678264177257
"6827","Lamp5","NSMCE1",-0.0849870273884348,0.0556378687702464,0.126635910668857,-0.194035246354684,0.0240611915778139,7,0,0,0.490218958413481
"6828","Lamp5","TMOD3",0.00250004931743222,0.0305538454621414,0.934786372392172,-0.0573843873775674,0.0623844860124318,7,0,0,0.985371770816307
"6829","Lamp5","DISC1",0.0647417842609258,0.0559971793160631,0.247615093895118,-0.045010670434389,0.174494238956241,7,0,0,0.638685199046063
"6830","Lamp5","ZNF143",-0.0580389089456683,0.0515434895574207,0.260157802527203,-0.159062292115729,0.0429844742243926,7,0,0,0.651489759092311
"6831","Lamp5","DNAAF1",-0.0250456064484952,0.0602282753763287,0.677523679602523,-0.14309085703706,0.0929996441400697,7,0,0,0.901304540085309
"6832","Lamp5","CNNM3",-0.0699993651746659,0.0628412725575685,0.265318869074396,-0.193165996130165,0.0531672657808337,7,0.00743083289542838,29.9490517782426,0.654477926053113
"6833","Lamp5","VCPKMT",0.0809366480519264,0.0442731131482137,0.0675312577697891,-0.00583705920203917,0.167710355305892,7,0,0,0.378269935207919
"6834","Lamp5","MSRB3",-0.0344173804898687,0.0352663988839309,0.329101348938659,-0.103538252166797,0.0347034911870594,6,1.33937005504424e-07,0.00161586191324084,0.711476480759166
"6835","Lamp5","ARHGEF3",0.111197749920206,0.0363638922724212,0.00222881595004615,0.0399258307285664,0.182469669111846,7,0.000685404174547374,6.96127536855259,0.0820135690664672
"6836","Lamp5","ZNF594",0.00820178259008615,0.0427789859556214,0.847957960714489,-0.0756434891780766,0.0920470543582489,7,6.78627760566174e-07,0.00458358328312147,0.960023596722955
"6837","Lamp5","FADS2",0.0808565975290891,0.0772480537867266,0.295231635235105,-0.0705468057687079,0.232260000826886,7,0.00783574443076448,19.4162232233144,0.685701131438457
"6838","Lamp5","PUS1",-0.014904723916923,0.0526583894066906,0.777141903815172,-0.118113270637922,0.0883038228040761,6,0,0,0.935065277503179
"6839","Lamp5","LMF2",-0.0664479528507947,0.0736727767392345,0.367092140541379,-0.210843941900755,0.0779480361991651,7,0.00953859229811413,27.0408022623393,0.739066482951912
"6840","Lamp5","BIRC6",0.00064035133875478,0.024973179173677,0.979543234743913,-0.0483061804211179,0.0495868830986275,7,0,0,0.997093441046833
"6841","Lamp5","SIVA1",-0.130460488905512,0.0870081710401315,0.133768590689971,-0.30099337050487,0.0400723926938468,7,0.0233795566275258,50.8604059579202,0.503696025208236
"6842","Lamp5","SLFNL1-AS1",-0.000764555487008469,0.0956668458002378,0.993623490769346,-0.188268127770021,0.186739016796005,7,0.0170465360503537,30.2206208251115,0.998686458313853
"6843","Lamp5","TBC1D17",0.00332537686663736,0.0427632595859503,0.938016997340183,-0.0804890717833624,0.0871398255166372,7,4.76277158498119e-07,0.00322617628608337,0.986435567287306
"6844","Lamp5","FRY-AS1",-0.0762922744243464,0.11389913588262,0.502970554093403,-0.299530478624516,0.146945929775823,5,0,0,0.822278216591144
"6845","Lamp5","TMEM144",-0.0496267694636931,0.0590514136265764,0.40068451503972,-0.165365413407961,0.0661118744805744,7,3.14806024287141e-07,0.00104953461900723,0.763207572513339
"6846","Lamp5","SYNDIG1L",0.178322672432623,0.101944383978514,0.0802538167431104,-0.0214846485913859,0.378129993456632,7,0.0243495926687057,36.9748256546771,0.40823283472176
"6847","Lamp5","ZSCAN23",0.0170493551364131,0.059300952876719,0.773725226315692,-0.0991783767508631,0.133277087023689,6,0,0,0.9337013099404
"6848","Lamp5","ENOX2",-0.109425593355452,0.0534670395797412,0.0406974664750629,-0.214219065291722,-0.00463212141918111,7,5.12502885589557e-06,0.0226495599882124,0.308615201471669
"6849","Lamp5","TM6SF1",-0.122206962958386,0.0939750092314055,0.193457126452766,-0.30639459649876,0.0619806705819876,6,0.00714905719031885,12.8758691076267,0.587496984549506
"6850","Lamp5","AP4M1",-0.0791625974728986,0.0742123764763842,0.286105772072035,-0.224616182573739,0.0662909876279419,6,0.00151049748665708,4.1775274106421,0.675792796407164
"6851","Lamp5","LINC02664",-0.0383694856848498,0.0803571476619589,0.633015443838641,-0.195866601002656,0.119127629632957,5,0,0,0.882993296421211
"6852","Lamp5","EAF2",0.11242353423174,0.0511154097960849,0.0278490730138539,0.0122391719764079,0.212607896487073,7,0,0,0.260865237246152
"6853","Lamp5","STPG2",0.206900862208408,0.0935535904065916,0.0269959848822989,0.0235391943870762,0.390262530029739,7,0.0302688177053325,53.0858745547756,0.257135637641898
"6854","Lamp5","TUBD1",-0.0427283548372053,0.0494819145658734,0.387854604844086,-0.139711125272405,0.0542544155979944,7,0,0,0.755827226879962
"6855","Lamp5","UBIAD1",-0.0479791569368933,0.0485664053504134,0.323197540096542,-0.143167562282277,0.0472092484084903,7,0.000215464877008084,1.13481347836585,0.707249658191134
"6856","Lamp5","GLDN",-0.126145617713563,0.051925469759568,0.0151255385879749,-0.22791766832264,-0.0243735671044864,7,5.92408492994815e-06,0.0279616883827122,0.197043917182561
"6857","Lamp5","DCXR",0.0387564880979641,0.126732126925704,0.75974609152993,-0.209633916360574,0.287146892556503,5,0.0441324027496312,57.8912295914895,0.926555528105898
"6858","Lamp5","COMMD4",-0.106763611540157,0.0548459796823025,0.0515817734423068,-0.214259756414285,0.000732533333971594,7,0,0,0.339684156716161
"6859","Lamp5","EMC9",-0.153937898361632,0.0616107076880067,0.0124699895955084,-0.27469266649215,-0.0331831302311138,6,0,0,0.181789091051703
"6860","Lamp5","FMO5",-0.0430727581816975,0.0876494290505089,0.623128810345946,-0.214862482386194,0.128716966022799,7,0,0,0.878842378372477
"6861","Lamp5","TSHR",-0.0335662086740533,0.0920400039409388,0.715341691491671,-0.213961301535218,0.146828884187111,7,0.00128710271670691,1.96415880666085,0.914456932811391
"6862","Lamp5","MKKS",0.0327543506937141,0.0546976145202413,0.549288959127849,-0.0744510038062139,0.139959705193642,7,0.00467214164892974,23.5244640775043,0.844764971297428
"6863","Lamp5","ZSCAN31",-0.0652653332678896,0.121836373405813,0.592179587869006,-0.304060237150256,0.173529570614477,7,0.0238295586705812,24.5824486304703,0.863643376990908
"6864","Lamp5","PHF24",-0.0490371171251485,0.0781150272602241,0.530164296723704,-0.202139757206552,0.104065522956255,6,0.00636951116373472,17.3221272626434,0.835670861278341
"6865","Lamp5","TPTE2",0.152305382904648,0.0935122347031714,0.103371998867555,-0.0309752292274243,0.335585995036721,7,0,0,0.454661910429237
"6866","Lamp5","SPEG",-0.105761284408607,0.0376622182559549,0.00498264935568307,-0.179577875768165,-0.031944693049048,7,0,0,0.11989437353041
"6867","Lamp5","PLXDC1",-0.0407965449110156,0.0336058155075171,0.224758122825587,-0.106662732976847,0.0250696431548156,7,4.06589340213025e-06,0.0451088822344448,0.615216843870725
"6868","Lamp5","RIT1",-0.0935910798753219,0.0677433807771925,0.167108953151533,-0.226365666389602,0.0391835066389584,7,0.0061001694443248,19.5298322349995,0.554664438173519
"6869","Lamp5","HHIPL1",-0.0545697747937196,0.0654704353149204,0.404561360200118,-0.182889470063123,0.0737499204756835,7,0,0,0.766619574934442
"6870","Lamp5","SMCHD1",0.0254082769602091,0.0226756838587568,0.262497499595565,-0.0190352467277704,0.0698518006481886,7,0,0,0.653321040096433
"6871","Lamp5","SPEF2",0.101579370792372,0.0637133960920143,0.110864980712248,-0.0232965908807115,0.226455332465455,7,0,0,0.464802131967571
"6872","Lamp5","COIL",-0.0490921537323694,0.0449511132205645,0.274778952163653,-0.137194716709658,0.0390104092449192,7,0,0,0.664123178845013
"6873","Lamp5","SNHG15",-0.0321124837338118,0.0889729582771693,0.718156196737535,-0.206496277555048,0.142271310087425,5,0.000311703084270793,0.675783938822761,0.914812789184011
"6874","Lamp5","COTL1",-0.0584563021721185,0.0573892132163096,0.308395804223221,-0.170937093177175,0.0540244888329383,7,0.00784319225490894,37.6994403021212,0.696394528456476
"6875","Lamp5","SP140",0.0271537616819185,0.0697050789394962,0.696867758803127,-0.109465682579015,0.163773205942852,7,0,0,0.906391554342484
"6876","Lamp5","MIR4500HG",-0.128790031443426,0.0691200155753199,0.0624227017918238,-0.2642627725819,0.00668270969504881,7,0.00858117119588088,27.0257240712841,0.367678264177257
"6877","Lamp5","CTSC",-0.0829790589643635,0.0679434752406602,0.221974165525989,-0.216145823420546,0.0501877054918194,6,0,0,0.61264459855188
"6878","Lamp5","C3orf62",0.00195704183168825,0.0829184903319471,0.981170080455325,-0.160560212871361,0.164474296534737,7,0.0175816625459404,40.0976844789697,0.997295036827736
"6879","Lamp5","CCPG1",-0.0908641483853426,0.0468097076013079,0.0522414212786126,-0.182609489410757,0.000881192640071568,7,0.00342193740466496,22.9893496451356,0.340651666887092
"6880","Lamp5","LRRC42",-0.0357889433537314,0.058747559268904,0.542392667232858,-0.150932043700416,0.0793541569929527,7,1.03118061257691e-06,0.00367670304971052,0.841524897176667
"6881","Lamp5","ZNF778",-0.0708079671309849,0.0600533310695103,0.238364428581781,-0.188510333178885,0.0468943989169155,7,0.00351704278651668,13.6972150649682,0.629132686252377
"6882","Lamp5","TMEM18",-0.0430737439918464,0.0780118897844622,0.580850162531981,-0.1959742383353,0.109826750351608,6,0,0,0.858378677238391
"6883","Lamp5","RAPGEF4-AS1",0.0130415020180112,0.0557590759392864,0.81507021321332,-0.0962442786342239,0.122327282670246,7,0,0,0.949515906610951
"6884","Lamp5","NTMT1",-0.0933266596043139,0.0570859169109054,0.10208142057924,-0.205213000774134,0.0185596815655066,7,0,0,0.452983936440496
"6885","Lamp5","GABRA6",-0.0140351872512147,0.0825934732422509,0.865064441663251,-0.175915420164099,0.14784504566167,7,0.0127764780344201,28.5514803370352,0.966919782985761
"6886","Lamp5","USP19",-0.0451183258203107,0.0563088221935301,0.422977863976949,-0.155481589331499,0.0652449376908779,7,0,0,0.777218103596689
"6887","Lamp5","MAOB",0.12934052788068,0.0566034184380556,0.0223110494203899,0.0183998663402407,0.24028118942112,6,0.00634015807127027,35.8754816449186,0.235913209565378
"6888","Lamp5","ARAP2",-0.0215579674281912,0.116120046405911,0.852717344205125,-0.249149076266897,0.206033141410514,7,0.041586377815181,52.1260040971369,0.961255756921795
"6889","Lamp5","CCDC122",-0.130890227839116,0.0680087149368638,0.0542782134675898,-0.26418485975022,0.00240440407198853,7,0,0,0.347490982258515
"6890","Lamp5","NDUFA6-DT",-0.141708676365277,0.0543926214598877,0.00917959177184778,-0.248316255451377,-0.0351010972791764,5,0.0043497755227103,31.1631366270266,0.158182619595861
"6891","Lamp5","GFPT2",0.05461230767787,0.056695831550245,0.33542165440184,-0.0565094802341599,0.1657340955899,7,0,0,0.717201424100054
"6892","Lamp5","FER1L5",-0.0727746304543224,0.0525765405273341,0.166307802347984,-0.175822756319608,0.0302734954109631,7,0,0,0.553544641272343
"6893","Lamp5","PC",-0.029777672865827,0.0506247805387185,0.556395711513118,-0.129000419446959,0.0694450737153054,6,0.00296732032770152,19.438122585659,0.849257985192773
"6894","Lamp5","SH3BP5L",0.125530516628198,0.0549225693883802,0.022278211751926,0.0178842586885702,0.233176774567825,7,0,0,0.235913209565378
"6895","Lamp5","ELP5",-0.106288075388063,0.0733609458418049,0.147383021828553,-0.250072887109794,0.0374967363336677,6,0.00608083107012489,18.8846598205649,0.525326275456135
"6896","Lamp5","EME2",-0.0739107466917937,0.0569674190844403,0.194486244904542,-0.185564836389496,0.037743343005909,7,4.71968567485617e-06,0.0186083073248621,0.587583280058094
"6897","Lamp5","ELMO2",0.0148228186878072,0.0396142526504277,0.708271198383491,-0.0628196897815014,0.0924653271571159,7,0,0,0.911756217596143
"6898","Lamp5","RALY",0.0668681820971441,0.0422899196280795,0.113835768213511,-0.0160185372829852,0.149754901477273,7,0,0,0.469877796733769
"6899","Lamp5","FAAP100",-0.17601135170329,0.0623442384430792,0.00475442894288574,-0.298203813695302,-0.0538188897112768,7,9.55480871260944e-05,0.312494900330003,0.118072529571483
"6900","Lamp5","MAP3K12",-0.144584316523472,0.0382846379693315,0.000159007865784272,-0.219620828104516,-0.0695478049424275,7,3.46686813523211e-06,0.0276564118663544,0.0258524799056835
"6901","Lamp5","EPB41",0.0710287566715891,0.126307600288267,0.573879316698899,-0.176529590867095,0.318587104210273,7,0.0543315349815784,59.1314865224411,0.856247790013208
"6902","Lamp5","AAMP",-0.0521095075258411,0.0583806925700244,0.372081500787125,-0.166533562355594,0.0623145473039118,7,5.72226398729249e-06,0.0203956936641404,0.744093661240599
"6903","Lamp5","RTN4IP1",0.0145727699066653,0.0672487111731917,0.828442447062178,-0.117232281999527,0.146377821812857,6,0.0110141029706319,45.5045002366887,0.954832616077157
"6904","Lamp5","TMPRSS11D",0.0639626668958557,0.114843086126646,0.577556771919625,-0.161125645785801,0.289050979577513,7,1.77297941986739e-06,0.00164776195367412,0.858011784817634
"6905","Lamp5","CARHSP1",-0.0366827972930789,0.0791270151620866,0.642938764145206,-0.191768897214923,0.118403302628766,7,0.0115210370467656,27.3353025230601,0.886703736972112
"6906","Lamp5","PTPN23",0.00889820394739135,0.0411035567003291,0.828611603408501,-0.0716632868217536,0.0894596947165363,7,0,0,0.95493554641633
"6907","Lamp5","EEF1AKMT1",-0.0188432029293866,0.0376783153426353,0.61699948188129,-0.0926913439990948,0.0550049381403216,7,0,0,0.876537990474976
"6908","Lamp5","SAP18",0.0467016808461163,0.0614292132509453,0.447103981095241,-0.0736973647243672,0.1671007264166,7,0,0,0.791198063024265
"6909","Lamp5","KAT2B",0.0126143952615398,0.0745693461619568,0.865668210987322,-0.133538837566596,0.158767628089675,7,0.0111515039331511,31.5067821545598,0.966974913429347
"6910","Lamp5","BLVRB",0.00528375332752864,0.0667563975807268,0.936913499143459,-0.125556381668333,0.13612388832339,7,0,0,0.986142275678281
"6911","Lamp5","IQUB",0.240811369482135,0.101710379606809,0.0179029890957982,0.0414626885988917,0.440160050365378,7,0.0274977561754103,43.1170977330361,0.214616481827272
"6912","Lamp5","MRPL21",0.105048518822567,0.0947945676403586,0.267788300520325,-0.0807454196825818,0.290842457327716,6,0.0189191328451809,37.6779685584249,0.65698816862739
"6913","Lamp5","MAPK6",0.0295956952060951,0.0322469940638586,0.358733259377907,-0.0336072517687447,0.0927986421809349,7,0,0,0.734341772748556
"6914","Lamp5","LINC02355",0.189443704836751,0.0896329283967342,0.0345536925276438,0.0137663933502948,0.365121016323208,5,0,0,0.287703178241735
"6915","Lamp5","BEND4",0.178529237680756,0.0949484175495307,0.0600704624976165,-0.00756624110539553,0.364624716466907,7,0.0117995833584059,18.9668486431468,0.361709369988659
"6916","Lamp5","C12orf57",-0.0807921253366509,0.0769829970841366,0.293957198340316,-0.231676027043511,0.0700917763702088,6,0,0,0.684076992323344
"6917","Lamp5","BOP1",-0.148190100499979,0.0575120580677086,0.00997545999501713,-0.260911662989464,-0.0354685380104937,6,2.15282472669186e-06,0.00907961354855826,0.16565412875215
"6918","Lamp5","CCDC171",0.114883089677883,0.0331540665603189,0.000529978852405419,0.0499023132786142,0.179863866077152,7,2.62851615627637e-07,0.00299615305842477,0.0452902827819608
"6919","Lamp5","LRATD1",0.0835565016384817,0.0814473884080313,0.304940888094405,-0.0760774462761048,0.243190449553068,5,0,0,0.694260395895684
"6920","Lamp5","ARL9",0.10914017084336,0.0818200288574139,0.182234891571215,-0.0512241389311988,0.269504480617919,7,0.00828268646839925,17.8598487871853,0.575260279028009
"6921","Lamp5","SLFN5",0.104274040764889,0.0711107833142084,0.142550112908255,-0.0351005334433913,0.243648614973169,6,0,0,0.519543034557015
"6922","Lamp5","ESR1",0.0232098408597436,0.0662106690428596,0.725929476739859,-0.106560685856562,0.152980367576049,7,1.66852391064458e-06,0.0046249727676491,0.917618044281986
"6923","Lamp5","HCN2",-0.14220471573844,0.0457736171053293,0.00189190808706404,-0.231919356707012,-0.0524900747698678,7,0,0,0.0752136331710811
"6924","Lamp5","CDKN3",0.0734009111171299,0.069921019645706,0.293824382188309,-0.0636417691507714,0.210443591385031,6,0,0,0.684026822384658
"6925","Lamp5","C7orf50",-0.101026287139369,0.0520645125769654,0.0523303807078638,-0.203070856662854,0.00101828238411604,5,3.4924433286685e-06,0.0173996923305503,0.340860034251276
"6926","Lamp5","KDM4A-AS1",-0.0868771462538529,0.15552694708571,0.576435645886077,-0.391704361167311,0.217950068659605,5,0,0,0.857671876115575
"6927","Lamp5","MDC1",-0.0850582464661001,0.0494719084723538,0.0855553668377027,-0.182021405318376,0.0119049123861754,7,0.000344902673824453,1.79255191103126,0.419670480726861
"6928","Lamp5","MRPS18A",-0.0269744823519997,0.0721513448129512,0.708508677591783,-0.168388519621515,0.114439554917516,5,0,0,0.911963757972246
"6929","Lamp5","NTAN1",-0.0132336184592936,0.0643245461738298,0.837000249585569,-0.139307412281884,0.112840175363296,7,0.0102302820830879,39.4330383817896,0.958081489492012
"6930","Lamp5","LBR",0.0538880104584709,0.03829706257766,0.15939608368328,-0.0211728529074194,0.128948873824361,7,0,0,0.543799954937992
"6931","Lamp5","ALG13-AS1",-0.110365454244488,0.23057858787379,0.632190686878087,-0.562291182083221,0.341560273594245,5,6.07784746684788e-06,0.0018661944747138,0.882993296421211
"6932","Lamp5","STXBP5-AS1",0.0952283821497658,0.0706046744056247,0.177415788997766,-0.0431542368254355,0.233611001124967,7,0.0148073005090789,47.7701205065129,0.569924139579901
"6933","Lamp5","RNF145",0.0823561734551838,0.032607701810236,0.0115479113475725,0.0184462522884997,0.146266094621868,7,0.0014302069671646,19.8704715627592,0.173959037014616
"6934","Lamp5","CARD19",0.0313638769367595,0.0631666364996501,0.619523352793517,-0.0924404556270879,0.155168209500607,7,0,0,0.877471007323414
"6935","Lamp5","RPL7A",-0.0418197682188362,0.0793313006161476,0.598087036841146,-0.197306260273206,0.113666723835533,7,0,0,0.866478626103989
"6936","Lamp5","TJAP1",-0.0111594940590158,0.0491741598648421,0.820471817608013,-0.107539076364121,0.0852200882460897,7,0,0,0.952018241840247
"6937","Lamp5","LMNB2",-0.00862601321203168,0.0732082630202255,0.906203618620865,-0.152111572102409,0.134859545678346,7,0.00987933614457753,28.9541199108173,0.979410581352243
"6938","Lamp5","SLC50A1",-0.0318722779787743,0.0770160543483132,0.678991724578218,-0.182820970732848,0.119076414775299,7,0.00025409352789532,0.54095725708417,0.901589974244206
"6939","Lamp5","FAHD2B",-0.109113632975333,0.0655141561893163,0.0958136343990359,-0.237519019583925,0.0192917536332583,7,0,0,0.440757225740906
"6940","Lamp5","PRKD3",0.0431791061966714,0.0977859892906243,0.658802270216446,-0.148477911005572,0.234836123398914,7,1.92110266363153e-06,0.00246326966008166,0.892964921996311
"6941","Lamp5","NFIC",-0.0563402099794602,0.0373416671926817,0.13135604473318,-0.129528532799797,0.0168481128408769,7,0,0,0.499350617177443
"6942","Lamp5","COMMD8",0.00336662754330639,0.0986907073529516,0.972787111155701,-0.190063604477261,0.196796859563874,7,0.0246946241585252,42.4198245839131,0.996727391459769
"6943","Lamp5","KEAP1",0.00637361045423748,0.0597189557569919,0.91500575515754,-0.110673392023807,0.123420612932282,7,0,0,0.980734315041589
"6944","Lamp5","RPL23A",-0.111900135411403,0.0874072973660162,0.20046952301228,-0.283215290234778,0.0594150194119714,7,0.00863739042745352,16.1678542549595,0.591415610548944
"6945","Lamp5","GDPD5",-0.076093263411028,0.0521131252011886,0.144247357918064,-0.178233111927184,0.0260465851051283,7,0.00495491700774689,28.3863878520149,0.520692470070067
"6946","Lamp5","PSMD6-AS2",-0.0354784170112703,0.0832673450275006,0.670050720091745,-0.198679414353442,0.127722580330901,7,0.0127202091177013,27.7011348622895,0.898216865810935
"6947","Lamp5","ZNF622",-0.0406869451116702,0.0689276374724342,0.554999646308329,-0.175782632097075,0.0944087418737341,7,0,0,0.848957062716284
"6948","Lamp5","POMK",0.0255285577947587,0.0352749780673971,0.469248955403209,-0.0436091287727799,0.0946662443622973,7,1.00673271278948e-06,0.00848499514104296,0.804551721529316
"6949","Lamp5","NUP88",0.0214602974435618,0.0302195796054207,0.477613934331505,-0.037768990211004,0.0806895850981276,7,6.75985482355906e-06,0.0924693065968506,0.809614045747174
"6950","Lamp5","PTRH2",-0.144447128103475,0.0899047412002742,0.108127076841042,-0.320657182895407,0.0317629266884568,6,0.0227099306190035,51.5688958840954,0.462647066984863
"6951","Lamp5","DNPH1",-0.075468160937589,0.110081144373912,0.492985274419754,-0.291223239287411,0.140286917412233,7,0.0124921422498288,14.5694590829971,0.816718467937254
"6952","Lamp5","ACSM6",0.0450586174022426,0.121964018543805,0.711798379938294,-0.19398646635339,0.284103701157876,6,0.00892525402029933,9.35657083248817,0.913257230990891
"6953","Lamp5","LSM3",-0.0972040038516287,0.0870621749219691,0.264212663670307,-0.267842731114414,0.073434723411157,7,0.0163805238305385,33.8932734408355,0.654186179054494
"6954","Lamp5","POLH",-0.0281033650863346,0.0518298726876961,0.587664679640591,-0.129688048877515,0.0734813187048459,7,0.00580467868795831,35.3274544850421,0.861154503592921
"6955","Lamp5","SLC25A30",-0.0129652266936603,0.0665634694948389,0.845565249420763,-0.143427229589575,0.117496776202254,6,0.00553868470148886,21.0100935015009,0.959421815061179
"6956","Lamp5","CLEC11A",-0.0272211672771658,0.112312145757045,0.808492977784254,-0.247348927987388,0.192906593433056,7,0.027023537823612,33.6717152292817,0.947362141179829
"6957","Lamp5","TBCCD1",0.0402230831363911,0.0572644692562484,0.482424084660489,-0.072013214199657,0.152459380472439,7,0,0,0.811720289507115
"6958","Lamp5","DUSP22",0.0110915919939373,0.0465393980486763,0.811627533679562,-0.0801239520436419,0.102307136031517,7,0,0,0.948625551243823
"6959","Lamp5","ADGRA1",-0.143182714629977,0.0473965319496451,0.00251980132042816,-0.236078210243383,-0.0502872190165708,7,0,0,0.0844398622794294
"6960","Lamp5","PRCC",-0.0821582140619376,0.0654305302538674,0.209240850540731,-0.210399696848876,0.0460832687250009,7,0.0148665821332127,61.3160449775739,0.599069028397557
"6961","Lamp5","TMEM223",-0.0147526866596121,0.0548530783929627,0.787968843820627,-0.122262744750971,0.0927573714317469,7,0,0,0.938643357904296
"6962","Lamp5","IRAK2",-0.0221800243624879,0.0533405393762996,0.677542253981682,-0.126725560455976,0.082365511731,7,0,0,0.901304540085309
"6963","Lamp5","NADSYN1",0.00710457577390084,0.0483591940806603,0.883200992805407,-0.087677702945576,0.101886854493378,7,0,0,0.973189568893511
"6964","Lamp5","IDH2",-0.135366775179377,0.0435753700537282,0.00189317952751923,-0.22077293109769,-0.0499606192610649,6,3.27623345447469e-06,0.0259098040075159,0.0752136331710811
"6965","Lamp5","ANKRD37",0.117112789113679,0.0803800488562523,0.145119615468937,-0.0404292117201456,0.274654789947503,7,9.2933375355684e-08,0.000178638447891115,0.521793590316601
"6966","Lamp5","LSM1",-0.157573271107226,0.104909047830954,0.133097401123252,-0.363191226508285,0.0480446842938331,6,0.0305788019675652,53.5737329593146,0.50277646977759
"6967","Lamp5","LIPE",-0.114063854841962,0.0634205813011103,0.0720929672134991,-0.238365910070733,0.0102382003868086,7,0,0,0.389094275408615
"6968","Lamp5","LRCH1",0.0641506048009541,0.0374725280261758,0.0869082909961682,-0.00929420054001835,0.137595410141926,7,0.00136790246312461,13.7513038280032,0.421466444453842
"6969","Lamp5","LRFN4",-0.132857082649787,0.102822230027245,0.196320902054723,-0.33438495031328,0.0686707850137055,6,0.0363351339170441,63.7205884023189,0.588784924001566
"6970","Lamp5","CORO2B",-0.0032894760559091,0.0414077523005358,0.936681804497974,-0.0844471792457148,0.0778682271338966,7,0,0,0.986142275678281
"6971","Lamp5","METTL8",0.0513958751415244,0.0341157146081571,0.131934723570767,-0.0154696967973106,0.118261447080359,6,0,0,0.500732262514379
"6972","Lamp5","SLC19A1",0.0803264093525004,0.056510671196325,0.15518949721152,-0.0304324709344815,0.191085289639482,7,0,0,0.537333664661734
"6973","Lamp5","SETD1A",-0.094425323766789,0.0801331655616091,0.238655072575073,-0.251483442234728,0.0626327947011501,7,0.0161886738100877,41.4575331730305,0.629295508045306
"6974","Lamp5","TBC1D8B",0.079732048325273,0.0881345810681804,0.365644226136804,-0.0930085563608863,0.252472653011432,7,0.0215019898347156,46.0160086514715,0.737993677404189
"6975","Lamp5","TP53INP1",-0.0219687849753625,0.0545386054577696,0.68708679925776,-0.128862487439631,0.0849249174889056,7,0,0,0.903181005962289
"6976","Lamp5","MIEF2",-0.0840584253160646,0.0659973256215871,0.202782479327229,-0.213410806610338,0.0452939559782086,6,0,0,0.593144491400319
"6977","Lamp5","BRD9",-0.0424940886739686,0.0405768223067694,0.294984159265075,-0.122023199002318,0.0370350216543809,7,0,0,0.685669064004994
"6978","Lamp5","QPCTL",-0.0481040489404048,0.0595745365665492,0.419401572370581,-0.164867995006506,0.068659897125696,7,2.35845769654217e-06,0.00831329805370366,0.774733303055263
"6979","Lamp5","MATK",0.0130818845000039,0.0523403761916412,0.802634770507931,-0.0895033677728906,0.115667136772898,7,3.73296311846894e-07,0.00169439150623723,0.945126941758994
"6980","Lamp5","FUNDC2",0.000908373555929798,0.0716084658441056,0.989878881085401,-0.139441640486684,0.141258387598543,6,0.00387864936714705,12.0534299301339,0.998157417538791
"6981","Lamp5","SORBS3",0.130940392055299,0.0774071131165034,0.0907259157500842,-0.0207747618002653,0.282655545910864,7,0.0105391956270871,26.6887760728384,0.431245291446094
"6982","Lamp5","ANAPC16",0.0235166916552921,0.0422393932924429,0.57769971497212,-0.0592709979267187,0.106304381237303,7,0.0025081886666026,20.4601225733951,0.858011784817634
"6983","Lamp5","BCL11B",-0.0986210659377547,0.0339034236432878,0.00362723493460546,-0.165070555231202,-0.032171576644307,7,0.00113546741577298,13.9583024237445,0.102367773426522
"6984","Lamp5","KIF1C",-0.0300097745645707,0.0513301361538448,0.558788184191441,-0.130614992747644,0.0705954436185024,7,0,0,0.850629823669227
"6985","Lamp5","HMGN2",0.0272973659057693,0.0543901946582439,0.615751740433395,-0.0793054567365117,0.13390018854805,7,0.00344293487496812,16.7527126336716,0.876009086347086
"6986","Lamp5","SMIM10L1",0.0755598000678538,0.100908154806877,0.453979111351889,-0.122216549100017,0.273336149235725,7,0.0280883330629045,45.6180502269408,0.796061025316311
"6987","Lamp5","GRM8",-0.0671971994816056,0.0650352100159363,0.301490021983928,-0.194663868839839,0.0602694698766282,7,0,0,0.691242172719669
"6988","Lamp5","ZNF287",0.0590007906732017,0.0478080518397764,0.217158833045757,-0.034701269103784,0.152702850450187,7,0,0,0.607397120257931
"6989","Lamp5","ZNF330",-0.0569431213404538,0.0522626353777441,0.275908323861942,-0.159376004417981,0.0454897617370736,7,0.000216932641861687,1.00745851847355,0.66604514434093
"6990","Lamp5","SSU72",-0.0974968316793432,0.0421592163473072,0.0207453882526784,-0.180127377336498,-0.0148662860221889,7,0,0,0.22867109709499
"6991","Lamp5","GPR89A",0.0292392472093071,0.0793294956216913,0.71244097711405,-0.126243707120936,0.18472220153955,5,0,0,0.913387826469439
"6992","Lamp5","TAFA1",-0.129196305876111,0.0866437814010638,0.135929899732029,-0.299014996906558,0.0406223851543353,5,0,0,0.507995522154792
"6993","Lamp5","DHX38",-0.0878453542286761,0.0520480391836247,0.0914545209800805,-0.18985763649451,0.0141669280371579,7,8.50618229152503e-07,0.00371302662937283,0.432294314782918
"6994","Lamp5","LGI4",0.0182732831395797,0.0830474496298702,0.825844482092098,-0.14449672714287,0.181043293422029,6,0.0150183383054524,40.3176122802908,0.954415053359983
"6995","Lamp5","COPB2",0.000794209518555074,0.0310390396682238,0.979586405417329,-0.0600411903458737,0.0616296093829839,7,0,0,0.997093441046833
"6996","Lamp5","SMIM20",0.111243677358362,0.127857859587707,0.384269034495913,-0.139353122573922,0.361840477290647,6,0.0589544118149725,66.9395810290163,0.753597747103046
"6997","Lamp5","PLPP7",-0.0859917307794555,0.0486915204951287,0.0773872161629974,-0.181425357302402,0.00944189574349071,7,0,0,0.402980872275119
"6998","Lamp5","DDR1",-0.0282209478535341,0.0447612566987368,0.528382473005852,-0.115951398885811,0.0595095031787423,7,0,0,0.835063564778246
"6999","Lamp5","FAM50A",-0.15320203788762,0.0434603292097182,0.000423321801662098,-0.238382717894922,-0.0680213578803183,7,1.53122657388463e-07,0.000960395569677961,0.0416178218562913
"7000","Lamp5","RSRC2",-0.0210055342327887,0.0488683688192081,0.667312709696588,-0.116785777101657,0.0747747086360793,7,0.00692023341213592,49.3556943897545,0.897177368775885
"7001","Lamp5","NDUFV2-AS1",0.138901974398535,0.0632461282162129,0.0280766952009708,0.014941840933155,0.262862107863915,7,0,0,0.261910450786591
"7002","Lamp5","TRA2A",0.0604479351520328,0.0295812181749979,0.0410072606473298,0.00246981291021527,0.11842605739385,7,0.000744495120653332,11.8776867609836,0.308910339384172
"7003","Lamp5","TOP1MT",-0.105389232887975,0.054206082482254,0.0518674077567837,-0.211631202296201,0.000852736520250114,6,0,0,0.34030396594599
"7004","Lamp5","PPWD1",-0.0152741994723719,0.0287952645221259,0.595805951298007,-0.0717118808610426,0.0411634819162988,7,0,0,0.865749755049829
"7005","Lamp5","B3GNT5",0.0441598612864153,0.0945603585399968,0.640498562714646,-0.141175035817173,0.229494758390003,7,0,0,0.885646843671299
"7006","Lamp5","CXXC1",-0.0344684685095428,0.053113500448839,0.51636506768651,-0.138569016482119,0.0696320794630336,7,0,0,0.827968523146225
"7007","Lamp5","GTPBP3",-0.0913591804461673,0.109509157705958,0.40413412411185,-0.305993185527161,0.123274824634826,6,0.0404654960040644,64.3811480279711,0.766334173099412
"7008","Lamp5","ZNF426",-0.0028048083764033,0.059304274429133,0.962277942139241,-0.119039050386784,0.113429433633977,7,0,0,0.994163912108515
"7009","Lamp5","GPN2",-0.0985796679961055,0.0446719406151523,0.0273317442754115,-0.186135062721316,-0.0110242732708949,7,0,0,0.258183514841743
"7010","Lamp5","KCNK9",-0.0310963788094221,0.0770389768672525,0.686473971046338,-0.182089998875051,0.119897241256207,7,0.0096832341077304,24.8996381331183,0.903181005962289
"7011","Lamp5","GAS2L3",-0.0904320875430795,0.0763669875523098,0.236342707589748,-0.240108632753425,0.0592444576672663,6,0,0,0.626447177645301
"7012","Lamp5","HAUS2",-0.0954399910556523,0.0839861709683192,0.255798627905343,-0.260049861352982,0.0691698792416768,7,0.0241847341350577,57.539622579939,0.646743296219872
"7013","Lamp5","CIART",0.0464905018437085,0.143635531353277,0.746187941553021,-0.235029966508987,0.328010970196404,6,0.0433572928066479,38.2488367572082,0.923981530672427
"7014","Lamp5","ETS1",-0.0242039269347669,0.0747867791075891,0.746211271628594,-0.170783320505394,0.12237546663586,7,0,0,0.923981530672427
"7015","Lamp5","GAN",-0.00956019384744159,0.0346050918796913,0.782344133560425,-0.077384927613336,0.0582645399184528,7,0,0,0.937343620161761
"7016","Lamp5","NFKBIL1",-0.07477758401453,0.0678037430985193,0.270090863264704,-0.207670478504634,0.058115310475574,7,3.13698699910979e-06,0.00862002301707229,0.659995225537924
"7017","Lamp5","YIF1B",-0.052384364897259,0.0558028954709673,0.347864667008958,-0.161756030253408,0.0569873004588903,7,0,0,0.727386548748283
"7018","Lamp5","SP9",0.0922951675254537,0.066915562329649,0.167809035978944,-0.0388569246459035,0.223447259696811,7,0.00129148553961746,3.79577841302272,0.555746521175771
"7019","Lamp5","MALRD1",0.0582148950087553,0.0952302103881212,0.54099635221266,-0.128432887592134,0.244862677609645,7,8.59577557868434e-08,0.000117327376845744,0.840494877053987
"7020","Lamp5","DPH5",0.145138377629863,0.0431185682101706,0.000762585201797915,0.0606275368729949,0.229649218386731,7,6.31962226322164e-06,0.0430725523696359,0.0524123932660992
"7021","Lamp5","TRMT5",0.0386510419825429,0.0655090444832654,0.555183426939501,-0.0897443258662896,0.167046409831375,6,0.00342114418188124,12.7788776990332,0.848957062716284
"7022","Lamp5","AIFM1",-0.0207282976826686,0.0514985029950492,0.68731394194426,-0.121663508810693,0.0802069134453559,6,0.00246129981926101,14.9368312900302,0.903181005962289
"7023","Lamp5","NDUFA1",-0.0558713093028241,0.0764845728800777,0.46508997506605,-0.205778317520705,0.0940356989150573,6,0,0,0.80075021765259
"7024","Lamp5","COG2",0.0442960018380687,0.0356926857960035,0.214591479124974,-0.0256603768336024,0.11425238050974,7,1.48694530621116e-08,0.000139618105249989,0.605402099281802
"7025","Lamp5","CANT1",0.066709431051158,0.0640690309032109,0.297777259957599,-0.058863562043519,0.192282424145835,7,1.41370688681371e-06,0.0042519838662688,0.687746200571181
"7026","Lamp5","RAB37",0.147160136562336,0.0773153201772131,0.0569914806264417,-0.00437510643818428,0.298695379562857,7,0,0,0.352046031410959
"7027","Lamp5","LINC02614",-0.0947834018279687,0.0650010309147663,0.144790093202161,-0.222183081378885,0.0326162777229478,5,0.00189541299109035,8.15383126246421,0.521123798862538
"7028","Lamp5","SPON1",-0.0539071793363449,0.127931134401981,0.673480144073237,-0.30464759526558,0.19683323659289,7,0.0568023665371285,61.7440711604217,0.899461281868709
"7029","Lamp5","TADA2B",0.0395644797232477,0.0566765415095136,0.485130258477339,-0.0715195004036883,0.150648459850184,7,0,0,0.813213789797325
"7030","Lamp5","TRUB2",-0.103080893185755,0.0570126969977879,0.0706012129268852,-0.214823725962914,0.0086619395914042,6,0.00155326343018279,7.383252232084,0.385534203375626
"7031","Lamp5","SYNGR1",-0.0738923731287469,0.0303237643339142,0.0148186504765949,-0.133325859098899,-0.0144588871585949,7,0,0,0.193890854540042
"7032","Lamp5","CDK18",0.0487611464671467,0.0658530049349401,0.459024327787192,-0.0803083714790744,0.177830664413368,7,0,0,0.79893157105066
"7033","Lamp5","LINC01376",-0.0957697828807592,0.0574740524615746,0.0956510122301564,-0.208416855751011,0.0168772899894926,7,0,0,0.440512907269121
"7034","Lamp5","COL4A3",0.048560020604625,0.0428747353981478,0.257381334871784,-0.0354729166224293,0.132592957831679,7,0,0,0.64841444780528
"7035","Lamp5","ACBD4",-0.058904406998721,0.0476456493541005,0.216346363766594,-0.152288163752782,0.03447934975534,7,0,0,0.607283648398929
"7036","Lamp5","ZNF93",0.0987173459521726,0.0670289748177297,0.140816755558503,-0.0326570306112198,0.230091722515565,7,0,0,0.516304423367555
"7037","Lamp5","EIF2B4",-0.0485655362983254,0.0555761322363039,0.3821966821206,-0.157492753881517,0.0603616812848658,7,0,0,0.752253147050733
"7038","Lamp5","CCDC62",0.033090902992836,0.0565786600429168,0.558638197194061,-0.0778012329848164,0.143983038970488,7,0,0,0.850509764512257
"7039","Lamp5","ZNF44",0.00936025696856642,0.0323324662386317,0.772198590750458,-0.0540102123905089,0.0727307263276417,7,3.36863742117848e-06,0.0392237344358026,0.933271646971675
"7040","Lamp5","BTBD6",-0.0696393802467892,0.134549476683015,0.604755166132318,-0.33335150868421,0.194072748190631,6,0.0666094800245091,67.6453475485835,0.869095021090057
"7041","Lamp5","B4GALNT4",-0.0390621949219311,0.0379193671138465,0.302945056857129,-0.113382788781623,0.0352583989377605,7,0,0,0.692703589672029
"7042","Lamp5","GFRA2",0.264055504921713,0.109522719047109,0.0159103502553826,0.0493949201004797,0.478716089742946,7,0.0268047117716111,35.3331311128133,0.203064971936095
"7043","Lamp5","LINC01138",0.0337068658162364,0.0535512476228849,0.529066311385385,-0.0712516508518042,0.138665382484277,5,0.0053662381253052,40.8574220676592,0.83539935843094
"7044","Lamp5","TMEM179B",-0.0582126744471173,0.063274029525571,0.357568074121083,-0.18222749347396,0.0658021445797258,7,0,0,0.733726252301652
"7045","Lamp5","SORCS2",-0.121854068308278,0.0600702308261954,0.0425065190698604,-0.239589557270629,-0.00411857934592777,7,0.00354121416841655,13.8423329054203,0.311480062228223
"7046","Lamp5","MRPS18C",0.0460228517686229,0.0461945516187935,0.319112605599298,-0.0445168056861888,0.136562509223434,6,0,0,0.703848699808558
"7047","Lamp5","RAD1",0.0559532056020346,0.0574388809931633,0.329989675209827,-0.0566249324568478,0.168531343660917,7,0,0,0.71195138477978
"7048","Lamp5","TBL1X",0.00275890975639522,0.112698329794996,0.980469349875359,-0.218125757759615,0.223643577272406,7,0.0359544075780838,46.1575225390053,0.997093441046833
"7049","Lamp5","RSAD2",-0.0534230246910935,0.0694129225540849,0.441512932170161,-0.189469852958768,0.082623803576581,7,0,0,0.789183031540836
"7050","Lamp5","TUBGCP6",-0.11299468011661,0.0681419510025972,0.0972720800379872,-0.246550449917994,0.0205610896847732,7,0.0112909254708128,39.2790697060599,0.443201392668085
"7051","Lamp5","RBBP9",0.308749885342472,0.126545775408405,0.014694269440187,0.0607247231463048,0.556775047538639,7,0.0612898526864976,66.295531463861,0.193890854540042
"7052","Lamp5","AIFM2",-0.0159828418289046,0.0590824325247201,0.786762026839017,-0.131782281696374,0.0998165980385646,6,0,0,0.938643357904296
"7053","Lamp5","PHLDB3",-0.021899359001222,0.0640821920581083,0.73254761574422,-0.147498147485493,0.103699429483049,7,0.0077354553750009,29.3082849263423,0.919666801398003
"7054","Lamp5","SPRTN",-0.0440069797365215,0.0584412352929649,0.451442412388502,-0.158549696122764,0.0705357366497209,7,3.60115816168674e-06,0.0130276410319231,0.794459451905349
"7055","Lamp5","RNPEPL1",0.046064085209467,0.0593367305764758,0.43756211112409,-0.0702337696807822,0.162361940099716,7,0,0,0.786060580882228
"7056","Lamp5","CRYM",-0.128629745756873,0.0895244608840849,0.150771654469662,-0.304094464825044,0.0468349733112981,6,0,0,0.530317122294909
"7057","Lamp5","SLC16A1",-0.0592150777183396,0.0534796047544446,0.268187590169228,-0.164033176944488,0.0456030215078089,7,0.00151835453076407,7.01402233684649,0.657628745301167
"7058","Lamp5","CDK11B",-0.0760957496687416,0.0477844529812527,0.111277062668089,-0.169751556532944,0.0175600571954613,7,0,0,0.464976377514909
"7059","Lamp5","TRMT12",0.00787676968888587,0.0827021638476988,0.92412212829695,-0.154216492896134,0.169970032273906,5,0,0,0.98245099701607
"7060","Lamp5","ASS1",-0.0175169553140203,0.0635243407275198,0.782738658248143,-0.14202237528161,0.10698846465357,7,0.00462140102910443,16.4007038273493,0.937343620161761
"7061","Lamp5","NUP155",-0.00499513006081032,0.0372125817551536,0.893218893337614,-0.0779304500726637,0.067940189951043,7,1.09586622490581e-06,0.00960355396458661,0.975921257738596
"7062","Lamp5","DAD1",-0.0469577013587955,0.101567783177825,0.643845619889817,-0.246026898376907,0.152111495659316,7,0.0304286856307384,47.6074778478594,0.886929185222919
"7063","Lamp5","MZF1",-0.133463579641899,0.0435366066114061,0.00217271126916912,-0.218793760609344,-0.0481333986744551,7,0,0,0.0816161615188604
"7064","Lamp5","DDOST",-0.0387002306092429,0.0539069039105153,0.472813636935978,-0.144355820791914,0.0669553595734284,7,0,0,0.806067831720807
"7065","Lamp5","KHDC4",-0.00638841060449439,0.0556854883445324,0.908664621362059,-0.115529962221303,0.102753141012314,5,0.00661784934010162,47.8665989301942,0.979772829904005
"7066","Lamp5","LINC01567",-0.114202308622532,0.0980755393214343,0.244248935261204,-0.306426833456885,0.0780222162118215,7,0.0145839596749153,22.8097387207117,0.636382241124551
"7067","Lamp5","BAHD1",-0.0357196629404723,0.0541137737380954,0.50919960891029,-0.141780710534689,0.0703413846537441,7,0,0,0.824364693203052
"7068","Lamp5","KIZ-AS1",-0.0113717082483704,0.107490501135203,0.915746844277512,-0.22204921915353,0.199305802656789,7,0.00917256113931724,10.7233932246152,0.980734315041589
"7069","Lamp5","MREG",-0.102315754171773,0.0463247344779541,0.0271980490094524,-0.193110565341944,-0.0115209430016018,7,2.24173226967876e-06,0.0129246783284741,0.258144022304794
"7070","Lamp5","AKNAD1",0.0571015587840643,0.044610204608856,0.200541218631186,-0.0303328355922563,0.144535953160385,5,0,0,0.591415610548944
"7071","Lamp5","SIDT2",-0.0508548543379647,0.0649172103854082,0.433403906178421,-0.178090248670174,0.0763805399942448,7,0.00965691777653914,36.9267352457891,0.783353965026019
"7072","Lamp5","GRHL1",0.138380113016062,0.0955012062263508,0.147340901017751,-0.0487988116677175,0.325559037699842,7,0.0274722667585135,49.4628070362154,0.525326275456135
"7073","Lamp5","WTIP",-0.119769216319651,0.0729030053197164,0.100412513021247,-0.262656481111027,0.023118048471725,7,0.00951109696234678,28.0123999035896,0.448741869664083
"7074","Lamp5","PPP1R3F",0.0569711482296091,0.0460066375401807,0.215595748400428,-0.0332002043989335,0.147142500858152,7,0,0,0.606518361590383
"7075","Lamp5","NIPBL",0.0680061011381683,0.0241763906908627,0.00490948219026954,0.0206212461079081,0.115390956168429,7,0,0,0.118940373775356
"7076","Lamp5","SBF2-AS1",0.0151221057744178,0.0581213207758541,0.794723596629703,-0.0987935896801557,0.129037801228991,7,0,0,0.942493007942743
"7077","Lamp5","SHANK2-AS1",-0.00605688590102498,0.126615263277466,0.961846201740012,-0.254218241817914,0.242104470015864,6,0.0243384606503888,27.0897476993391,0.994163912108515
"7078","Lamp5","CHMP4B",0.00790023178290152,0.0435734262561344,0.856125448461233,-0.0775021143621338,0.0933025779279368,7,0,0,0.962889517365549
"7079","Lamp5","ATP10D",0.0206099135383985,0.0390104275721446,0.597278596576658,-0.0558491195245133,0.0970689466013103,7,0,0,0.86630471271806
"7080","Lamp5","RASSF5",-0.0665960878740661,0.0663465567337359,0.315493814122812,-0.196632949570432,0.0634407738222996,7,0.00473951569847844,15.3265702767142,0.701038744536362
"7081","Lamp5","SLC22A10",0.0355274364591354,0.0805092332488492,0.659007408077298,-0.122267761131544,0.193322634049815,7,6.82519642253394e-07,0.00143088792536805,0.892964921996311
"7082","Lamp5","STYXL1",0.0607239555649696,0.0690377222065331,0.379088793722041,-0.0745874935345164,0.196035404664456,6,0.00643347708447431,23.0202095653694,0.749131860446869
"7083","Lamp5","CHIC1",0.0196431131625121,0.0294622870418048,0.504950629444307,-0.0381019083416064,0.0773881346666306,7,0,0,0.822477819723869
"7084","Lamp5","NENF",-0.0496432452616175,0.0640895448756369,0.438580818136311,-0.175256445003429,0.0759699544801944,7,0.0054302456841351,19.2204040945737,0.787060220366167
"7085","Lamp5","SGCB",-0.0801769323842111,0.0398816513427423,0.0443918921028386,-0.158343532659969,-0.00201033210845274,7,0,0,0.317637901128817
"7086","Lamp5","STXBP4",0.119794885348623,0.04033167900506,0.00297564313735987,0.0407462470626756,0.198843523634571,7,3.54136530931517e-06,0.0273525399676701,0.0907798884685884
"7087","Lamp5","ZNF358",-0.0267926160950489,0.064993046789181,0.680164846516913,-0.15417664704737,0.100591414857273,7,0,0,0.901733822525915
"7088","Lamp5","SH2D5",0.107110700176874,0.107675808297644,0.319857011908299,-0.103930006092747,0.318151406446496,6,0.0246401962182732,38.7666828553998,0.704062213401684
"7089","Lamp5","MIR7-3HG",0.0567763217628069,0.0792676434840642,0.473830202077064,-0.09858540460532,0.212138048130934,7,0,0,0.80682334277559
"7090","Lamp5","SYVN1",-0.105754106641798,0.0782384144923724,0.176474406598716,-0.259098581254365,0.0475903679707684,7,0.0109935007955784,27.861891058307,0.568703160472662
"7091","Lamp5","KCTD17",-0.0338033462584758,0.054924780164843,0.538258898428838,-0.141453937240348,0.0738472447233963,6,6.0487134943679e-07,0.0029983413118191,0.839248783091326
"7092","Lamp5","APRT",-0.145375048934066,0.0998793590450153,0.145529112476873,-0.341134995461241,0.0503848975931087,5,0.00763688722889702,15.0218704604727,0.522269692067356
"7093","Lamp5","ELL",-0.0493911790363034,0.0406167327054273,0.223973366871998,-0.128998512308631,0.0302161542360242,7,0,0,0.614623319452782
"7094","Lamp5","MIA3",0.0365673671648248,0.0458195165508235,0.424827519168894,-0.0532372350638261,0.126371969393476,7,0.00611203480381679,48.8524664174539,0.778050998360332
"7095","Lamp5","ARL14EP",0.0550485818278543,0.0397402600812813,0.165988447206354,-0.0228408966677119,0.132938060323421,7,0,0,0.552916643050083
"7096","Lamp5","SPTB",-0.0286990114132032,0.0354323836528864,0.41795995464926,-0.0981452072592663,0.04074718443286,7,0,0,0.773600796141458
"7097","Lamp5","REX1BD",-0.0512582513952274,0.0642539340122388,0.425018512987751,-0.177193647924229,0.0746771451337739,5,0,0,0.778050998360332
"7098","Lamp5","GPAT4",-0.00296462560596923,0.0333415845414529,0.929148065299658,-0.0683129304947144,0.062383679282776,7,0,0,0.984475495651328
"7099","Lamp5","THSD4",-0.0668930723077637,0.103139987876738,0.51661904485312,-0.269043733912068,0.135257589296541,7,0.0221385397600549,33.7731446407549,0.828072263422928
"7100","Lamp5","MGST3",0.00208672958445423,0.0339228107561076,0.950949822791867,-0.0644007577518846,0.0685742169207931,6,0,0,0.990120895882608
"7101","Lamp5","MRPS23",0.00257503438569497,0.0515092673704464,0.960129025017626,-0.0983812745304241,0.103531343301814,6,0,0,0.993956285507772
"7102","Lamp5","LINC01470",0.0292268990969175,0.0893038583168766,0.743460078290526,-0.145805446884628,0.204259245078463,7,0.0128501028440594,24.0015813871236,0.923731562184063
"7103","Lamp5","SNRPD1",-0.112123755097945,0.0652590431397008,0.0857722483858708,-0.240029129317304,0.0157816191214147,7,0.00942164084494567,35.1722314210646,0.419873237186504
"7104","Lamp5","SAP130",0.0499511853901285,0.0365779247328147,0.172061358118482,-0.0217402297154052,0.121642600495662,7,0.0017755202075841,19.3927697055679,0.56276410520658
"7105","Lamp5","GID4",0.0378438454303815,0.048296856244005,0.433293950038687,-0.0568162533743768,0.13250394423514,7,3.68401232996256e-06,0.0192988488261277,0.783353965026019
"7106","Lamp5","ZFAND2A",-0.0629737469072942,0.114779344674908,0.583245310019598,-0.287937128639223,0.161989634824635,7,0.0344918956599411,42.166541947022,0.859205550939193
"7107","Lamp5","COPS5",0.0998212342283666,0.0643405783020334,0.120793716974507,-0.0262839819880981,0.225926450444831,7,0,0,0.480999259384963
"7108","Lamp5","TOB1-AS1",0.0485532850995917,0.0638344136932774,0.446888250823866,-0.0765598667134624,0.173666436912646,5,0,0,0.791050413203466
"7109","Lamp5","OBSL1",-0.0658437916948699,0.0465413980537151,0.157145912636444,-0.157063255670294,0.0253756722805542,7,0.00267182551147938,17.7873840066111,0.540872227769886
"7110","Lamp5","SPATA33",0.025608902790426,0.0617217291731755,0.678208499033028,-0.0953634634525331,0.146581269033385,7,0,0,0.901378558730513
"7111","Lamp5","RWDD4",0.00273660210829869,0.0510498392656332,0.957248694881927,-0.0973192442689011,0.102792448485499,7,6.98946692332824e-07,0.00329710009051469,0.993217221014664
"7112","Lamp5","ELOVL6",0.107903017088054,0.0442749173811767,0.0148050147320565,0.021125773602461,0.194680260573646,7,0,0,0.193890854540042
"7113","Lamp5","TMEM9B-AS1",0.0982681623086046,0.150347197545695,0.513364255005161,-0.196406930057486,0.392943254674695,5,0,0,0.826138184151139
"7114","Lamp5","TMEM164",0.0351829889070195,0.035898883432397,0.327057475708236,-0.0351775297056803,0.105543507519719,7,0,0,0.710412234133167
"7115","Lamp5","GAMT",-0.0694062738966918,0.0550183231696296,0.207124445844589,-0.177240205798951,0.0384276580055678,7,0.00117216643125795,5.0881527987832,0.596286110230198
"7116","Lamp5","KLF13",-0.0484704512227284,0.0390991232154132,0.215093302842078,-0.125103324552032,0.0281624221065755,7,0,0,0.605960143389495
"7117","Lamp5","PNMA8C",0.093995383611749,0.0652548077552889,0.14974404419408,-0.0339016894067022,0.2218924566302,5,0,0,0.529036639443723
"7118","Lamp5","PLP1",-0.212960848276464,0.0818870041508886,0.00930426582689703,-0.373456427214088,-0.0524652693388407,6,0,0,0.158573582938221
"7119","Lamp5","BRIX1",0.0168623311340727,0.0550288138266713,0.759279321013619,-0.0909921620781628,0.124716824346308,7,5.79668961590642e-06,0.0232603497078349,0.926555528105898
"7120","Lamp5","AXIN2",0.0535770543011041,0.0535716978866353,0.317262122960238,-0.0514215441473616,0.15857565274957,6,1.77609046473205e-06,0.00910551095674882,0.701947766322472
"7121","Lamp5","ZC3HAV1",0.0122554530123462,0.060620722569905,0.839786900608485,-0.106558979941462,0.131069885966154,7,0,0,0.958356578693386
"7122","Lamp5","TAX1BP1",0.0144547091481132,0.0267237800648132,0.588581243748037,-0.03792293730969,0.0668323556059165,7,0,0,0.861442062658521
"7123","Lamp5","POLR2D",0.00455680098788343,0.0503861733383518,0.927939535426436,-0.0941982840740783,0.103311886049845,7,0,0,0.983884112435921
"7124","Lamp5","ASB1",0.0174845586144894,0.0678555346664783,0.796659064468772,-0.115509845483517,0.150478962712496,7,0.00805461091819861,26.8317331623687,0.943187190133141
"7125","Lamp5","LENG8",-0.0938044068021897,0.0359728481614889,0.00911675292249849,-0.164309893620036,-0.0232989199843436,7,0,0,0.157995546441175
"7126","Lamp5","CTR9",-0.0481055693477612,0.0541911142660197,0.374700982120065,-0.154318201591255,0.0581070628957322,7,0.00710317665495994,39.0897693835339,0.746343944899043
"7127","Lamp5","ZBTB5",0.0358616503968264,0.0508635706297242,0.480775573699528,-0.0638291161625423,0.135552416956195,7,0.00103094847051797,5.01948296077704,0.811287580904848
"7128","Lamp5","LONP1",0.0325100940094597,0.0395567252982563,0.411156526684743,-0.045019662921467,0.110039850940386,6,0,0,0.770723852721724
"7129","Lamp5","FAIM",0.112860426997861,0.0549992832340326,0.0401663090895955,0.00506381268363956,0.220657041312083,7,0,0,0.306149707076145
"7130","Lamp5","MAGI2",0.115767257540383,0.0363831793340407,0.00146317614321577,0.0444575364026014,0.187076978678165,7,0,0,0.0679546831944881
"7131","Lamp5","ZNF627",0.03571362564657,0.0478157326161236,0.455123232154316,-0.0580034881754294,0.129430739468569,7,0,0,0.796305590023421
"7132","Lamp5","STX1A",-0.0581712087389877,0.0538155907014628,0.279725588543587,-0.163647828320603,0.047305410842628,7,3.86335181196536e-05,0.164925300821992,0.669583329342026
"7133","Lamp5","RHBDL1",-0.0790956887060677,0.0689674895764329,0.251441682723404,-0.214269484380018,0.0560781069678824,6,0.00780928468337113,28.8897515966609,0.64193208701728
"7134","Lamp5","TNKS1BP1",-0.117384071487452,0.0619968053056414,0.0583061522843272,-0.238895577043051,0.00412743406814693,7,0,0,0.356936896421866
"7135","Lamp5","ADI1",-0.00313536444609737,0.0463956662476554,0.946120914873311,-0.0940691993302426,0.0877984704380478,7,0,0,0.988865030560056
"7136","Lamp5","ARPC5",0.013287946458367,0.0468044493136408,0.776484342675751,-0.0784470885125994,0.105022981429333,7,0,0,0.934672999905316
"7137","Lamp5","PFDN1",-0.0241126674034023,0.036957266208271,0.514112679411218,-0.0965475781386725,0.048322243331868,7,0,0,0.826491938846452
"7138","Lamp5","NADK",0.0091787838896888,0.0407774108320866,0.821905511804923,-0.0707434727239944,0.089101040503372,7,0,0,0.952295573317031
"7139","Lamp5","P2RY12",0.0738242894524973,0.0870547558500752,0.396426094322163,-0.0967998966965778,0.244448475601572,6,5.84685068401342e-06,0.0115726123845215,0.760850531535669
"7140","Lamp5","EIF2B2",-0.0866511731912624,0.0605405014872608,0.152346367189017,-0.205308375712287,0.0320060293297623,7,3.19282869328848e-06,0.0109280561399677,0.532427520323451
"7141","Lamp5","HRAS",-0.129101637239925,0.0690750720991605,0.0616221547810224,-0.264486290783787,0.00628301630393677,7,5.65591523361798e-07,0.00150243428713429,0.365923110863732
"7142","Lamp5","WARS2-AS1",0.0527083398176326,0.056357145995027,0.349656559709927,-0.057749636604086,0.163166316239351,5,0,0,0.728618713638442
"7143","Lamp5","PPIL1",-0.114468323339792,0.049822743999351,0.0215896123275514,-0.212119107189479,-0.0168175394901047,7,1.06344329427679e-07,0.000516095130539702,0.233234122696646
"7144","Lamp5","PLAAT1",0.00332624830516343,0.051464511528008,0.948467098539598,-0.0975423407716787,0.104194837382006,5,0,0,0.9895653820168
"7145","Lamp5","KLF3",-0.088809308780952,0.0571740070399913,0.120347622636919,-0.200868303431174,0.0232496858692704,7,0,0,0.480136856658117
"7146","Lamp5","PSPH",-0.0104568177159562,0.058887649172079,0.859058848019832,-0.125874489227461,0.104960853795549,7,0.00218652292522525,8.52980120735176,0.964465336412803
"7147","Lamp5","AGAP2",-0.0971199605686014,0.0448845967668799,0.0304819771996232,-0.185092153692289,-0.00914776744491372,7,0,0,0.271576462501495
"7148","Lamp5","OGT",0.0249355650904157,0.0261356244407789,0.340041434603881,-0.0262893175269756,0.0761604477078071,7,0,0,0.72076489124917
"7149","Lamp5","GABBR2",-0.086273764221556,0.0361804930334354,0.0171005770248758,-0.157186227509992,-0.0153613009331204,7,0.00222506565468621,25.5945329146171,0.208892544065873
"7150","Lamp5","ARF4",0.0275137914279514,0.0417128912048231,0.5095110407058,-0.0542419730245394,0.109269555880442,7,0,0,0.824364693203052
"7151","Lamp5","ZNF211",-0.0750756361525057,0.0563171495519259,0.182503393642437,-0.185455220986236,0.0353039486812251,6,0,0,0.575260279028009
"7152","Lamp5","JAGN1",-0.0994577086453307,0.0931704627555996,0.285754640969671,-0.282068460069236,0.0831530427785748,5,0.00349022593254456,7.63779272210451,0.675582079502415
"7153","Lamp5","ENPP5",0.0781242545699475,0.0702142056067133,0.265856215330161,-0.059493059622301,0.215741568762196,7,0.0101301665261373,32.9977325995202,0.654523434645953
"7154","Lamp5","UBXN8",-0.0127350550499096,0.0735744059918829,0.86258003222546,-0.156938240977928,0.131468130878109,7,0.0103258918384348,30.0633704355833,0.96595801115822
"7155","Lamp5","GNPTAB",-0.0348230713834684,0.0283852765319375,0.219897583643816,-0.0904571910772759,0.0208110483103391,7,0,0,0.610010485454974
"7156","Lamp5","TCAF1",0.0476535184566098,0.0292938386437088,0.103791898797562,-0.00976135025398715,0.105068387167207,7,0,0,0.455085911390479
"7157","Lamp5","GANAB",-0.0368435344953783,0.0357936599696291,0.303324020563597,-0.106997818910724,0.0333107499199677,7,0,0,0.692923010872982
"7158","Lamp5","RUBCNL",-0.0573209482542527,0.0781811624835091,0.463448000286609,-0.210553210991405,0.0959113144828993,7,5.29425519600013e-06,0.0111597632881903,0.800197114949866
"7159","Lamp5","IFT22",-0.10194949706049,0.0888949585377109,0.251442160902982,-0.276180414201585,0.0722814200806048,7,0.0165166470411754,33.058596181784,0.64193208701728
"7160","Lamp5","PYGB",0.0021643278542508,0.0328593984098816,0.947484250145596,-0.0622389095827699,0.0665675652912715,7,0,0,0.989171902880068
"7161","Lamp5","ZC3H14",0.054647451624362,0.024979322002681,0.0286909109288327,0.00568888014087825,0.103606023107846,7,1.22018751403387e-06,0.024148175081677,0.264748922683573
"7162","Lamp5","SLC7A1",0.00419282016519646,0.0463220432607426,0.927878310496276,-0.0865967163161654,0.0949823566465584,7,7.49767607299233e-07,0.00444263001772107,0.983884112435921
"7163","Lamp5","ZNF582",-0.0702707131312695,0.05145461781704,0.172038382908414,-0.171119910890941,0.0305784846284019,7,0,0,0.56276410520658
"7164","Lamp5","XRCC1",-0.0834110255792651,0.0642355201228307,0.194109146728097,-0.209310331548211,0.0424882803896809,7,0.00863492271707182,33.5212738765944,0.587583280058094
"7165","Lamp5","EFHD2",0.11159793813589,0.0676159326842761,0.0988472380867657,-0.0209268547063761,0.244122730978156,7,0.00812893723584238,27.0468739937081,0.445235873481858
"7166","Lamp5","HGSNAT",-0.214757650691737,0.0760483355546147,0.00474339286922759,-0.363809649462999,-0.0657056519204753,7,0.0226591026120428,62.0605779012021,0.118072529571483
"7167","Lamp5","EIF2D",0.0126620237046995,0.0414793189365096,0.760167278881058,-0.0686359475141096,0.0939599949235086,7,0.000685070981144634,5.17318184051642,0.926785654820937
"7168","Lamp5","FAM156A",0.151504132854553,0.0950222599287283,0.11084496102998,-0.0347360743353579,0.337744340044464,5,0,0,0.464802131967571
"7169","Lamp5","ZNF830",0.0405530469870785,0.0705663504813728,0.56550795949696,-0.0977544584768429,0.178860552451,5,0,0,0.852935819308762
"7170","Lamp5","STRADB",-0.0037798744512654,0.0551242092973293,0.945331792030422,-0.111821339350279,0.104261590447748,7,1.09836772298337e-07,0.000456204220382183,0.988482060518107
"7171","Lamp5","RAB29",-0.0497520374840351,0.057796323835032,0.389339036954407,-0.163030750639512,0.0635266756714415,7,0,0,0.756440591197513
"7172","Lamp5","NKRF",0.124262915685715,0.0426945045058198,0.00360835812276091,0.0405832245165253,0.207942606854905,7,0,0,0.102256764905445
"7173","Lamp5","CDH6",-0.175003712887014,0.101459635890272,0.0845526251565096,-0.373860945116494,0.0238535193424661,7,0,0,0.417662850601646
"7174","Lamp5","ZBTB20-AS5",0.0180021531730126,0.103642054676303,0.862104814704018,-0.185132541276272,0.221136847622297,5,2.46161784223306e-06,0.00398788980347938,0.965631713248814
"7175","Lamp5","NCBP2AS2",0.00416207862881587,0.0959451422169031,0.965398800173978,-0.183886944607888,0.192211101865519,5,0,0,0.99444464399303
"7176","Lamp5","MMP25-AS1",-0.15729452350142,0.0991771179513763,0.112740191462708,-0.351678102776598,0.037089055773759,5,0,0,0.468309218452526
"7177","Lamp5","TMEM222",-0.104272975375433,0.0418512343345208,0.0127199619379587,-0.18629988737964,-0.0222460633712263,7,0,0,0.183054181487422
"7178","Lamp5","ZSWIM8",-0.0618498651484277,0.0327624192005306,0.0590488283603314,-0.126063026827871,0.00236329653101588,7,4.49905325921397e-07,0.0049962643597801,0.358823647541262
"7179","Lamp5","SMARCD2",0.0107041005022493,0.0863794951130043,0.901379043821545,-0.158596598921993,0.180004799926491,7,0.0205985682029214,44.1538179687016,0.977956078464346
"7180","Lamp5","SPTY2D1",-0.065039938386128,0.0484047896017255,0.179055959697739,-0.159911582684749,0.0298317059124929,7,4.53643041426313e-06,0.0245261735314037,0.571631132414646
"7181","Lamp5","BCAP29",-0.00492852023673652,0.0511528585684418,0.923243497138105,-0.105186280737154,0.0953292402636806,5,0,0,0.982375103729229
"7182","Lamp5","GPATCH4",-0.0407251679099261,0.0803687465813286,0.61234503797598,-0.198245016691957,0.116794680872105,7,0.00436207345445258,9.06450550586266,0.87418339610299
"7183","Lamp5","SH2D3C",0.0419509022692327,0.0633942225392192,0.508133724805558,-0.0822994907355543,0.16620129527402,7,0,0,0.823791812671457
"7184","Lamp5","DRD1",-0.0658924903513001,0.0672804523106208,0.327396946684117,-0.197759753743681,0.0659747730410813,7,0.00201131867563731,5.83349536302153,0.710412234133167
"7185","Lamp5","CD226",0.0484370203982501,0.0726404113912474,0.504896426975448,-0.093935569750768,0.190809610547268,7,0,0,0.822477819723869
"7186","Lamp5","ATF4",-0.00955774958803388,0.0543948963515828,0.860521455858036,-0.116169787379925,0.0970542882038576,7,0,0,0.964929778772269
"7187","Lamp5","RPF1",0.0736706875631111,0.0479824528817146,0.124693639315461,-0.0203731919749396,0.167714567101162,7,0,0,0.486741613913492
"7188","Lamp5","FAM124A",0.128409425174882,0.140457901339006,0.360601247292085,-0.14688300279365,0.403701853143414,7,0.0785977694025154,70.2609368184501,0.735533057541538
"7189","Lamp5","DCAF8",-0.0681722178940557,0.037971349248203,0.072596460509752,-0.142594694864926,0.00625025907681419,7,2.52033490376064e-06,0.0181137260769713,0.389808779700079
"7190","Lamp5","IL7",-0.0683836012032328,0.124778801506443,0.583665390421637,-0.312945558189934,0.176178355783468,7,0.0223964876554483,21.184503957372,0.859263732685249
"7191","Lamp5","SCNM1",-0.0183519152835401,0.074095242782826,0.804381949516685,-0.163575922563631,0.12687209199655,6,0,0,0.945989699577391
"7192","Lamp5","GNA13",-0.018234172002666,0.035952725471667,0.612034991852591,-0.0887002190731891,0.0522318750678572,7,0,0,0.874121429918725
"7193","Lamp5","PGS1",-0.0525514765403533,0.0512015372704175,0.304719470394122,-0.152904645543457,0.0478016924627503,6,0.00342310908436187,22.1505054924611,0.694164386896801
"7194","Lamp5","AFF1",-0.00169410066155081,0.0623721555960543,0.978331186887838,-0.123941279267946,0.120553077944844,7,0,0,0.997093441046833
"7195","Lamp5","SPRED3",-0.107950762984242,0.135886800464418,0.426952802240195,-0.374283997868883,0.158382471900399,7,0.0487714547955526,43.362986947304,0.779769175624693
"7196","Lamp5","SNRNP40",-0.0653518354627141,0.0383597740214374,0.0884454883528921,-0.140535610999827,0.0098319400743983,7,0.00184098149294499,18.1506946291683,0.425299394938575
"7197","Lamp5","FN1",-0.0768091632675205,0.0974332372419627,0.430505988716664,-0.267774799158914,0.114156472623873,6,0.0097225277894404,16.9558947985779,0.782197070656728
"7198","Lamp5","TYK2",-0.0389851590199475,0.0481203382404841,0.417848393341658,-0.133299288895182,0.0553289708552868,7,0,0,0.773600796141458
"7199","Lamp5","SIRT7",-0.139070299509876,0.0568050260727028,0.0143570289768031,-0.250406104753232,-0.0277344942665194,7,0,0,0.192024501934971
"7200","Lamp5","ITM2C",-0.0286775805465637,0.0637732093195305,0.652940699373284,-0.153670773991378,0.0963156128982501,7,9.90932748060756e-07,0.00296202646502324,0.890671589346995
"7201","Lamp5","ZNF133",0.00834696539469757,0.0329131782466068,0.799800291529783,-0.0561616785853989,0.0728556093747941,7,1.69041230001576e-06,0.0190196897914766,0.94399207908011
"7202","Lamp5","CLNS1A",0.035451554719813,0.0279076883484954,0.20397245233601,-0.0192465093350061,0.090149618774632,7,0,0,0.593908097926263
"7203","Lamp5","GRID1-AS1",-0.0241469948521187,0.106871981980006,0.821245617720078,-0.233612230489345,0.185318240785108,7,0,0,0.95212614925907
"7204","Lamp5","MTBP",-0.0666921535972633,0.0594456866104017,0.261904690368903,-0.183203558389906,0.049819251195379,7,0.00488707202579729,20.224094323586,0.652838959376138
"7205","Lamp5","SDC3",0.0235711423523921,0.0583823176664975,0.686405617318989,-0.0908560976079196,0.137998382312704,7,0.00201801083541765,7.99416758877123,0.903181005962289
"7206","Lamp5","BCAN",-0.0211330131488914,0.050087666813901,0.673083050344849,-0.119303036173779,0.0770370098759966,7,3.9726159373224e-07,0.00197718885881174,0.899374323918889
"7207","Lamp5","WHAMM",-0.0305166182095802,0.055348148158507,0.581388608845724,-0.138996995211241,0.0779637587920805,7,0.00877424593258827,47.8759423199966,0.858378677238391
"7208","Lamp5","CDC26",-0.0625316165169321,0.0575679974781905,0.277380854148936,-0.175362818236278,0.0502995852024138,7,5.01367227494862e-06,0.0184571691937262,0.667444192106062
"7209","Lamp5","SLC17A7",-0.102807114823594,0.122530177638203,0.401449636238366,-0.342961850013767,0.137347620366578,5,0.0283511470100243,38.5379895169267,0.763872108158253
"7210","Lamp5","ANXA6",-0.0169269906721787,0.0358123756192023,0.636457497780234,-0.0871179570866356,0.0532639757422781,7,0,0,0.884284334223222
"7211","Lamp5","NDUFAF1",0.00761647201969174,0.0529892173011774,0.885708735596584,-0.0962404854595827,0.111473429498966,6,0,0,0.974011298943957
"7212","Lamp5","VASH2",0.142851754065973,0.0558116488814907,0.0104812920569569,0.0334629323404562,0.25224057579149,7,2.11568601131578e-06,0.00841647265736991,0.168249357998856
"7213","Lamp5","NPY",-0.374141331212941,0.253036642994541,0.139245825047712,-0.87008403825116,0.121801375825278,5,0.0940011184058312,29.7093707335291,0.513314608610651
"7214","Lamp5","NOP14",0.01168569749842,0.0496541623089926,0.81394349240572,-0.0856346723097117,0.109006067306552,7,0,0,0.948913065478652
"7215","Lamp5","DPH3",0.0323656957858426,0.090972738963713,0.722010146523905,-0.145937596157998,0.210668987729684,7,0.0193862095548357,37.6420740033724,0.915784250967848
"7216","Lamp5","TOR1A",0.0167999112860611,0.0606988469347028,0.781953031397886,-0.102167642609066,0.135767465181188,7,1.6043096366894e-06,0.00538086094263737,0.937343620161761
"7217","Lamp5","GCDH",-0.11786503796687,0.0447786114470831,0.00848407281144373,-0.205629503680866,-0.0301005722528745,6,0,0,0.152802751132614
"7218","Lamp5","MRPL40",0.0406606412338011,0.0898211721847414,0.65077603202415,-0.135385621297463,0.216706903765065,6,0,0,0.889738157224085
"7219","Lamp5","BTBD3",0.031471877854542,0.0425096848717006,0.45909003731584,-0.0518455734881384,0.114789329197222,7,0,0,0.79893157105066
"7220","Lamp5","MFSD4A",0.0439898126712013,0.0967484408306941,0.649337749003442,-0.145633646917364,0.233613272259766,5,2.5033362366055e-06,0.00448301622919652,0.889181043619013
"7221","Lamp5","QSOX2",-0.0849493907053872,0.0398683558406199,0.03310996783609,-0.163089932275829,-0.00680884913494516,7,0.000376527076590461,3.00956007204166,0.283240512106319
"7222","Lamp5","UBE2S",-0.0642704432224296,0.0729989250048059,0.378626412982623,-0.207345707141989,0.0788048206971303,7,0,0,0.749051329414751
"7223","Lamp5","TMEM128",-0.0483497048332253,0.0696255115519269,0.487415639290243,-0.18481319988018,0.0881137902137288,7,0.0109156356840941,36.5312200484693,0.814561714683066
"7224","Lamp5","MTRF1",0.0478430750456331,0.0665178377109251,0.471985783245464,-0.0825294911972602,0.178215641288527,6,0.00576149639445164,22.0384399722603,0.805854730251114
"7225","Lamp5","FAM118B",0.0179109527038075,0.0581980674347723,0.758266065848304,-0.0961551634381797,0.131977068845795,7,0.00746334728543131,35.0911641346842,0.926555528105898
"7226","Lamp5","TXNL1",-0.00846497168028174,0.0269172286565611,0.753155330239127,-0.061221770410771,0.0442918270502075,7,0,0,0.926555528105898
"7227","Lamp5","ARMC6",-0.0724631023507872,0.0555314544108916,0.191926242044583,-0.181302753005263,0.0363765483036882,7,0,0,0.586077011394669
"7228","Lamp5","HIC2",0.00584308590906157,0.048757209957821,0.904609539550326,-0.0897192895949253,0.101405461413048,7,0,0,0.978961685897185
"7229","Lamp5","CDH18",0.172747136099288,0.071457329782904,0.0156281100781952,0.0326933432933944,0.312800928905181,7,0.0139087093476923,42.6042725490822,0.201397164251224
"7230","Lamp5","NUDT6",0.0291633129751994,0.0515980412019391,0.571936417459809,-0.071966989453415,0.130293615403814,6,0,0,0.855459320471905
"7231","Lamp5","DDX56",-0.0766910580448906,0.0816149987939209,0.347387536159944,-0.236653516279255,0.0832714001894743,7,0.0179279286242341,44.3410161518838,0.727134052964415
"7232","Lamp5","WDR45B",-0.0343043669126021,0.0321472087739244,0.285925552185445,-0.0973117383129841,0.0287030044877798,7,4.61226042421677e-06,0.0556411504933709,0.675582079502415
"7233","Lamp5","AGO4",-0.145719131462982,0.0799834169237786,0.0684751996522308,-0.30248374799404,0.011045485068075,7,0.031825344658162,80.6525844234831,0.380574627344018
"7234","Lamp5","SMYD2",-0.012632293313536,0.0492452374194761,0.797550828423558,-0.109151185065833,0.0838865984387614,7,0.00464018062422561,29.6855325540562,0.943226894493407
"7235","Lamp5","TRIM67",-0.0763601626606371,0.064631125969213,0.237413445764664,-0.203034841840566,0.0503145165192918,7,0,0,0.627192637389112
"7236","Lamp5","DNMT3B",-0.0492465249704167,0.088804560921134,0.57920283808171,-0.223300266038732,0.124807216097899,7,0.0260371164158705,57.6335198663844,0.858378677238391
"7237","Lamp5","MED19",-0.0535654467915364,0.0608806109767774,0.378943767002208,-0.172889251662814,0.0657583580797412,7,0.00155809352032174,5.58864544263994,0.749103184562571
"7238","Lamp5","ATG4D",-0.170618743134333,0.0690300938672066,0.0134488328425176,-0.305915240963477,-0.0353222453051887,7,0.00773165738424502,24.5143579044137,0.185906300068753
"7239","Lamp5","SELENOS",0.0627879536646066,0.073062709310386,0.390136014239041,-0.0804123251966693,0.205988232525882,5,0.00337721729021877,11.7537882717367,0.756630141601695
"7240","Lamp5","TMA7",-0.0878347725529899,0.0797328584028071,0.270629849402587,-0.244108303406924,0.0684387583009439,7,0.0100897096089108,23.5044113637776,0.660151516639454
"7241","Lamp5","DUSP26",-0.0345970454364306,0.0471957210913753,0.463525064223378,-0.127098958999924,0.0579048681270624,7,0,0,0.800197114949866
"7242","Lamp5","PI4KB",0.0332407434093086,0.0344243613717042,0.334235940319875,-0.0342297650700235,0.100711251888641,7,0,0,0.715689813838028
"7243","Lamp5","KCTD10",-0.00288542529283418,0.0516381065978428,0.955439133085677,-0.104094254454446,0.0983234038687779,7,0,0,0.99250674134453
"7244","Lamp5","DSCC1",0.0495880765118507,0.126321120837303,0.694647661497801,-0.197996770815996,0.297172923839697,7,0.0509073999449661,52.408297509534,0.90604776878642
"7245","Lamp5","UNC45A",-0.137711817804762,0.0476691366346312,0.00386580415073152,-0.231141608782758,-0.0442820268267662,7,0,0,0.104595366150675
"7246","Lamp5","PARM1",-0.0521994271399734,0.0579285035535188,0.367534670303401,-0.165737207783171,0.0613383535032239,7,0.00341237938332365,14.4095976258013,0.739583900750189
"7247","Lamp5","NDRG1",0.152471553015503,0.0567767951403038,0.0072431033635666,0.0411910793828983,0.263752026648107,7,0,0,0.143174005165112
"7248","Lamp5","RCBTB1",-0.0297685937507466,0.0395040981853459,0.451115211234638,-0.107195203435759,0.0476580159342654,7,3.63454235982333e-07,0.00285146820885023,0.794248438595657
"7249","Lamp5","URM1",-0.111685102886073,0.079275409613225,0.158887204654112,-0.267062050587654,0.0436918448155087,7,0.016262149461537,42.6626328996099,0.543050037284519
"7250","Lamp5","NUDT2",0.00400647086968839,0.0850283103552833,0.962418178937409,-0.162645955092961,0.170658896832338,6,0.0137722743182705,33.8290135936407,0.994163912108515
"7251","Lamp5","TXNDC12",-0.0340849322507368,0.0464537578369168,0.46310784499719,-0.125132624557639,0.0569627600561654,7,0,0,0.800102097417133
"7252","Lamp5","TOPBP1",-0.0331280228435468,0.0359744897699936,0.357115480681885,-0.103636727154939,0.0373806814678452,7,0,0,0.733300829923534
"7253","Lamp5","SLC25A1",0.124135420142807,0.0706726672863475,0.0790057749396653,-0.0143804624298161,0.26265130271543,5,0.00645798640278163,26.0429945541047,0.405899900106738
"7254","Lamp5","POLG2",-0.0143519579250439,0.0547587673703845,0.793248781679871,-0.121677169808805,0.0929732539587168,6,0,0,0.941379032839067
"7255","Lamp5","MTR",0.0219467149857568,0.0312543818833803,0.482556679552265,-0.0393107478647296,0.0832041778362432,7,0.000388161309979468,5.34063772155275,0.811720289507115
"7256","Lamp5","FARP2",-0.0504550642742793,0.0357966299697295,0.158689731535138,-0.120615169782856,0.0197050412342976,7,0,0,0.542840531873203
"7257","Lamp5","APBB2",-0.00481589587922476,0.0299991342854087,0.872460050735517,-0.0636131186460066,0.053981326887557,7,0,0,0.968577940382375
"7258","Lamp5","CD36",0.288421762961949,0.132940844329546,0.0300409788240752,0.0278624960016919,0.548981029922205,7,0.0695210032582186,63.7795875821624,0.269410856803269
"7259","Lamp5","SMIM10L2B",-0.0148241569660091,0.0534447079509564,0.781493165738228,-0.119573859714145,0.0899255457821268,7,0,0,0.937122277643741
"7260","Lamp5","C18orf21",-0.100106473184769,0.116644136642949,0.390770321137005,-0.328724780012717,0.128511833643179,5,0.00997181260241723,13.2090236957977,0.757164982254933
"7261","Lamp5","ZKSCAN5",-0.0881899073845382,0.0532138452129365,0.0974641473248289,-0.192487127480783,0.0161073127117064,7,0.00275321780829207,13.6385470644473,0.443352505841624
"7262","Lamp5","ARMH4",0.0795305845846033,0.034077230987779,0.0196044399028813,0.0127404391557041,0.146320730013503,5,0,0,0.224415510465475
"7263","Lamp5","PMM1",-0.0313787195234829,0.0590128769141869,0.594915329289977,-0.147041832899384,0.0842843938524186,7,0,0,0.86531165446106
"7264","Lamp5","ARVCF",-0.0428306731006789,0.0536768206874923,0.424907571323834,-0.148035308452778,0.0623739622514204,7,0,0,0.778050998360332
"7265","Lamp5","CPEB2-DT",0.0104928919445557,0.0685454669922162,0.878335741526807,-0.123853754663667,0.144839538552779,5,0.00733303826855594,32.5220776317857,0.971284178999175
"7266","Lamp5","RPL10A",-0.124496530688146,0.0911745559100512,0.172103964012636,-0.30319537657828,0.0542023152019874,7,0.00895500197064464,15.3343675314047,0.56276410520658
"7267","Lamp5","PJVK",-0.0150086898686406,0.06082597412185,0.805103225595412,-0.134225408472032,0.104208028734751,5,0,0,0.946038694946959
"7268","Lamp5","LRP3",-0.0787521881741985,0.0478353460408602,0.0996983186085999,-0.172507743602295,0.015003367253898,7,0.000634873289482342,3.60566335005082,0.447725194232162
"7269","Lamp5","MOB1B",0.0874968032482574,0.0330985257988399,0.00820475391409743,0.0226248847411615,0.152368721755353,7,0,0,0.150328399543524
"7270","Lamp5","LMTK3",-0.0488042160150992,0.0308590473669325,0.113759075489852,-0.109286837451502,0.0116784054213042,7,0,0,0.469877796733769
"7271","Lamp5","UTP18",-0.00963286126086843,0.0338381666204044,0.775893571776019,-0.0759544491397265,0.0566887266179896,7,0,0,0.934584658568636
"7272","Lamp5","ALDH18A1",-0.0524166231422804,0.0461973068818284,0.256532439078908,-0.142961680813408,0.0381284345288476,6,0,0,0.647561014815183
"7273","Lamp5","ANO1",-0.137130466761042,0.0509402586147234,0.00710279112108144,-0.236971539009056,-0.0372893945130285,7,0.00313460600404774,17.5367726303285,0.141334906850271
"7274","Lamp5","TFDP1",-0.0728096988885966,0.0358104152084366,0.0420324262981235,-0.142996822968558,-0.0026225748086354,7,0.000110051338672469,1.05210327894895,0.31114492884268
"7275","Lamp5","EMC6",-0.152641267114967,0.139849958662796,0.275068538424226,-0.426742149333463,0.121459615103529,5,0.0346498615215223,37.8178554141562,0.664420248639732
"7276","Lamp5","OSGEPL1",-0.040289629836082,0.0542485336170586,0.45767176978307,-0.146614801939627,0.0660355422674632,6,5.59938445842414e-06,0.0281208739532715,0.798089340162691
"7277","Lamp5","SLC25A21",0.0849666962668918,0.0729086910234647,0.243863178633799,-0.0579317122990577,0.227865104832841,6,0.0014799181104036,4.29463526980089,0.636259619574418
"7278","Lamp5","FSCN1",-0.0099128186891641,0.05716255209684,0.862325583068213,-0.121949362063365,0.102123724685037,7,0,0,0.965775580437606
"7279","Lamp5","KCNIP2-AS1",-0.203083574101538,0.129577056690097,0.117049177529921,-0.457049938436834,0.0508827902337573,7,0.0381286057918107,36.4941187487508,0.473706044086634
"7280","Lamp5","REPS2",0.0727232029259324,0.0398518313946988,0.0680252272175779,-0.00538495132563982,0.150831357177505,7,0.00416906578135553,42.374278313127,0.379614415443311
"7281","Lamp5","CSNK1G1",0.122654177465333,0.039264049021774,0.00178514130927845,0.045698055495441,0.199610299435225,7,0,0,0.0741267531863229
"7282","Lamp5","SEPHS1",-0.141668144659259,0.0512287673945743,0.00568526548440022,-0.242074683725005,-0.0412616055935137,7,0.00107528675380257,5.41901706130853,0.129038690598033
"7283","Lamp5","RAB21",0.0535332440846686,0.0349236544903449,0.125309146218771,-0.014915860924928,0.121982349094265,7,0,0,0.487700427066708
"7284","Lamp5","GSK3B",0.0152969548429422,0.0290584127236474,0.598595819845205,-0.0416564875433073,0.0722503972291916,7,0.00110427547674684,19.1395607008576,0.866522587716573
"7285","Lamp5","GLT1D1",-0.110750636045039,0.0516155135804272,0.0318981144101636,-0.211915183706215,-0.00958608838386407,7,0.00720727840677998,43.93347007108,0.277345874264384
"7286","Lamp5","CDKAL1",0.0571717630834042,0.0339357181031173,0.0920449944595451,-0.00934102218820965,0.123684548355018,7,0.0010931715609231,13.3451244569103,0.433746227847181
"7287","Lamp5","TMEM158",0.0489966803531004,0.0631705183074881,0.437969994551872,-0.0748152604143044,0.172808621120505,7,0.000557689523855216,1.78828360441168,0.786576382027442
"7288","Lamp5","RHBDD1",0.209808312019977,0.0611803704556714,0.000605050311909718,0.0898969893660429,0.329719634673912,7,0.0103308851371334,43.7354857260893,0.0466825592266343
"7289","Lamp5","TSC2",-0.124504641360973,0.0375052143978974,0.000901264414494396,-0.198013510813305,-0.0509957719086415,7,0,0,0.054585113815654
"7290","Lamp5","OSTC",-0.0794104812846685,0.0549402917184293,0.148346668968304,-0.187091474352914,0.028270511783577,7,0,0,0.5270337439794
"7291","Lamp5","CORIN",0.0695020771121591,0.0748181503696813,0.352916686996765,-0.0771388030023184,0.216142957226637,7,0,0,0.730623184965952
"7292","Lamp5","CRELD1",0.0701746672000548,0.126320735340343,0.578533770835451,-0.177409424567633,0.317758758967742,5,0.0463957135178687,63.89194524308,0.858378677238391
"7293","Lamp5","HUS1",-0.00361892432885108,0.0443243296280455,0.934927859832186,-0.0904930140387019,0.0832551653809997,7,2.25745342819263e-06,0.0147680670592301,0.985371770816307
"7294","Lamp5","GEN1",-0.129548547795498,0.0750030948942378,0.0841240859287552,-0.276551912517244,0.0174548169262485,7,0.0106490438383623,29.0706919819859,0.417064747830187
"7295","Lamp5","ADAMTS13",-0.112195618512067,0.0648319017388713,0.0835299335008301,-0.239263810969495,0.0148725739453602,7,0.00851230849669291,31.8612421529369,0.415876134361544
"7296","Lamp5","EFCAB7",0.0909992986198166,0.0334220916166213,0.00647451409394149,0.0254932027632407,0.156505394476392,7,0,0,0.135128645810552
"7297","Lamp5","NAB2",0.204672129720184,0.0812144742546209,0.0117306998447618,0.0454946851577715,0.363849574282596,6,4.08422633957752e-06,0.00890749911104132,0.175873022678725
"7298","Lamp5","ATG4A",0.0325876934048881,0.0526198971791246,0.535716352659641,-0.0705454099363968,0.135720796746173,6,0,0,0.838454634400818
"7299","Lamp5","PRMT9",-0.022292196648078,0.0331426059268725,0.501192587298863,-0.0872505106185519,0.0426661173223958,7,0,0,0.821950780659244
"7300","Lamp5","TMEM127",-0.0330050577550276,0.0433133979823998,0.446056580073112,-0.117897757848581,0.0518876423385258,7,1.4954232467251e-06,0.00980978896405167,0.790240777561324
"7301","Lamp5","DHFR",0.0149760062793969,0.076935877240444,0.845662502434301,-0.135815542230868,0.165767554789662,7,0.00685308080178524,16.6640737348722,0.959421815061179
"7302","Lamp5","PFKFB4",0.0612627587787073,0.0509499296255575,0.229204307027636,-0.0385972683022356,0.16112278585965,7,4.18564505564205e-06,0.019060702402011,0.620850352829784
"7303","Lamp5","TRAPPC11",-0.0339209546114784,0.0430886739944534,0.431143736969922,-0.118373203782195,0.0505312945592379,7,0.00538693468520759,48.5443545626176,0.782421831476114
"7304","Lamp5","P4HA2",0.0913475279072132,0.0820323504139939,0.265470172390017,-0.0694329244713843,0.252127980285811,7,0.0145236472362831,33.9082453445144,0.654477926053113
"7305","Lamp5","GPN1",0.149687962636906,0.0579344218239908,0.00977330957141661,0.0361385823967329,0.26323734287708,7,0,0,0.163696091266906
"7306","Lamp5","COA7",-0.0097121738644483,0.0674582608428375,0.88552172391435,-0.141927935576118,0.122503587847222,5,0,0,0.973968021364086
"7307","Lamp5","SKIL",0.0037002022403111,0.0731593458170968,0.959662351001203,-0.13968948069371,0.147089885174332,7,0.00794097892029498,22.0567377075541,0.993918230498124
"7308","Lamp5","OSCP1",-0.0524443506750205,0.102232386499031,0.607957229749871,-0.252816146266701,0.14792744491666,7,0.0420852364821533,67.4015629962663,0.871748258707968
"7309","Lamp5","ANGPTL1",0.130042382474713,0.10273806973308,0.205596777327373,-0.071320534043289,0.331405298992714,6,0,0,0.59469941911079
"7310","Lamp5","PRIM1",0.0955005325090262,0.0586527280414674,0.10347467624605,-0.0194567020472725,0.210457767065325,7,0,0,0.45467896978314
"7311","Lamp5","PDIA4",-0.0945089250306308,0.0559826734947593,0.0913763545761187,-0.204232948838624,0.0152150987773626,7,2.64646437497773e-07,0.00101161989902112,0.432266544452454
"7312","Lamp5","EIF2AK4",0.052971195799989,0.0244156251937254,0.0300400949828652,0.00511744976025836,0.10082494183972,7,0,0,0.269410856803269
"7313","Lamp5","NUDT9",0.0223591581240061,0.0580115497224639,0.699921840893724,-0.0913413900193777,0.13605970626739,6,0.00849404814064733,45.7119775677914,0.907258323785827
"7314","Lamp5","MCEE",0.0104274806760011,0.0440325099554574,0.81280169148847,-0.0758746529855968,0.0967296143375991,6,0,0,0.948815753829332
"7315","Lamp5","SESN1",0.0500769739317004,0.0380690398272963,0.188367044395779,-0.0245369730558214,0.124690920919222,7,0.00322803834602445,36.0982332787723,0.581487218360641
"7316","Lamp5","LETM2",-0.026581150003507,0.0560605806567831,0.63539261887524,-0.136457869043205,0.0832955690361906,6,0,0,0.883770682615608
"7317","Lamp5","NCKAP5L",-0.141647375531573,0.076469238657892,0.0639763659267689,-0.291524329226239,0.00822957816309355,7,0.0146207691443582,39.8758840314117,0.370325924548998
"7318","Lamp5","SLC46A1",-0.0350031237294235,0.0651281974906715,0.590957089480039,-0.162652045189152,0.0926457977303047,7,0.00316761569684246,10.200673591904,0.863156760231449
"7319","Lamp5","PPP2R1A",0.0587893934068491,0.0683163090657744,0.389487598445192,-0.0751081119187759,0.192686898732474,7,0.0106056800090628,38.376918900413,0.756440591197513
"7320","Lamp5","ZNF268",0.0356531845980704,0.0505882643384,0.480952230053133,-0.0634979915455855,0.134804360741726,7,1.44953157794453e-06,0.00704567438839711,0.811342049869339
"7321","Lamp5","TBRG4",-0.0154540410440457,0.0646323419355874,0.811022666034445,-0.142131103474275,0.111223021386183,5,0,0,0.948466659799132
"7322","Lamp5","KATNB1",-0.0314715717621982,0.0811108211558671,0.698010804327068,-0.190445859984167,0.127502716459771,7,0.015710018085162,38.2375132204944,0.906391554342484
"7323","Lamp5","SETD6",0.00825123938123939,0.0731783592988705,0.91022464951263,-0.135175709292278,0.151678188054757,7,0.0124126207514332,38.0470385535606,0.980126088601916
"7324","Lamp5","SLC25A24",-0.00317206152881706,0.0597663415067395,0.957672644359142,-0.120311938369748,0.113967815312114,6,0,0,0.993217221014664
"7325","Lamp5","TYW3",0.177751647077412,0.0504885488997195,0.000430518165635874,0.0787959096022724,0.276707384552552,7,0,0,0.0416178218562913
"7326","Lamp5","MLXIPL",0.0529641792116026,0.0970622706999022,0.58529131008383,-0.137274375617883,0.243202734041088,7,0.0181357641861034,29.4611813062803,0.859889284679671
"7327","Lamp5","DEGS2",-0.00824510948719357,0.101012995300061,0.934945520817178,-0.206226942245826,0.189736723271439,5,0,0,0.985371770816307
"7328","Lamp5","SP2-AS1",-0.0833698647874161,0.0825554994603349,0.312560232551034,-0.245175670455388,0.0784359408805561,7,0.0090639329292179,19.4503705181265,0.698836623863407
"7329","Lamp5","CCDC146",0.093581536033202,0.0508246194331343,0.065582897991365,-0.00603288758369575,0.1931959596501,7,0.00147221792873632,7.668064926061,0.373672580884055
"7330","Lamp5","EZH2",-0.00520556302550128,0.0610775732719126,0.932079563139769,-0.124915406901556,0.114504280850554,7,1.28688072956549e-06,0.00432940942933283,0.984934594908954
"7331","Lamp5","METTL15",0.0698043344671603,0.0434961054183458,0.10852879464056,-0.0154464656205549,0.155055134554876,6,0.00307180019058181,28.2336467713339,0.463464486118256
"7332","Lamp5","HADHB",0.0083467675406608,0.0457906181539886,0.855362073770214,-0.0814011948709828,0.0980947299523044,6,0.00444332818098186,38.4683494707506,0.962392985249599
"7333","Lamp5","COLGALT2",0.013994514520625,0.0302425992989707,0.643549460180187,-0.0452798909042338,0.0732689199454838,7,0.000339501083256757,4.89972136709938,0.886929185222919
"7334","Lamp5","SCAMP2",-0.00988313552335483,0.0521576398923925,0.849712032337098,-0.112110231231054,0.092343960184344,7,0,0,0.960282195683175
"7335","Lamp5","MTO1",-0.00940891410000938,0.0398149191611198,0.813187244995872,-0.0874447217031779,0.0686268935031591,6,0.000304753130717771,2.84776665403614,0.948815753829332
"7336","Lamp5","SLC6A8",-0.0238297937883909,0.0746752366410948,0.749641283017765,-0.170190568141943,0.122530980565161,7,0.013224651805136,38.6321319031772,0.92551168941846
"7337","Lamp5","MRPL22",0.0868066381240114,0.0398988750384618,0.0295802212920474,0.00860628002496212,0.165006996223061,6,0,0,0.267789452257074
"7338","Lamp5","ZNF91",0.0212718594315538,0.0302799127275605,0.482362857044088,-0.0380756789694808,0.0806193978325883,7,0,0,0.811720289507115
"7339","Lamp5","SYPL1",0.0868840298866111,0.0618596816314291,0.160159876186906,-0.034358718206104,0.208126777979326,7,0.00565799539094232,21.989038399658,0.544291398507647
"7340","Lamp5","QTRT2",-0.0566974908259968,0.0885468082507773,0.521970463901446,-0.230246045943494,0.116851064291501,7,0.0215992632883005,44.6310717159508,0.831744807168208
"7341","Lamp5","ZNF235",0.0448182280034965,0.0349922512766382,0.200262392218302,-0.0237653242366902,0.113401780243683,7,0,0,0.591415610548944
"7342","Lamp5","DTNBP1",-0.00632737020695836,0.0414436471937299,0.878655311777079,-0.0875554260946535,0.0749006856807368,7,0,0,0.971284178999175
"7343","Lamp5","METTL22",-0.0270728156077244,0.0479370699536012,0.57223877740133,-0.12102774624116,0.0668821150257111,7,0,0,0.855746347248031
"7344","Lamp5","LINC00205",-0.0688199573011607,0.0481681633731025,0.153077928459905,-0.163227822713883,0.0255879081115616,5,4.51874948513286e-06,0.0317686430320223,0.534237775584196
"7345","Lamp5","SF3A3",0.0269810545145275,0.0378652038721956,0.476120934443802,-0.0472333813422426,0.101195490371298,7,0,0,0.808947731010291
"7346","Lamp5","ADGRL3",0.0868929165909191,0.0345056798582216,0.0117949394898038,0.0192630268067357,0.154522806375103,7,0.000496216511089562,5.53840838180063,0.176319601698204
"7347","Lamp5","SLC38A7",-0.188882267625449,0.0455053914956169,3.31363273306981e-05,-0.278071196059253,-0.0996933391916448,7,2.17668781682974e-06,0.0135384300783124,0.0120084041984187
"7348","Lamp5","FLRT3",0.0987666187857428,0.0778400664887965,0.204498003388301,-0.0537971080865015,0.251330345657987,7,1.85743239152557e-07,0.000393069825108221,0.593908097926263
"7349","Lamp5","AP1G2",0.0509574532758448,0.050381966004172,0.311814263724624,-0.0477893855626536,0.149704292114343,7,0,0,0.698312131064191
"7350","Lamp5","C17orf67",0.0390750548453581,0.0630717137773445,0.535564800667964,-0.0845432326014558,0.162693342292172,7,0,0,0.838327153296883
"7351","Lamp5","LYRM2",-0.0998127967958171,0.0576834172628303,0.0835668458860456,-0.212870217136161,0.0132446235445263,6,0.00108423320206619,4.98612822951919,0.415886770682987
"7352","Lamp5","UTP11",-0.0316296338299783,0.0595073834818826,0.595055349841392,-0.148261962268682,0.0850026946087253,7,0,0,0.865410060653436
"7353","Lamp5","LINC00159",0.15332830218727,0.0799198671195059,0.0550444132558308,-0.00331175901618883,0.309968363390728,5,0,0,0.34837800237059
"7354","Lamp5","COX17",-0.0252493873409206,0.0604967558438118,0.67640953114929,-0.143820849976305,0.0933220752944636,6,0,0,0.900498896027425
"7355","Lamp5","DEDD2",0.179061648647265,0.0755441476842586,0.0177740672849413,0.0309978399433437,0.327125457351187,7,0.00730856123306669,18.6599305055026,0.213628211719209
"7356","Lamp5","CC2D2B",-0.0721103207787079,0.0762893885509835,0.344546136433612,-0.221634774741218,0.077414133183802,7,0.000332563821707633,0.741830847072067,0.72433889877292
"7357","Lamp5","CHMP3",-0.0465371246639435,0.057060191380246,0.414740655039838,-0.158373044720188,0.0652987953923015,7,0,0,0.772206678128822
"7358","Lamp5","SAMD3",0.268865407818518,0.0943319232371754,0.00436909300328034,0.0839782356812575,0.453752579955779,7,0,0,0.112602218202757
"7359","Lamp5","PDIA3",-0.0447141034519464,0.03525024876928,0.204627926077887,-0.113803321485813,0.0243751145819199,7,0,0,0.593908097926263
"7360","Lamp5","MYO9A",0.0260968703491466,0.0240866825249225,0.278605893094061,-0.0211121599067519,0.073305900605045,7,0,0,0.668106652398611
"7361","Lamp5","RAC3",-0.13728198212305,0.0655672963487497,0.036281637302081,-0.265791521530264,-0.0087724427158363,6,0,0,0.291728958956667
"7362","Lamp5","DNAJC16",-0.0693138943339843,0.0304438541864061,0.0227994920243558,-0.128982752089929,-0.0096450365780394,7,0,0,0.239054761153202
"7363","Lamp5","ZNF480",0.0314196054781384,0.0669512407341117,0.638861746046353,-0.0998024150809916,0.162641626037268,7,0.00643918088210195,21.3773320535602,0.885331754597799
"7364","Lamp5","SNAP25-AS1",0.0551494177064755,0.0678819089482001,0.416543937199095,-0.0778966790338239,0.188195514446775,7,0.00273238678259314,7.89242870108066,0.773107171959004
"7365","Lamp5","EDC3",-0.0561948220053958,0.0509492537614321,0.270045959052917,-0.156053524416995,0.0436638804062029,7,0.00547291018620196,33.962011061242,0.659995225537924
"7366","Lamp5","GRIP2",-0.123781722415655,0.0319456627937774,0.000106730575740124,-0.18639407095372,-0.0611693738775901,7,0.000446321362770779,5.66827590405919,0.0221289547120744
"7367","Lamp5","PRPSAP1",0.0153683567481671,0.0335872509532799,0.647264859655736,-0.0504614454599701,0.0811981589563042,7,0,0,0.888197413267119
"7368","Lamp5","RRP7A",-0.0170344137389097,0.0702036423748565,0.808282062810618,-0.154631024377159,0.120562196899339,7,0.00880798892674315,27.7363726795286,0.947362141179829
"7369","Lamp5","NCKAP5",-0.0454304530143534,0.101459747643478,0.654320464168334,-0.244287904276093,0.153426998247386,7,0.033911504189472,56.0493247476902,0.891333686181696
"7370","Lamp5","SMAD3",-0.0260158779597054,0.0875634655626049,0.766383430597402,-0.197637116823924,0.145605360904514,7,0.0187671658078457,38.7050864872182,0.93055735379163
"7371","Lamp5","BMP2K",0.00433037093332531,0.0406731912995243,0.915211480268423,-0.0753876191500502,0.0840483610167008,7,0.00215555920609557,19.0202899986903,0.980734315041589
"7372","Lamp5","TPRG1",-0.0736733111559215,0.108243244904481,0.496107326929435,-0.285826172738453,0.138479550426609,7,0.0341723305016004,47.4120545051964,0.818902349585799
"7373","Lamp5","GTF2H2",0.0738753375471477,0.0727066721902235,0.309594291206964,-0.0686271213814503,0.216377796475746,7,0,0,0.696879927838551
"7374","Lamp5","DNA2",-0.0152555973800137,0.0498260682744683,0.759469863902529,-0.112912896689205,0.0824017019291779,6,0,0,0.926555528105898
"7375","Lamp5","B3GNTL1",-0.0587602522464817,0.0880070082983983,0.504339816612437,-0.23125081889846,0.113730314405497,5,0,0,0.822278216591144
"7376","Lamp5","GCN1",-0.0904405085466277,0.0386468364687714,0.0192745082714865,-0.166186916141829,-0.0146941009514266,7,0,0,0.222924414331438
"7377","Lamp5","PEMT",-0.0841974217610448,0.0483511077089263,0.0816178254976083,-0.178963851483157,0.0105690079610678,7,0.00113380957511481,6.4794886281571,0.411842858702911
"7378","Lamp5","TCP11L2",0.115179814653375,0.0499065867309683,0.0210042496880246,0.0173647020693524,0.212994927237397,7,3.50001802840412e-06,0.0178291339625065,0.229848471997992
"7379","Lamp5","CARMIL2",0.0424959216264378,0.0521296463359167,0.414959661074994,-0.0596763077187693,0.144668150971645,7,1.40092156435133e-06,0.00640836892260517,0.772253748334244
"7380","Lamp5","MYO19",-0.056872781863864,0.0351723251072831,0.105883607043831,-0.125809272326673,0.0120637085989447,6,1.62667979915549e-06,0.0191824949206489,0.459456479186204
"7381","Lamp5","PPIL2",-0.0721356776849483,0.0476298875174687,0.129897940258828,-0.165488541806881,0.0212171864369842,7,0.0048861793413797,34.2602150683025,0.496151219276694
"7382","Lamp5","HDHD3",0.00967111099818924,0.093329604533108,0.91746838670686,-0.173251552578069,0.192593774574447,6,0.0141313651117539,28.1729189853633,0.981834848915198
"7383","Lamp5","ZFAND1",-0.00731218263792208,0.0350639472918345,0.834808532145989,-0.0760362564857284,0.0614118912098842,7,0.00120540730298518,13.8094039814461,0.957418626091684
"7384","Lamp5","UBXN7",0.0147749033971932,0.0272897028883214,0.588225385857705,-0.0387119314127153,0.0682617382071018,7,0,0,0.861277671761366
"7385","Lamp5","ZCWPW1",-0.0920172349386423,0.0599444944623654,0.124773846537364,-0.209506285156339,0.0254718152790546,7,0,0,0.486741613913492
"7386","Lamp5","ALDH8A1",0.0900297608289014,0.056104765992449,0.108565952990858,-0.0199335598773464,0.199993081535149,7,0,0,0.463464486118256
"7387","Lamp5","FBXW5",0.0092200057584728,0.049361474281977,0.851828846275,-0.0875267060580023,0.105966717574948,7,6.45375091892156e-07,0.00317798002156745,0.960949077691041
"7388","Lamp5","DRP2",-0.0957609649432003,0.0442782165387162,0.0305634510671973,-0.18254467465875,-0.0089772552276508,7,0,0,0.271576462501495
"7389","Lamp5","SLCO2A1",-0.145205038102938,0.0786895730193651,0.0649954458442577,-0.299433767179729,0.00902369097385186,7,8.93891235163216e-06,0.0192757419916564,0.371880205906429
"7390","Lamp5","PXMP4",0.00588528844055802,0.0483486889488031,0.903116088008294,-0.0888764005988259,0.100646977479942,6,0,0,0.978460008363242
"7391","Lamp5","EML2",-0.102527312272671,0.0503209115374104,0.041603035652744,-0.201154486555222,-0.00390013799012094,7,0.00617125421755199,39.7577737693863,0.31056698860774
"7392","Lamp5","NNAT",-0.0461169415190666,0.13745724907802,0.737247755671344,-0.315528199125938,0.223294316087805,6,0.0541645777923301,54.0463784154735,0.921463278270996
"7393","Lamp5","MBLAC2",0.159936978920141,0.0438592562771146,0.000265737452425141,0.073974416228284,0.245899541611998,7,0,0,0.0320924146154616
"7394","Lamp5","FAM221A",0.00165497635576669,0.0608625279465342,0.97830656371613,-0.117633386427503,0.120943339139036,7,0.00770198591676306,33.5870218055731,0.997093441046833
"7395","Lamp5","TMEM163",0.00391635192625124,0.0640696571387963,0.951258489157189,-0.121657868567619,0.129490572420122,7,2.26778056002641e-06,0.00692456896449571,0.990345631742911
"7396","Lamp5","ZNF561",-0.0657599563620651,0.0475242642301142,0.166446260283441,-0.158905802644854,0.0273858899207238,7,0,0,0.553584959236588
"7397","Lamp5","NT5M",-0.146963843574285,0.0466664095520941,0.00163694258637826,-0.238428325584185,-0.0554993615643845,6,0,0,0.0709709000283925
"7398","Lamp5","ZNF665",0.0636055160272956,0.0743360993194958,0.392192650159374,-0.0820905613901085,0.2093015934447,7,0.00988635880171076,27.9735626695989,0.758201083617192
"7399","Lamp5","RDH14",-0.0469981711958148,0.0849181446338185,0.579953503079222,-0.213434676312062,0.119438333920433,6,0.0125572526292042,30.3602220747543,0.858378677238391
"7400","Lamp5","KCNK1",0.0301297991637425,0.0601245368705745,0.616284433581769,-0.087712127689734,0.147971726017219,7,0.00229673979148471,8.69956836356273,0.876146640656725
"7401","Lamp5","UTP23",0.173205244551419,0.0416355481762419,3.18201944330079e-05,0.0916010696494021,0.254809419453435,7,0.00167038023530742,13.5974185394183,0.0118918032882607
"7402","Lamp5","MKRN2",0.0233594735994667,0.0419416513379105,0.577560436647172,-0.0588446524749741,0.105563599673907,7,0,0,0.858011784817634
"7403","Lamp5","RCBTB2",0.0114370551927143,0.0676699261532209,0.865786904596044,-0.121193562904084,0.144067673289512,7,0.0060300301892612,19.2284840001772,0.966974913429347
"7404","Lamp5","SLC25A22",-0.024838621913478,0.0640272779704778,0.698061826467928,-0.150329780763749,0.100652536936793,6,0.00650082065839588,27.354547379191,0.906391554342484
"7405","Lamp5","WBP2NL",0.0478481402615521,0.0579105459226146,0.408666680804393,-0.0656544440718254,0.16135072459493,7,0.00351768633041266,14.7596086207506,0.769644856022005
"7406","Lamp5","CEP162",0.134079103003211,0.045799725937971,0.00341689336481156,0.0443132896629829,0.223844916343439,7,3.64437609583159e-06,0.0218579914946755,0.0991360454196024
"7407","Lamp5","CALN1",0.0696029502230906,0.0520042444444147,0.180763137762025,-0.0323234959311794,0.171529396377361,7,0.00161317754134083,8.22917343664037,0.57276150096728
"7408","Lamp5","SHARPIN",-0.0101081256315668,0.0563102568795278,0.857539058800629,-0.12047420107564,0.100257949812506,7,0,0,0.963835575473628
"7409","Lamp5","SNU13",-0.0422823949825328,0.058288614186651,0.468208417070347,-0.156525979497119,0.0719611895320536,7,0.00304316020809315,12.3310047719491,0.803943800564904
"7410","Lamp5","C1orf198",0.0452089351188662,0.0519435562408878,0.384110624760846,-0.0565985643422046,0.147016434579937,7,0,0,0.753573866861032
"7411","Lamp5","MRPL27",-0.0729966943770938,0.065569823976038,0.265593950702822,-0.201511187842759,0.0555177990885716,6,0,0,0.654477926053113
"7412","Lamp5","BCAR3",0.0457851836193097,0.0502085791292526,0.361821568014452,-0.0526218231889548,0.144192190427574,7,0,0,0.736264102753927
"7413","Lamp5","TMEM120B",-0.0639232436323448,0.0412099430512919,0.120863180404032,-0.144693247817824,0.0168467605531339,7,0.00178472901017018,14.8587239779303,0.480999259384963
"7414","Lamp5","TMED3",-0.105469673724018,0.0559163139631792,0.0592672320390859,-0.215063635240084,0.00412428779204715,7,0,0,0.359143231846617
"7415","Lamp5","THAP2",0.159183742382092,0.0779870314539668,0.0412352660092142,0.00633196947112505,0.312035515293059,7,0.0172569920680311,47.3273254927185,0.309174010159369
"7416","Lamp5","CMTR2",-0.0249908962556159,0.0564105279664016,0.657752497476171,-0.135553499418652,0.0855717069074207,7,0,0,0.892902161244819
"7417","Lamp5","RGP1",-0.0755149490118191,0.056401789249948,0.180611349747952,-0.186060424605336,0.0350305265816975,7,0.00623647442076535,30.6291330480836,0.57276150096728
"7418","Lamp5","MAP3K2",-0.0196402709384971,0.0241033958332037,0.415167229345047,-0.0668820586766892,0.0276015167996951,7,0,0,0.772267614009902
"7419","Lamp5","ADGRV1",0.0913747298916269,0.0934087288868707,0.327963181025367,-0.0917030145683057,0.27445247435156,7,0.0262806843628533,51.4702844887863,0.710785009402385
"7420","Lamp5","MINDY3",0.0791626113622017,0.053033718007466,0.135519780153115,-0.024781565898685,0.183106788623088,5,0.00625875782095582,53.0964746661534,0.506948821136618
"7421","Lamp5","MAPRE1",-0.0511195293131456,0.0510031812502818,0.316207803545161,-0.151083927660667,0.0488448690343753,7,3.18118598311931e-09,1.47016670383993e-05,0.70158239751328
"7422","Lamp5","ZNF550",-0.0411075061497278,0.056683111030845,0.468319451787472,-0.152204362301869,0.0699893500024134,7,6.59017615144719e-06,0.0248347152671233,0.803989086077124
"7423","Lamp5","RRP1",-0.110953249551189,0.0596103058546094,0.0627004327275862,-0.22778730213364,0.00588080303126269,6,0.00194549485103765,8.45447599643035,0.367746186851007
"7424","Lamp5","SLC22A15",-0.0499594171444766,0.0414483216035351,0.228071169037068,-0.131196634707039,0.0312778004180857,7,0,0,0.619581569377127
"7425","Lamp5","EEF1B2",-0.0739957245329004,0.081807319069412,0.365723826859405,-0.234335123580725,0.0863436745149239,7,0.00598700939561294,12.5534565951806,0.737993677404189
"7426","Lamp5","MED9",0.00136762619581525,0.0481479120234889,0.977339388923019,-0.0930005473010261,0.0957357996926566,7,0.00332874054576037,21.3914327449618,0.997093441046833
"7427","Lamp5","SNAP47",-0.0126478431611862,0.0393794041110385,0.74807463897742,-0.0898300569514701,0.0645343706290977,7,0,0,0.924961187709984
"7428","Lamp5","ST7-AS2",-0.0210629730973054,0.100152907249997,0.833427171194614,-0.217359064254279,0.175233118059669,7,0,0,0.956927024870186
"7429","Lamp5","WDR46",-0.182765897897629,0.0799606353576796,0.0222719077642952,-0.339485863379621,-0.0260459324156369,6,0.0114013697875216,32.1519233030185,0.235913209565378
"7430","Lamp5","ST3GAL2",-0.06008077571092,0.0429357116521177,0.161717214531641,-0.144233224199667,0.0240716727778275,7,0.000491669088304865,3.46774271412329,0.54659387487773
"7431","Lamp5","DENND4A",0.0974146658928032,0.038534306995957,0.011471487931425,0.0218888120115176,0.172940519774089,7,0.00268661558584664,27.1744460786781,0.173785608918165
"7432","Lamp5","ZNF570",0.0389281640811636,0.048070459087086,0.418046686514681,-0.0552882044498311,0.133144532612158,6,0,0,0.773600796141458
"7433","Lamp5","NRBP2",-0.111601888007863,0.040887050787161,0.00634272361233515,-0.191739034984758,-0.031464741030967,7,0,0,0.133778891851704
"7434","Lamp5","MCL1",0.028778701719758,0.0901504375538636,0.749552298338431,-0.147912909076342,0.205470312515858,6,0.0215476986761362,49.9117514598771,0.92551168941846
"7435","Lamp5","IGHMBP2",-0.0816422392847928,0.0485358593278742,0.0925491695398474,-0.176770775526129,0.013486296956543,7,0,0,0.434719370984696
"7436","Lamp5","SEC24B-AS1",0.0390212903842573,0.0426303250497283,0.360012567293487,-0.0445326113624458,0.12257519213096,7,0,0,0.73483363923243
"7437","Lamp5","ZYX",-0.114513535613476,0.0466680187654764,0.0141359356108373,-0.205981171623649,-0.0230458996033026,7,0,0,0.190803221185105
"7438","Lamp5","INSYN1",-0.132386211446668,0.0499293029529325,0.00801414596826292,-0.230245847007605,-0.0345265758857314,5,0,0,0.149751830678838
"7439","Lamp5","PALLD",0.0670151096982171,0.0336754890791213,0.04658803592235,0.00101236394136747,0.133017855455067,7,0.0018237369663231,24.2360645883543,0.324677343587053
"7440","Lamp5","IL17RA",-0.0722723016310334,0.0569705029956846,0.204586761297691,-0.183932435683706,0.0393878324216396,7,5.09392614394746e-07,0.00183634775750982,0.593908097926263
"7441","Lamp5","HIPK3",0.0142016053703511,0.0245204587786933,0.562471960168502,-0.0338576107202867,0.0622608214609889,7,0,0,0.852814428920204
"7442","Lamp5","RDH11",-0.0552108414564019,0.0478425042510522,0.248495099759948,-0.148980426718669,0.0385587438058648,7,0,0,0.639361638990797
"7443","Lamp5","KIAA1217",-0.23234455474818,0.206426390897427,0.260353312560256,-0.636932846365723,0.172243736869363,7,0.253424829937119,90.8636920245371,0.651489759092311
"7444","Lamp5","RARB",0.144104915156894,0.0509875276174399,0.00470924099311103,0.0441711973659703,0.244038632947818,7,0,0,0.118072529571483
"7445","Lamp5","CCT3",0.0437258477583558,0.048578469445154,0.368063011479423,-0.0514862027782255,0.138937898294937,7,0.00142230046032164,8.03110942709488,0.740371899323109
"7446","Lamp5","ZNF839",-0.0794524579900048,0.0560725341316684,0.156495039611553,-0.189352605409968,0.0304476894299581,7,0.00231083003987231,9.96827129546539,0.53965518417375
"7447","Lamp5","SCD",0.123334402662639,0.0936776300902234,0.187978342121442,-0.0602703784712648,0.306939183796542,6,0,0,0.581174988342083
"7448","Lamp5","PHLDB1",-0.0236533029447543,0.0439477279144797,0.590428993610005,-0.1097892668595,0.0624826609699914,7,0,0,0.862905863140172
"7449","Lamp5","ALKBH1",-0.0137613142253486,0.0410840706157763,0.737659043946553,-0.0942846129705705,0.0667619845198733,6,0,0,0.921515147451878
"7450","Lamp5","CDKN2B-AS1",0.037015860023381,0.0772865162396893,0.631978957734265,-0.11446292829698,0.188494648343742,7,3.40713179367949e-06,0.00745483747491744,0.882993296421211
"7451","Lamp5","TFIP11",0.0448008388472306,0.0553741697373562,0.41848257647516,-0.0637305395117953,0.153332217206257,7,4.71206090695761e-06,0.0185272875274866,0.773992133013677
"7452","Lamp5","NR1H3",0.028847993378316,0.060231344419662,0.631971943759618,-0.089203272424649,0.146899259181281,7,0,0,0.882993296421211
"7453","Lamp5","PRDM4",-0.0293095499303151,0.0406067096974836,0.47042309974968,-0.108897238468056,0.050278138607426,7,0,0,0.804834027168301
"7454","Lamp5","GTF3C4",0.042884627013034,0.0513448047061419,0.403589254545279,-0.0577493410042468,0.143518595030315,7,4.95464351828782e-07,0.00233343146607819,0.766114903985236
"7455","Lamp5","LRRC8A",-0.00561123569468457,0.0411840401097826,0.891625372500061,-0.0863304710477114,0.0751079996583423,7,0,0,0.975663358386813
"7456","Lamp5","ZNF136",-0.112278150659783,0.0527678165350849,0.0333555704442739,-0.215701170611367,-0.00885513070819965,7,0,0,0.283324755805651
"7457","Lamp5","HTATSF1",0.0270018934307982,0.0503289979203928,0.5916077361268,-0.0716411298711631,0.125644916732759,7,2.42142969926368e-06,0.0117007726644869,0.863335804312435
"7458","Lamp5","GPT2",-0.0805614113151328,0.0352951358402656,0.0224593967909795,-0.149738606391502,-0.0113842162387633,6,0,0,0.236436554774052
"7459","Lamp5","SLC20A2",-0.067932335175779,0.0320261406356651,0.0339089529514402,-0.130702417385497,-0.0051622529660606,7,7.20850351577134e-07,0.00897446065033526,0.286382181035504
"7460","Lamp5","NDUFA10",-0.0523237574862877,0.0279776528483051,0.0614562922056389,-0.10715894944093,0.00251143446835483,6,5.04850279037174e-06,0.095976461727619,0.365649650988674
"7461","Lamp5","INTS6L",0.0407703098136009,0.0500482698073598,0.415289992950721,-0.0573224964973677,0.13886311612457,7,0.00443989113714902,26.8662489654307,0.772267614009902
"7462","Lamp5","ZMAT2",-0.0893242933089029,0.0646016590995952,0.166758869684851,-0.215941218485644,0.037292631867838,7,0.00584885841483443,20.7854604634584,0.553963700711425
"7463","Lamp5","FGFR2",0.0198468053605002,0.0740079180417818,0.788567405414572,-0.125206048572184,0.164899659293185,7,0,0,0.938916527414662
"7464","Lamp5","MDH2",0.0146642344036255,0.056312939186764,0.79455051714771,-0.0957070982660262,0.125035567073277,6,0,0,0.942381199501087
"7465","Lamp5","MOB3A",-0.143854957991168,0.0543397352616371,0.0081131258339733,-0.250358882033417,-0.0373510339489176,7,0.00285580332494325,13.5991491838123,0.150328399543524
"7466","Lamp5","PTK2B",0.0074410064863544,0.0824801990009204,0.928115831553435,-0.154217212993146,0.169099225965855,7,0.0124899532211382,28.2295816430846,0.983983796945703
"7467","Lamp5","MED8",0.0251922269943815,0.102120455236156,0.805147146663932,-0.17496018735332,0.225344641342083,7,0.0334387614128972,54.5078761859915,0.946038694946959
"7468","Lamp5","AP4E1",0.0319874425659254,0.0305503950662638,0.295081780474522,-0.0278902314774219,0.0918651166092726,7,0,0,0.685669064004994
"7469","Lamp5","SMIM15",-0.0773064674003903,0.0705197125189321,0.272974145175254,-0.215522564137616,0.0609096293368349,6,0,0,0.662377889749365
"7470","Lamp5","SMARCA4",-0.0615415537081007,0.0277283733806213,0.0264565777061759,-0.115888166883998,-0.00719494053220388,7,0,0,0.253318024650246
"7471","Lamp5","C1orf35",0.00318774552487544,0.0635976484156797,0.960023862784741,-0.121461354871298,0.127836845921048,7,0.00676524380142902,25.7912874517711,0.993933458145851
"7472","Lamp5","USP16",-0.00966967650307962,0.0315025476170774,0.758882167008878,-0.0714135352538095,0.0520741822476503,7,4.15876237001942e-06,0.0512671561243097,0.926555528105898
"7473","Lamp5","STXBP3",-0.0203971869308594,0.0350499680207242,0.560603088394097,-0.0890938619107595,0.0482994880490406,7,0,0,0.851628662134642
"7474","Lamp5","PPP1R9B",0.0309249459193004,0.066211050862797,0.640452494093971,-0.0988463291503314,0.160696220988932,7,0.00184784497715441,5.48367694898207,0.885646843671299
"7475","Lamp5","ZCCHC4",0.0834666912025465,0.0467760849407495,0.0743606169006053,-0.00821275061910882,0.175146133024202,7,0,0,0.394133864563598
"7476","Lamp5","DMXL2",0.00189037835868082,0.0234027420073338,0.93562014689518,-0.043978153115176,0.0477589098325377,7,0,0,0.985766990805125
"7477","Lamp5","BAIAP2",0.036705280852866,0.0641182809160404,0.567009006705115,-0.088964240493195,0.162374802198927,7,0.00954465950889266,38.1782702433248,0.853478978335213
"7478","Lamp5","ZNF578",-0.0210521814809779,0.0611942607215096,0.730829624185195,-0.140990728555691,0.098886365593735,7,0.00210971411214128,7.56821933439661,0.919418417381732
"7479","Lamp5","RNPC3",-0.0147005853913936,0.0353853622078867,0.677817957454432,-0.0840546208987563,0.054653450115969,7,0,0,0.901378558730513
"7480","Lamp5","STXBP6",-0.0213912806488501,0.163893977565208,0.896155810387501,-0.342617573959673,0.299835012661973,6,0.100161415178185,69.5894203393856,0.976503629742517
"7481","Lamp5","SEZ6",-0.0284627011536724,0.0624447053103226,0.648529145900241,-0.150852074587122,0.0939266722797769,7,0.0119081134914993,53.6062120320004,0.888623464010692
"7482","Lamp5","POLR3F",-0.108977943237503,0.0425584307704123,0.0104471623172055,-0.192390934786052,-0.0255649516889536,7,0,0,0.16792690074121
"7483","Lamp5","SYTL2",0.0531972407452681,0.053617965660228,0.32112275687893,-0.0518920408730841,0.15828652236362,7,2.27728514340219e-07,0.000954728762896255,0.706068587886583
"7484","Lamp5","DOCK5",-0.0930923232494253,0.0972837121845187,0.338609745395663,-0.283764895413442,0.0975802489145917,7,5.26134022118856e-06,0.00704140575688351,0.719260025788051
"7485","Lamp5","KLHDC8B",-0.116987673007226,0.0688448639158648,0.0892637783884503,-0.251921126802883,0.0179457807884297,6,0,0,0.427133860228323
"7486","Lamp5","PALB2",-0.0742348033994797,0.0515553012255361,0.14989390844348,-0.175281337013644,0.0268117302146847,7,0,0,0.52928841451392
"7487","Lamp5","STXBP5",0.0453860984858249,0.0283939616740927,0.109944662531815,-0.0102650437738075,0.101037240745457,7,0,0,0.463734401407849
"7488","Lamp5","XRN2",0.0188778926381694,0.0277534600569633,0.496378080832536,-0.0355178895198495,0.0732736747961883,7,0,0,0.819010136406774
"7489","Lamp5","KLF7",0.0327443780898443,0.0514146373378098,0.524210310772779,-0.0680264593704512,0.13351521555014,7,2.63132721572613e-08,0.000124338788520718,0.832872473300341
"7490","Lamp5","ITPA",-0.216898529779877,0.0629089694423289,0.000565139610275521,-0.340197844191373,-0.0935992153683817,7,0.0031288335068373,10.9514619779943,0.0462348784888574
"7491","Lamp5","PSMA1",0.0506955767699463,0.0398449087931233,0.203258532465244,-0.0273990094318586,0.128790162971751,7,6.38002774706634e-07,0.00473706026410568,0.593161131697475
"7492","Lamp5","CEP89",-0.0293324892536116,0.0718989237212812,0.683296870728479,-0.170251790274515,0.111586811767292,6,0.0167271121243504,60.7134343429005,0.902529462625427
"7493","Lamp5","OTULIN",0.0112383658037855,0.0404478754634852,0.781128957175566,-0.0680380133558069,0.0905147449633778,7,0.000511038675414333,4.04701817848994,0.937122277643741
"7494","Lamp5","MTIF2",-0.0694792150842817,0.0693616539858877,0.316490970390227,-0.205425558804751,0.0664671286361872,6,0.00844502069180018,31.1240192482079,0.701947766322472
"7495","Lamp5","PLOD1",0.183069436625655,0.0522126253414819,0.000454503494776063,0.080734571418067,0.285404301833243,7,3.51388587328509e-06,0.0160266559587341,0.0427984826301334
"7496","Lamp5","TRIM37",-0.0440782691576555,0.0240201076465915,0.0664972289866616,-0.0911568150497499,0.00300027673443899,7,0,0,0.375453179447085
"7497","Lamp5","FGFR1",0.150830036983082,0.0956360925944589,0.114766851345594,-0.0366132601241948,0.33827333409036,7,0.02567098175978,47.1659237941863,0.470839374010962
"7498","Lamp5","PGRMC1",-0.0190786232351079,0.0526165655541394,0.716905746947036,-0.122205196711412,0.084047950241196,7,4.1255563454525e-07,0.00186217125128911,0.914462798800233
"7499","Lamp5","PIAS4",-0.0841350431030346,0.0489527363001385,0.0856691042542614,-0.180080643195993,0.0118105569899234,7,0.000308146715529454,1.63684963817809,0.419873237186504
"7500","Lamp5","ENDOV",-0.0494124490467262,0.0666068318241907,0.458176668290089,-0.179959440546456,0.0811345424530038,7,0.0101203676570084,37.1297029223005,0.798390285902103
"7501","Lamp5","IPO9",-0.00871207215487487,0.0246554473728981,0.723823942442575,-0.0570358610284778,0.039611716718728,7,0,0,0.916541762286275
"7502","Lamp5","ZNF667",-0.026754445657796,0.0324347957901202,0.40944617625764,-0.090325477252343,0.036816585936751,7,0,0,0.770066858703021
"7503","Lamp5","CBR3-AS1",-0.140494676777536,0.0658124636372418,0.0327795488844572,-0.269484735240382,-0.0115046183146901,5,0,0,0.282225072072875
"7504","Lamp5","ZCCHC12",-0.0618186257002818,0.0873201630252608,0.478974058623047,-0.232963000353959,0.109325748953395,7,0,0,0.810032727270423
"7505","Lamp5","STK19",-0.11003561091737,0.0978643196055909,0.26085650127646,-0.301846152715845,0.0817749308811056,5,0,0,0.651678065336366
"7506","Lamp5","MNT",-0.0788752483388167,0.0632264000670836,0.212212398922229,-0.202796715342421,0.045046218664788,7,0.00266331718182827,8.99852901207012,0.602242068986932
"7507","Lamp5","PPP2R1B",-0.0310850590293812,0.0670334364799844,0.642845011129137,-0.162468180290104,0.100298062231342,7,0.0119407109091656,44.9714015303037,0.886703736972112
"7508","Lamp5","NIPAL3",-0.147556277567606,0.0661010331568079,0.0255961998048693,-0.277111921895838,-0.0180006332393751,7,0,0,0.251111528684522
"7509","Lamp5","HMGCLL1",0.131785433962279,0.0389512710767917,0.00071609648444042,0.0554423454997106,0.208128522424848,7,4.41976862285629e-07,0.00373069251452812,0.0497895224268778
"7510","Lamp5","ZNF384",-0.00117946357520395,0.0469674758117124,0.979965351383937,-0.0932340246109165,0.0908750974605086,7,0,0,0.997093441046833
"7511","Lamp5","MANF",-0.058726838514997,0.0743905312129622,0.429855061185954,-0.204529600483206,0.0870759234532117,6,0,0,0.781980608660896
"7512","Lamp5","ARL17A",0.0805403862637438,0.107599332680717,0.454145816551129,-0.130350430551005,0.291431203078493,7,0.0377138904144664,53.258973438844,0.796236595826851
"7513","Lamp5","ZNF197",-0.00304106554308492,0.0412361284343201,0.941211221829232,-0.0838623921362204,0.0777802610500505,7,0.00184075259213056,15.4308947211137,0.987190405354831
"7514","Lamp5","NUBP1",-0.00142128429884008,0.0661764910599773,0.982865008329249,-0.131124823399632,0.128282254801952,7,6.16148078032417e-07,0.0017363603857657,0.997296915565468
"7515","Lamp5","EXOSC6",0.0326489163354661,0.0543896041774387,0.548320567425753,-0.073952748985703,0.139250581656635,7,0.00305488156966746,14.5841046496881,0.844764971297428
"7516","Lamp5","LPXN",0.0365935992914701,0.0714176411284841,0.608378929350368,-0.103382405181165,0.176569603764105,7,0.0149363474652743,49.0632129381805,0.87185184135423
"7517","Lamp5","ASPSCR1",-0.208249117824679,0.0462765644023407,6.79218449756073e-06,-0.298949517381515,-0.117548718267843,7,0.000227722054714848,1.33431872531221,0.0081231538168145
"7518","Lamp5","NXF1",-0.128976631067737,0.0523976368345815,0.0138358516622024,-0.231674112138526,-0.0262791499969478,7,0,0,0.188846835739611
"7519","Lamp5","KYAT3",0.0375245376258463,0.0609927044257717,0.538402880717918,-0.0820189663683629,0.157068041620056,6,0.0099666871541133,48.6267521103896,0.839254438282793
"7520","Lamp5","TMEM196",-0.00798662917750535,0.0864770196910662,0.926415586902108,-0.177478473262356,0.161505214907345,7,0,0,0.983649144716949
"7521","Lamp5","LRRC8C-DT",0.0244139098255574,0.0770599018459308,0.751382238542153,-0.126620722444659,0.175448542095773,5,0.000348777279085679,1.0068842105414,0.925975950944022
"7522","Lamp5","SRPRA",-0.0976911321658598,0.055146203889834,0.0764787014750636,-0.205775705674037,0.0103934413423174,7,3.68013139558435e-06,0.0150547567178144,0.401144206552757
"7523","Lamp5","NME3",-0.111205818163414,0.0759659242916981,0.143223785783215,-0.260096293827438,0.0376846575006111,6,0.0118971615165953,36.9690645554434,0.519863907097606
"7524","Lamp5","CAV3",-0.0755769967180771,0.114016161382754,0.507418851348321,-0.299044566683782,0.147890573247628,5,0.00541419530831706,7.65918993556591,0.823367984162085
"7525","Lamp5","GUSB",-0.0677949219172114,0.0522041011209098,0.194063636432224,-0.170113079959482,0.0345232361250588,7,0,0,0.587583280058094
"7526","Lamp5","RGS6",0.0946347439011387,0.069496185666699,0.173284459155099,-0.0415752770685,0.230844764870777,7,0,0,0.563740165134882
"7527","Lamp5","KLHL8",-0.0190320564047743,0.0394233463101461,0.62926540352503,-0.0963003953227108,0.0582362825131622,7,0,0,0.88191549991279
"7528","Lamp5","ACER2",0.0791391987474579,0.0469885869312529,0.0921388269627843,-0.0129567393222272,0.171235136817143,7,0,0,0.433814264428322
"7529","Lamp5","RASGRF1",-0.114397387217277,0.0254211389806886,6.79250256444059e-06,-0.164221904065414,-0.0645728703691402,7,2.65085687004057e-07,0.00520357670968337,0.0081231538168145
"7530","Lamp5","KY",-0.0585350956487625,0.0474037377703338,0.216897406622221,-0.151444714411198,0.0343745231136728,7,0,0,0.607283648398929
"7531","Lamp5","KANTR",0.0161382969557483,0.0306301409063267,0.598279455626802,-0.0438956760620391,0.0761722699735356,7,0,0,0.866478626103989
"7532","Lamp5","VWC2L",-0.179200761777442,0.086903056594467,0.039200441252945,-0.349527622849043,-0.00887390070584057,7,0.0128085430728402,25.6658125348825,0.304019505151731
"7533","Lamp5","TARS2",-0.0246704320136214,0.0475013520014936,0.603507813973277,-0.117771371153508,0.0684305071262656,6,0,0,0.868633169033008
"7534","Lamp5","PARP14",-0.11990828139588,0.0722291365265437,0.0968924103277033,-0.261474787622332,0.0216582248305725,7,6.14107747596962e-06,0.0145500723986984,0.442582580268228
"7535","Lamp5","PQBP1",-0.0469048957181851,0.0848950064658404,0.580602569688544,-0.213296050858527,0.119486259422157,7,0.0148770068552399,32.5867401467738,0.858378677238391
"7536","Lamp5","FBXO32",-0.0163775134334333,0.0498842431137753,0.742677017560691,-0.114148833332473,0.0813938064656064,7,0,0,0.923731092356558
"7537","Lamp5","DBF4",0.000634243115281025,0.0663997978437834,0.992378815737861,-0.129506969239275,0.130775455469837,7,0.00406944849487446,12.7731857569908,0.998654866216999
"7538","Lamp5","APH1A",-0.110563410833677,0.0708359684667273,0.118562180593847,-0.249399357838477,0.0282725361711234,7,0.00622256164043138,17.9896471539024,0.475487318754474
"7539","Lamp5","USE1",-0.056747281177549,0.0649524829468987,0.382295934906879,-0.184051808459922,0.0705572461048244,6,0,0,0.752324680854265
"7540","Lamp5","CHRM3",0.0141219199345128,0.0458100735485977,0.757876085162687,-0.0756641743498698,0.103908014218895,7,0,0,0.926555528105898
"7541","Lamp5","PLPP3",0.0271910577862828,0.0760231193135804,0.720591579017866,-0.121811518060726,0.176193633633292,7,0.0107706264474464,29.1322027170478,0.915387356767999
"7542","Lamp5","SULT1A1",-0.0516980141471618,0.0694325308736276,0.45652618211025,-0.187783274014937,0.0843872457206137,5,2.34963042139351e-07,0.000819413495860509,0.797370616599457
"7543","Lamp5","TBC1D2B",0.0178545842949126,0.0347737522718342,0.607636553791229,-0.0503007177652004,0.0860098863550255,7,0,0,0.871722852811632
"7544","Lamp5","UBE2Z",0.0273248837926461,0.0341743149910218,0.423957825036188,-0.0396555427860839,0.0943053103713761,7,0,0,0.778050998360332
"7545","Lamp5","THOC5",-0.0173532261825691,0.0497813433868296,0.727397925194402,-0.114922866322776,0.0802164139576381,7,0.00299209919870766,17.3762936649672,0.91835025721977
"7546","Lamp5","EIF4E1B",0.0264044683057773,0.122369290717484,0.829161641913914,-0.213434934314204,0.266243870925758,7,0.0443567904017254,48.6914651218613,0.955256723003559
"7547","Lamp5","RPL7L1",-0.0528170345185155,0.0408944652198114,0.196514825671914,-0.132968713516372,0.0273346444793407,7,0,0,0.588784924001566
"7548","Lamp5","DPCD",-0.0936070374280449,0.0486975775368307,0.0545791662247279,-0.18905253553458,0.00183846067849007,7,0,0,0.34837800237059
"7549","Lamp5","ERLIN1",0.0866618462180389,0.0458082873553581,0.0585126049739606,-0.00312074719192439,0.176444439628002,7,0,0,0.357419723652026
"7550","Lamp5","PROSER1",0.0370309082506204,0.0457208541910792,0.417977682881039,-0.0525803193063021,0.126642135807543,7,0.000639187006796194,3.93518030312157,0.773600796141458
"7551","Lamp5","SAMM50",-0.093907367729387,0.0479478622180747,0.0501677537931238,-0.187883450812502,6.87153537281965e-05,6,0,0,0.334379106357185
"7552","Lamp5","TET1",-0.0207692360550299,0.041043419043106,0.612834995775779,-0.101212859181903,0.0596743870718433,7,0,0,0.874360977628555
"7553","Lamp5","HLA-C",-0.062157745910194,0.0997403952931817,0.533156187643973,-0.257645328488619,0.133329836668231,6,0,0,0.837186823533913
"7554","Lamp5","GNL3L",-0.0354054036538772,0.0441032376091263,0.422099196350802,-0.121846160969377,0.0510353536616226,7,0.00109948407873035,7.09388160803433,0.776339973084618
"7555","Lamp5","CBLL1",-0.00788351599535633,0.0437367761713335,0.856956987309464,-0.0936060220910597,0.077838990100347,7,0,0,0.963462311858031
"7556","Lamp5","CYB5R1",-0.104162112431688,0.0557040691104985,0.0614950289475042,-0.213340081680595,0.00501585681721954,7,0,0,0.365698185570961
"7557","Lamp5","YIPF7",0.0992088999834821,0.0613085060313126,0.105621345902521,-0.0209535637838473,0.219371363750812,7,0.00109868878977921,3.81411662699885,0.45881789889148
"7558","Lamp5","LDB1",-0.0545661999461295,0.046796139752555,0.243598021557283,-0.14628494847664,0.0371525485843814,7,0,0,0.636206320114338
"7559","Lamp5","VPS72",0.0213867012284602,0.0557806174146706,0.701417720907821,-0.087941299939702,0.130714702396622,7,0,0,0.908016294039471
"7560","Lamp5","FOSL2",0.104800790649852,0.0923927161311791,0.256669942130478,-0.0762856054010922,0.285887186700796,6,0,0,0.647561014815183
"7561","Lamp5","CEP85",-0.0779443018560347,0.046512506583053,0.0937830894754181,-0.169107139589501,0.0132185358774314,7,0,0,0.436545209599595
"7562","Lamp5","CFTR",0.00886107610278124,0.0874346226387321,0.91927646565454,-0.162507635270984,0.180229787476547,6,0,0,0.982309092211961
"7563","Lamp5","CDV3",-0.0861550074568463,0.046157026744355,0.061962610895803,-0.176621117509234,0.00431110259554161,7,0,0,0.367018753691386
"7564","Lamp5","ATP2B1",-0.0237064342759077,0.0344599123303276,0.49148906400009,-0.0912466213537575,0.043833752801942,7,0,0,0.816204797966937
"7565","Lamp5","NDUFS4",-0.00722237302836658,0.0286062678416991,0.800673785352677,-0.0632896277302032,0.0488448816734701,6,0,0,0.944568694842522
"7566","Lamp5","HSPBP1",-0.0538591751250392,0.0613433342708446,0.379946128230261,-0.174089900987496,0.0663715507374178,6,0,0,0.750293221186541
"7567","Lamp5","CYP20A1",-0.0515357843392355,0.0432137723371442,0.233034775421862,-0.136233221756151,0.0331616530776804,7,0,0,0.623486995608806
"7568","Lamp5","MLX",-0.0728941200425103,0.0789452640506139,0.355824770043727,-0.227623994331718,0.0818357542466975,7,0.0104404952448157,25.6469338368367,0.732294203682725
"7569","Lamp5","ZNF74",-0.024456179170884,0.0482029636447133,0.611903359256622,-0.118932251862616,0.0700198935208477,7,4.36931372126577e-07,0.00226432549524277,0.874121429918725
"7570","Lamp5","TIPRL",-0.0116800301025916,0.0342222516679098,0.732878284419996,-0.0787544108415607,0.0553943506363774,7,0.00162932396856993,20.6002291931607,0.91967380937867
"7571","Lamp5","MMGT1",-0.0334342491945698,0.0508129370063498,0.510546519901544,-0.133025775675718,0.0661572772865784,7,0,0,0.824565023970019
"7572","Lamp5","LSM5",-0.000736646352242524,0.0585997560455097,0.989970209585573,-0.115590057704275,0.11411676499979,7,0.00492218599081075,21.3425583409096,0.998157417538791
"7573","Lamp5","ACP2",-0.156557208144739,0.0648238800117436,0.0157301869133677,-0.283609678305902,-0.0295047379835754,7,0,0,0.202276672362327
"7574","Lamp5","SRA1",-0.0718478467192544,0.0445682333164016,0.106943120640389,-0.15919997887398,0.0155042854354709,7,0,0,0.46144116101557
"7575","Lamp5","BTN3A1",0.166616199649359,0.0763535517962679,0.0290972112074488,0.0169659880369607,0.316266411261758,7,0.00777053395069403,19.3039736307513,0.265227822244642
"7576","Lamp5","NMNAT2",0.00636449950923842,0.0239374448192142,0.790331252734485,-0.0405520302183362,0.0532810292368131,7,0,0,0.94017422176979
"7577","Lamp5","DDX46",-0.0559344497987914,0.0305758650255085,0.0673447881659828,-0.115862044044946,0.00399314444736308,7,0.000216618366112217,2.96071578619662,0.377815574346551
"7578","Lamp5","PMVK",0.0155283438515182,0.0666048116616562,0.815651551853358,-0.115014688202401,0.146071375905438,7,0.00477348313057502,15.2511020434349,0.949515906610951
"7579","Lamp5","LINC02035",-0.0495517351606869,0.0718645775370464,0.490498965895091,-0.190403718897484,0.0913002485761101,5,0.00540412676377339,20.7622920509357,0.815933061061596
"7580","Lamp5","TAF4B",-0.0354697243203805,0.0481476599661131,0.461313104075479,-0.129837403793843,0.0588979551530823,7,0,0,0.799485491699775
"7581","Lamp5","PHF11",-0.0176574218415358,0.0785646408564321,0.822173578868148,-0.171641288378467,0.136326444695395,7,0.0120925930334151,30.4878389208922,0.952300667039886
"7582","Lamp5","ZFP28",0.0238803099256095,0.0443966148396387,0.59065587318017,-0.063135456195579,0.110896076046798,7,0,0,0.86299982741132
"7583","Lamp5","KCNMA1",0.0224072813892589,0.0283468328091473,0.429254150074316,-0.0331514899924481,0.077966052770966,7,3.05268962895147e-06,0.0483867038170732,0.781850197262143
"7584","Lamp5","CELSR2",-0.075636404045319,0.0374077540797402,0.0431820818770511,-0.148954254784141,-0.00231855330649687,7,0,0,0.313579330449817
"7585","Lamp5","MPDU1",-0.109910604414985,0.0594290269600576,0.0643938554366377,-0.226389356892958,0.00656814806298762,7,0,0,0.371842644696644
"7586","Lamp5","PLXNB2",-0.0280742026573863,0.0590659187960543,0.634571090412565,-0.14384127621142,0.0876928708966475,7,0.00497412395571766,21.3873111873168,0.883274563016695
"7587","Lamp5","DLGAP4-AS1",-0.0544919054748756,0.0866896745840812,0.52962020607285,-0.224400545491172,0.115416734541421,7,0,0,0.83539935843094
"7588","Lamp5","TCEAL8",-0.0155534998448637,0.078247640949174,0.842440502254922,-0.168916057980466,0.137809058290739,6,3.38482156142893e-06,0.00805444586660935,0.958821007634427
"7589","Lamp5","PYROXD1",0.0361148313545296,0.0605192972816312,0.550674959059169,-0.0825008116871404,0.1547304743962,7,0.00764662133468784,33.4142506991449,0.84527298618773
"7590","Lamp5","NUP35",0.0257544471735092,0.0433139184309639,0.552111014767074,-0.0591392729804856,0.110648167327504,7,8.36906729562879e-09,5.52590525951603e-05,0.846607978663859
"7591","Lamp5","MAN1B1",-0.0728938811588731,0.0477546243685732,0.126903906149222,-0.166491225016515,0.0207034626987692,7,0.00090577441855263,5.20753122903185,0.490333078882727
"7592","Lamp5","ARHGAP32",0.0641522947662451,0.0270521041883793,0.017719184197795,0.0111311448509965,0.117173444681494,7,0,0,0.213290410314327
"7593","Lamp5","TMEM70",-0.0153383926906057,0.100144988989383,0.878270634779163,-0.211618964341956,0.180942178960744,6,0.0245878608402913,45.7117198585591,0.971284178999175
"7594","Lamp5","RHEB",0.00947380149056263,0.0305685311611388,0.756621735782604,-0.0504394186455598,0.0693870216266851,7,0,0,0.926555528105898
"7595","Lamp5","PIR",-0.130257724307066,0.0640457229036794,0.0419693501709286,-0.255785034562109,-0.00473041405202193,7,0.00824236613607044,31.4107844221304,0.31114492884268
"7596","Lamp5","JUNB",-0.0269422379685387,0.110833190930384,0.807937092506774,-0.244171300483742,0.190286824546664,6,0,0,0.947362141179829
"7597","Lamp5","TPCN1",0.0210733790264206,0.0484664105392568,0.663704853146328,-0.0739190400904551,0.116065798143296,7,0.00317225899757869,19.7108081482227,0.895353753120906
"7598","Lamp5","FAM149A",-0.068172227115763,0.0459605435078962,0.138000772632811,-0.158253237101126,0.0219087828695997,7,1.30077739860539e-06,0.00782070972270485,0.511102892510309
"7599","Lamp5","PRKCD",-0.195601626100437,0.0557002959947543,0.000445283485801459,-0.304772200178376,-0.0864310520224976,7,0,0,0.042263057196029
"7600","Lamp5","SLC2A6",-0.123117115651482,0.0541829682839147,0.0230715642014105,-0.229313782063431,-0.0169204492395333,7,0,0,0.23960053795929
"7601","Lamp5","USP9Y",0.0161742656359428,0.0465491044215926,0.728240700237646,-0.0750603025429728,0.107408833814858,6,0,0,0.918771023751663
"7602","Lamp5","RIPK1",-0.0269992404069383,0.0451059686383938,0.549457289223685,-0.115405314425983,0.0614068336121067,7,0.000161951663681184,1.01882961366204,0.844764971297428
"7603","Lamp5","SEC13",-0.122509472507166,0.0479024109775509,0.0105433529009838,-0.216396472795801,-0.0286224722185298,7,2.86467639876364e-06,0.0154349231716281,0.168803505780448
"7604","Lamp5","FAM114A2",0.00689155125373359,0.0451340804747995,0.878642249042078,-0.0815696209522059,0.0953527234596731,7,0,0,0.971284178999175
"7605","Lamp5","MTERF1",0.083636386917542,0.0551871078140004,0.129644339978167,-0.0245283568088279,0.191801130643912,6,9.68896537920142e-07,0.00463491605970784,0.495763833390276
"7606","Lamp5","MAGEE1",-0.0930071645657092,0.0536098417444877,0.0827603362681677,-0.198080523601797,0.0120661944703785,7,0,0,0.414113331142685
"7607","Lamp5","ASB7",0.0710898714585091,0.0465345940170804,0.126592526642551,-0.0201162568501615,0.16229599976718,7,0,0,0.490218958413481
"7608","Lamp5","AURKAIP1",-0.117399016098792,0.0710521714794387,0.0984748054168422,-0.256658713221856,0.0218606810242718,6,0,0,0.44440007470944
"7609","Lamp5","ARCN1",-0.02350463696338,0.0706453943265613,0.7393509795534,-0.16196706551707,0.11495779159031,7,0.0153726497182642,51.9290915688075,0.922461680774363
"7610","Lamp5","PAFAH1B3",0.0560249821523557,0.0755216757308429,0.458184424737395,-0.091994782332209,0.20404474663692,7,0.0038855028772422,9.16464745245449,0.798390285902103
"7611","Lamp5","SELENOF",-0.0222875468379885,0.0344665225369097,0.517862809161108,-0.0898406896826695,0.0452655960066925,5,0,0,0.828832144411436
"7612","Lamp5","RIPPLY2",0.0123252197682754,0.122524336570713,0.919872716732112,-0.227818067139985,0.252468506676536,7,0.0546749866085315,62.4578332325718,0.982309092211961
"7613","Lamp5","CCDC3",-0.0130587639235821,0.0382796182480888,0.732997109043898,-0.0880854370317784,0.0619679091846142,7,0,0,0.91972641140027
"7614","Lamp5","UNC5A",0.0753370337381255,0.0563837752100575,0.181501104935767,-0.0351731349859894,0.185847202462241,7,0,0,0.574225321144665
"7615","Lamp5","MRPS31",0.0767774652459499,0.06312486423159,0.223878546788492,-0.0469449951769472,0.200499925668847,6,0.0136236444906759,63.991647368694,0.614623319452782
"7616","Lamp5","ETV5",-0.275537575823846,0.326311238353788,0.398445295548193,-0.915095850747936,0.364020699100244,7,0.476979194567341,73.4331113297816,0.76235817034069
"7617","Lamp5","PRR12",-0.0388545299031515,0.0393242975090253,0.32312619685468,-0.115928736738179,0.0382196769318763,7,0.00066610909473205,5.60966182434991,0.707249658191134
"7618","Lamp5","MTUS1",0.0927285086907769,0.0375364835206289,0.0134978334465978,0.019158352884063,0.166298664497491,7,0.00164117475038559,16.7302319517604,0.185968421875418
"7619","Lamp5","MIR181A2HG",-0.0747455315807708,0.0641481881721241,0.243937649949721,-0.200473670071632,0.0509826069100907,7,0,0,0.636259619574418
"7620","Lamp5","ZNF181",0.0196724806884091,0.0510305288514105,0.699863931803224,-0.0803455179723877,0.119690479349206,7,0,0,0.907258323785827
"7621","Lamp5","RPGR",0.0628357249458782,0.0463776101902989,0.175458345605528,-0.0280627207161454,0.153734170607902,7,0,0,0.567171043895676
"7622","Lamp5","GPN3",0.199649492938411,0.059973132948368,0.000871639703223191,0.0821043123195768,0.317194673557244,7,0.000863487075099896,3.04050599581557,0.054585113815654
"7623","Lamp5","ZNF317",0.0740088866433005,0.047272993707475,0.117450775360968,-0.018644478464739,0.16666225175134,7,0,0,0.474592883347162
"7624","Lamp5","IGFBP5",0.195491324961099,0.100705393597334,0.0522315972605533,-0.00188761953860633,0.392870269460803,7,0.0160472344628468,23.9528351561678,0.340651666887092
"7625","Lamp5","LINC01503",0.0422080027406958,0.0560162670730802,0.451152240436516,-0.0675818632709184,0.15199786875231,7,2.19173493530944e-06,0.00874228605261879,0.794248438595657
"7626","Lamp5","ENTPD3",0.0332471619127629,0.0598081148262813,0.578281151409777,-0.0839745891299844,0.15046891295551,7,0.00989463255522035,45.4452843158831,0.85823582647177
"7627","Lamp5","PANK1",0.00818289634099733,0.0410336098600257,0.841934715156515,-0.0722415011403206,0.0886072938223153,7,0,0,0.958821007634427
"7628","Lamp5","CSNK1G3",0.133913947844351,0.0313971485923865,1.99756559949797e-05,0.0723766673860212,0.195451228302681,7,7.68835977465754e-07,0.00994160653472181,0.0108585850019983
"7629","Lamp5","APEX1",-0.0890681478366182,0.0803681909443742,0.267753324149339,-0.24658690759023,0.0684506119169932,6,0.0142542635539833,39.7068699847394,0.65698816862739
"7630","Lamp5","LRRC27",-0.0319638618424089,0.0425991260928684,0.453049482913708,-0.115456614757311,0.0515288910724936,7,0,0,0.795232079328724
"7631","Lamp5","SYNE2",-0.0933834314467909,0.0410587819524097,0.0229429163300372,-0.173857165322597,-0.0129096975709847,7,4.41574552291779e-06,0.0311088175868721,0.23960053795929
"7632","Lamp5","AGBL5",-0.0592882710422605,0.0614885233883138,0.334937212456741,-0.179803562345904,0.0612270202613832,7,0,0,0.71644122287518
"7633","Lamp5","ADCY10",0.320424444517944,0.103211071833388,0.00190565522625952,0.118134460918727,0.52271442811716,6,0.0164422930323962,26.3669156112752,0.0752136331710811
"7634","Lamp5","TMEM218",-0.0478616408937359,0.0494664212173151,0.333265067485369,-0.144814044923761,0.0490907631362896,7,0,0,0.714655755395084
"7635","Lamp5","TRAPPC2L",-0.010400450004979,0.0907337599719175,0.908741552746486,-0.188235351731839,0.167434451721881,7,0.0138861091975373,25.4757589441676,0.979772829904005
"7636","Lamp5","HEXD",-0.0561835961056709,0.0517631153711345,0.27774529630366,-0.157637437960686,0.0452702457493443,5,0,0,0.667847750300759
"7637","Lamp5","ZNF652",0.0274495720484968,0.0295230813610895,0.352491994443317,-0.0304146041318843,0.0853137482288779,7,0,0,0.730623184965952
"7638","Lamp5","VWA3A",-0.133215824879253,0.0972036588203295,0.170536618437857,-0.323731495332617,0.0572998455741124,7,0.0229167855656511,39.5923696968192,0.560749909237924
"7639","Lamp5","POLR2B",-0.0303051616879303,0.032352673456479,0.348906336552145,-0.0937152364662141,0.0331049130903534,7,1.66986106020608e-06,0.0194049373409396,0.728372018550828
"7640","Lamp5","MCFD2",-0.0664696890872652,0.0474230811017434,0.161025285334703,-0.159417220082604,0.0264778419080738,7,0,0,0.545369976583891
"7641","Lamp5","ANAPC13",0.0316205578097471,0.109562353118153,0.772881469186879,-0.183117708363293,0.246358823982787,7,0.0374772201750586,52.9854746246438,0.933436627954543
"7642","Lamp5","YEATS4",-0.0887128108917769,0.0761983791344681,0.244328837991071,-0.238058889675663,0.0606332678921089,7,0.0101638712327134,26.4348278280334,0.636382241124551
"7643","Lamp5","METTL2A",-0.067640397041508,0.0485376309594071,0.163448671685119,-0.162772405616842,0.0274916115338262,7,0,0,0.54978873712117
"7644","Lamp5","RAD51-AS1",-0.0775334342574835,0.0722749736912764,0.283380467018376,-0.219189779675965,0.0641229111609982,5,0.00775913500180025,31.6550679519815,0.673049340026877
"7645","Lamp5","SMYD5",0.0626985058965579,0.0541053561037845,0.24652853006039,-0.043346043437574,0.16874305523069,7,1.36903218344227e-07,0.000591312540050836,0.637913366424694
"7646","Lamp5","FCHSD2",0.0704050321367602,0.0263863044090299,0.00762494313018719,0.0186888258099511,0.122121238463569,7,2.99924393469064e-06,0.0543347311238178,0.146311626191069
"7647","Lamp5","MIS18BP1",0.0472583565256149,0.0739596095497062,0.522839063470058,-0.0976998145024539,0.192216527553684,7,0.00773298624035696,20.9104751276067,0.831999597196191
"7648","Lamp5","LSG1",-0.00633476210334744,0.0559544864292861,0.909861876003061,-0.116003540278183,0.103334016071489,7,0,0,0.979993184257472
"7649","Lamp5","SYT5",-0.135745541398491,0.0786226190349083,0.0842492929170161,-0.289843043077125,0.0183519602801422,7,0.0114108004085126,28.1987431202366,0.417064747830187
"7650","Lamp5","TTC9C",-0.00230488044870191,0.0512655053715018,0.964139451298381,-0.10278342462609,0.0981736637286863,7,0.00244006410254065,12.9828709237366,0.99419564321202
"7651","Lamp5","CCDC127",-0.0156641202593209,0.0738228586595121,0.831962528987156,-0.160354264467755,0.129026023949114,6,0.00841851831851407,26.5975747148247,0.956125301187526
"7652","Lamp5","DAPK3",-0.0744962599328511,0.0474359038073839,0.116307787975373,-0.16746892296943,0.0184764031037278,7,0,0,0.473561011652999
"7653","Lamp5","ETFA",-0.0772263783913252,0.0416030161469061,0.0634152623365113,-0.158766791687499,0.00431403490484908,6,0,0,0.369470484925694
"7654","Lamp5","AIMP2",-0.0415119650568461,0.0641013368136509,0.51724430954212,-0.167148276572473,0.0841243464587811,7,0.00393970302703484,13.4682413446187,0.828263804024713
"7655","Lamp5","FGF1",-0.46186892641503,0.168294992768569,0.00606214583121823,-0.791721051019854,-0.132016801810206,7,0.0685035903483184,39.8566546788381,0.132053191248705
"7656","Lamp5","SLC17A5",-0.0256846946583431,0.0546976433757978,0.638658052256711,-0.132890105714123,0.0815207163974365,7,0.00915447346268863,50.2624208352387,0.885223881193556
"7657","Lamp5","EPS8",0.0232124178739878,0.106409906820425,0.827318854905218,-0.185347167092308,0.231772002840284,7,0.0419727419940486,58.5277608943351,0.954733782284232
"7658","Lamp5","CGREF1",-0.043065496197726,0.0357176188739803,0.227924944111861,-0.113070742804255,0.0269397504088034,7,0,0,0.619449600425256
"7659","Lamp5","ERGIC2",-0.03543537347294,0.0369811066471956,0.33796086636845,-0.107917010609878,0.0370462636639981,7,0.00232147102104147,25.9856107304285,0.718720551465997
"7660","Lamp5","PUS7L",0.0343149892984142,0.0299267764980101,0.251533887428964,-0.0243404148110653,0.0929703934078937,7,3.42293139631917e-06,0.0477444750818221,0.64193208701728
"7661","Lamp5","TANK",0.134745099594449,0.0378813877920158,0.000375076356520885,0.0604989438377033,0.208991255351196,7,0,0,0.0397359392605664
"7662","Lamp5","MYLK",-0.0910138137461891,0.0766412029219727,0.235018187933351,-0.241227811205082,0.0592001837127034,6,1.08686929938136e-06,0.00272297817040003,0.625081420051728
"7663","Lamp5","MGST2",0.118077419613855,0.0462062536777577,0.0106052913084454,0.027514826544929,0.208640012682782,7,0,0,0.168803505780448
"7664","Lamp5","DLG3",-0.0158533376701315,0.0311790187010032,0.611129573848618,-0.0769630913973986,0.0452564160571356,7,2.95030174061749e-06,0.0379257300494916,0.874121429918725
"7665","Lamp5","PSD2",0.0433854212674766,0.0458642459774629,0.344172556902848,-0.0465068490264367,0.13327769156139,7,0,0,0.72433889877292
"7666","Lamp5","ANO8",-0.113930341517134,0.0502673256747289,0.0234214589041706,-0.212452489438748,-0.0154081935955201,7,0,0,0.240777190508604
"7667","Lamp5","EPHA5-AS1",-0.0167538326994814,0.0478452034881966,0.726213036487733,-0.110528708369337,0.077021042970374,7,0.0014120997227129,8.38927610369636,0.917855778708154
"7668","Lamp5","KLC4",-0.0731017140217179,0.0622735901754508,0.240443145952311,-0.195155707953609,0.048952279910173,7,0.0117247057023154,51.7558478804303,0.631691472417329
"7669","Lamp5","DDX18",-0.038664985636587,0.0449063307198673,0.389230256420822,-0.126679776525372,0.0493498052521975,7,4.60290234876555e-06,0.0284404960163947,0.756386843766106
"7670","Lamp5","BET1",0.0882417700149042,0.0501822410672524,0.0786750098109068,-0.0101136151404173,0.186597155170226,7,0,0,0.405724209714805
"7671","Lamp5","ANKRD54",-0.0257976499865337,0.0492258021636915,0.60023149468844,-0.122278449337463,0.0706831493643955,7,0,0,0.867414734693878
"7672","Lamp5","SLX4",-0.0703698836548306,0.0475622602846831,0.13899819900712,-0.163590200836129,0.022850433526468,7,0,0,0.512890916978139
"7673","Lamp5","GLRX",0.0390826803783761,0.0989878335442754,0.692973467526076,-0.154929908276049,0.233095269032802,7,0.0263018609020829,43.0056140317604,0.905316768423022
"7674","Lamp5","L1CAM",-0.0674160134837571,0.047985473050914,0.160043440580756,-0.161465812444666,0.0266337854771516,7,0.00138687664778294,8.14098888425846,0.544291398507647
"7675","Lamp5","PEBP4",-0.152044137597113,0.09672981139124,0.115986820904558,-0.341631084155295,0.0375428089610699,7,0.025237843894911,42.9053797675906,0.472924102010777
"7676","Lamp5","DCK",0.0658017735365928,0.0815259961546621,0.419593735990257,-0.0939862427302958,0.225589789803481,7,0.0133391616349312,33.0845136470472,0.77496438282697
"7677","Lamp5","IGSF10",0.0805356917807079,0.0962295192529541,0.402641728752043,-0.108070700204686,0.269142083766102,7,6.56407928711523e-07,0.000843805973391301,0.765307375427347
"7678","Lamp5","GALE",-0.128226752340811,0.0531714935222969,0.0158840239654872,-0.232440964648718,-0.0240125400329044,7,0,0,0.202979114274272
"7679","Lamp5","FLRT1",-0.106819774276329,0.0448507358725655,0.0172342064454297,-0.194725601266676,-0.0189139472859824,7,2.41130661329812e-06,0.0149071387303393,0.209881746314556
"7680","Lamp5","VEGFD",-0.0421828150261478,0.0962662220092736,0.6612491653915,-0.230861143092061,0.146495513039765,7,0.0285199460784308,50.7405153947175,0.893749163431152
"7681","Lamp5","ELK1",-0.0124411931116921,0.0579552866385789,0.830025532304278,-0.126031467637002,0.101149081413618,7,0.00478251316507379,20.9758479692507,0.955552112131965
"7682","Lamp5","KLHDC4",-0.0305577564221231,0.0470328346772761,0.515878829651094,-0.122740418480411,0.0616249056361645,7,0,0,0.827662318727855
"7683","Lamp5","MROH1",-0.130170134295291,0.0428136642499208,0.00236273856659471,-0.214083374271326,-0.0462568943192561,7,0.00280249007443194,22.9271194415192,0.0833125240184361
"7684","Lamp5","CDK12",0.00480663205856754,0.0485074602027394,0.921066356377707,-0.0902662429203116,0.0998795070374467,7,0.00569325598226789,36.9553490875089,0.982375103729229
"7685","Lamp5","PEX2",0.0251472349414644,0.0468281241160491,0.591259762372005,-0.0666342017895634,0.116928671672492,7,0,0,0.863156760231449
"7686","Lamp5","LHFPL5",0.0908066439022173,0.087829278497909,0.301183165946355,-0.0813355787418224,0.262948866546257,6,0.0130733170195512,30.0799233174531,0.690936021782556
"7687","Lamp5","HEATR1",0.0195132412855337,0.0323107461082567,0.545894042983579,-0.0438146574002671,0.0828411399713345,7,0,0,0.843421483116018
"7688","Lamp5","CPLX1",-0.0932744726877365,0.054173003586971,0.0851077780122092,-0.199451608652559,0.0129026632770857,7,4.55835715112386e-07,0.00190924082858,0.418648812981783
"7689","Lamp5","SLC15A2",0.0994468707202853,0.06015399419865,0.0982891940829545,-0.0184527914353,0.217346532875871,7,5.8786812563645e-07,0.00197566177347078,0.44440007470944
"7690","Lamp5","RIDA",0.102627533248417,0.0588200352507602,0.0810246157831888,-0.0126576174124489,0.217912683909284,6,0,0,0.410581940742015
"7691","Lamp5","MRPL36",-0.102582680703576,0.128830298617622,0.425879724899286,-0.355085426111655,0.149920064704503,5,0.027552205971414,34.3533091068171,0.778374496725226
"7692","Lamp5","USP3-AS1",0.00237041755010826,0.079788297278,0.976299263809501,-0.154011771502547,0.158752606602763,7,0.00688380119691846,15.3875255388725,0.997093441046833
"7693","Lamp5","CDH22",-0.00838046049621009,0.0679393566073611,0.9018283071147,-0.141539152579461,0.124778231587041,7,0,0,0.977956078464346
"7694","Lamp5","SNRPB",-0.0354910923503597,0.065979444830931,0.59063825108179,-0.164808427938932,0.0938262432382125,7,0,0,0.86299982741132
"7695","Lamp5","ELF1",-0.0172990773231211,0.0594617750804608,0.77110661741707,-0.133842014937646,0.0992438602914033,7,0,0,0.93284445313334
"7696","Lamp5","ZNF512B",-0.0950985304443529,0.0460618956425234,0.0389626298960081,-0.185378186963341,-0.00481887392536462,7,0,0,0.30296104741636
"7697","Lamp5","RGS11",-0.0475662666628996,0.0503114439381479,0.34443616449192,-0.146174884791876,0.0510423514660764,7,0.00407448774430644,24.182940912128,0.72433889877292
"7698","Lamp5","ZDHHC15",0.0267331062556838,0.0392668765988041,0.495994558172964,-0.0502285576633509,0.103694770174718,7,2.84538080495101e-07,0.00230096880655742,0.818902349585799
"7699","Lamp5","TRAK1",-0.0309430840998609,0.0346892739538792,0.372389042773224,-0.0989328116993075,0.0370466434995858,7,0.0018356980870925,22.6216746172976,0.744093661240599
"7700","Lamp5","ANAPC5",-0.0361301140850418,0.0261288390146457,0.166736112262764,-0.0873416975115924,0.0150814693415088,7,0,0,0.553963700711425
"7701","Lamp5","MCM3AP-AS1",0.126423971633673,0.0633885277878886,0.0461050996846313,0.00218474013639515,0.250663203130951,7,0.006696828024562,25.3825560822136,0.32319512727345
"7702","Lamp5","ERICH2",0.0692021794118888,0.0883474398466565,0.433453423456445,-0.103955620813877,0.242359979637654,7,0.00526006172613194,9.25332696393816,0.783353965026019
"7703","Lamp5","ARID2",0.0507711508220979,0.0278844704397505,0.0686421340883955,-0.0038814069677848,0.105423708611981,7,5.88665230764294e-06,0.0952483432134473,0.380924028567574
"7704","Lamp5","DDX49",-0.157135948506907,0.0622033917655792,0.0115315743873524,-0.279052356083677,-0.0352195409301363,7,0,0,0.173959037014616
"7705","Lamp5","FADS3",0.00751015297853491,0.0467887346768116,0.8724777763181,-0.0841940818702161,0.0992143878272859,7,0,0,0.968577940382375
"7706","Lamp5","SFXN3",-0.0827405646464611,0.0492463461813523,0.0929308360163522,-0.179261629532103,0.0137805002391811,6,0.000328519995810277,1.98578141190385,0.435502071836471
"7707","Lamp5","MED25",0.0815462084940699,0.0851093966817198,0.337995181992204,-0.0852651437480336,0.248357560736173,7,0.0263645301472995,64.7746393272312,0.718720551465997
"7708","Lamp5","NBPF15",-0.0856510471403945,0.0569445297380826,0.132552094166483,-0.197260274543606,0.0259581802628175,7,4.51356084913943e-07,0.00163245684665516,0.501801359334275
"7709","Lamp5","ACOT7",-0.0312831102241547,0.041026015442836,0.445750395580871,-0.111692622921297,0.049126402472988,6,0.00256956127292957,26.311020475377,0.790240777561324
"7710","Lamp5","ZNF382",0.0118709378913989,0.0306291636487324,0.698334444122407,-0.0481611197367,0.0719029955194977,7,0,0,0.906391554342484
"7711","Lamp5","UTY",0.0299473829375688,0.0471662426008677,0.525472403393068,-0.0624967538462107,0.122391519721348,6,0,0,0.833784324483777
"7712","Lamp5","RALBP1",0.0076096248650991,0.0351798856848061,0.828749132479196,-0.0613416840573572,0.0765609337875554,7,0,0,0.955002011497274
"7713","Lamp5","MIR4435-2HG",-0.0329689577874759,0.0781060585968768,0.672948379259757,-0.186054019611729,0.120116104036778,7,0,0,0.899329799961039
"7714","Lamp5","COPRS",-0.0247113619982783,0.0583747017789891,0.672059514218194,-0.139123675093363,0.0897009510968066,7,0,0,0.898810079460454
"7715","Lamp5","FAM136A",0.0304056826398373,0.069997270573427,0.664009736301473,-0.106786446700185,0.16759781197986,6,0.00550319581744895,18.6062304998289,0.895353753120906
"7716","Lamp5","SAMD4A",-0.0317822759115895,0.039022251686968,0.41537835531535,-0.108264483813704,0.0446999319905252,7,1.37697235156105e-06,0.0117613269658406,0.772296636968801
"7717","Lamp5","TRAPPC9",-0.122973114190056,0.0362207894865882,0.000686041483753161,-0.193964557075376,-0.0519816713047364,7,0.00152404092844548,16.6730985830661,0.0490959965091081
"7718","Lamp5","DDIT4",0.191731019803577,0.108297184934883,0.0766579418682227,-0.020527562295866,0.403989601903021,6,0.0268404857691509,41.158177368907,0.401432018296151
"7719","Lamp5","TRIM28",-0.0319828664859312,0.0586724522087368,0.585678732066896,-0.146978759699703,0.0830130267278403,7,0.000837610541483396,3.10262146985067,0.860227669513484
"7720","Lamp5","SESN2",0.0879715699889583,0.0539544553686681,0.103000442661795,-0.017777219339105,0.193720359317022,7,5.6667274894942e-07,0.00246005788691208,0.454364549536114
"7721","Lamp5","GRPEL1",0.090502158313578,0.0594990062415428,0.128242251314325,-0.0261137510357698,0.207118067662926,6,0,0,0.492185200086011
"7722","Lamp5","TMEM237",0.0875523221791357,0.0440764963973014,0.0469920235415921,0.00116397667571544,0.173940667682556,7,0.00041844072793214,2.63847654157736,0.325218524035821
"7723","Lamp5","SFMBT2",0.089385685572302,0.0394274270820797,0.0233844806286021,0.0121093484883465,0.166662022656257,7,0,0,0.240752953311019
"7724","Lamp5","NLGN4Y",0.048402874682685,0.0861896401780173,0.574398283944271,-0.120525715906695,0.217331465272065,5,0,0,0.856247790013208
"7725","Lamp5","GTF3C5",-0.0456472052396012,0.0480394098029159,0.342008967310966,-0.139802718291877,0.0485083078126745,7,2.4054887841785e-07,0.00127193453449058,0.723197440826762
"7726","Lamp5","DLGAP1-AS4",-0.0847797146670551,0.0830701713898948,0.307453702130112,-0.247594258780818,0.0780348294467083,7,0.00214364401750262,3.95366798282948,0.6957260731822
"7727","Lamp5","STX2",-0.048325664564812,0.0630721517247718,0.443559365472526,-0.171944810372811,0.0752934812431865,7,0.00853110893933806,34.1535934876987,0.789520156582511
"7728","Lamp5","SIAE",0.0133542472440115,0.0507261349155768,0.792348896955273,-0.0860671502654389,0.112775644753462,7,3.30314776415338e-06,0.0153283674887964,0.940925361704199
"7729","Lamp5","LINC00630",0.0971344657432873,0.0564201453872683,0.0851370443324438,-0.0134469872182721,0.207715918704847,5,0,0,0.418648812981783
"7730","Lamp5","SHISA5",-0.128290732681308,0.0429408361872226,0.00281162500255065,-0.212453225074299,-0.0441282402883176,7,0,0,0.0892122758076725
"7731","Lamp5","TBC1D25",-0.00938379960244883,0.0461930634116715,0.839023227308573,-0.0999205402248999,0.0811529410200023,7,5.00873436036301e-06,0.0298088772804279,0.958356578693386
"7732","Lamp5","EXOSC2",-0.0461194045675723,0.0539829975215115,0.392921037586011,-0.15192413548725,0.0596853263521053,7,0,0,0.758726026112857
"7733","Lamp5","TRIM3",-0.0240288223150457,0.0361558446536523,0.506312598637194,-0.0948929756668294,0.0468353310367379,7,0,0,0.822824639047686
"7734","Lamp5","POLL",-0.0236859061332475,0.0506409929683966,0.6399834116743,-0.122940428492651,0.0755686162261559,7,3.37898896018714e-06,0.0166791406506445,0.885646843671299
"7735","Lamp5","P3H1",-0.0478693818211124,0.0518483746787063,0.355873220776238,-0.149490328848315,0.0537515652060905,7,0.00178014835297571,8.76301693879809,0.732294203682725
"7736","Lamp5","UNC50",-0.0576335223021927,0.0594908211998254,0.332654929325864,-0.174233389264562,0.058966344660177,7,0.0098394765421076,49.2687741880932,0.714489691112083
"7737","Lamp5","CCDC18",0.0360040193139523,0.053799179773104,0.503348840325913,-0.0694404354391272,0.141448474067032,7,1.19251585665887e-07,0.000510377085896853,0.822278216591144
"7738","Lamp5","ISG20L2",-0.0814331378271361,0.0632539957085164,0.19795521412398,-0.205408691294079,0.0425424156398072,7,0.00573363398328201,20.9826443590238,0.590236550297945
"7739","Lamp5","COPS7A",0.00547881128652691,0.0544756105286446,0.919888910508437,-0.101291423385448,0.112249045958501,7,0.001872315630361,8.42349669852189,0.982309092211961
"7740","Lamp5","SESTD1",-0.00248492685187035,0.0312418804693697,0.936604448974272,-0.0637178873811402,0.0587480336773995,7,0.00113820445065293,16.8355034230739,0.986142275678281
"7741","Lamp5","RHOXF1-AS1",-0.0140488107381511,0.0789455365485855,0.858757741552959,-0.168779219113569,0.140681597637267,7,1.65701694365091e-06,0.00338662155059085,0.964217804077724
"7742","Lamp5","KLHL15",0.101524890764378,0.0481756496632593,0.035083772570772,0.00710235249257055,0.195947429036185,7,0,0,0.289157020106039
"7743","Lamp5","PEPD",-0.181849762722119,0.0460270019252853,7.78459729894893e-05,-0.272061028812034,-0.0916384966322037,7,2.24146505953109e-06,0.0130504417068505,0.0186191998196261
"7744","Lamp5","PSMB3",-0.0110085377550681,0.0522445277401335,0.833112177096431,-0.113405930515034,0.0913888550048974,7,0,0,0.956894787350771
"7745","Lamp5","BTBD1",-0.0116469705237328,0.0351177919962094,0.740150230752121,-0.0804765780528722,0.0571826370054065,7,0.0014166590436745,16.4778971430767,0.922699531904995
"7746","Lamp5","CSDC2",-0.0617390439232497,0.0543291923716021,0.255794202948852,-0.168222304280738,0.0447442164342385,7,0,0,0.646743296219872
"7747","Lamp5","QPRT",-0.0426487402068088,0.0944991060155315,0.65176347968279,-0.227863584568483,0.142566104154865,7,0.0272251711650665,51.8101303802572,0.889914575420899
"7748","Lamp5","TBC1D10B",-0.00421855357856194,0.0539012725733236,0.937617693618271,-0.109863106543153,0.101425999386029,7,0.00413691622818893,21.1705266260635,0.986380602969699
"7749","Lamp5","ST8SIA2",0.0169511042843914,0.129353030797611,0.895739487085485,-0.236576177370027,0.27047838593881,7,0.0628127340698415,63.3109253071138,0.976413248304476
"7750","Lamp5","SLX4IP",0.142608659414296,0.0737642523982996,0.053198867521533,-0.0019666186328938,0.287183937461485,7,0.019364672218034,55.4108079274353,0.342598415018855
"7751","Lamp5","CPQ",-0.10051370503045,0.0576875829683921,0.0814419300861744,-0.213579290003665,0.0125518799427647,7,0,0,0.411302382559358
"7752","Lamp5","NEFM",-0.159471675137174,0.109943013000621,0.146920825249098,-0.37495602097021,0.0560126706958617,5,0,0,0.524642027218263
"7753","Lamp5","PCGF3",-0.0351783256830522,0.0403795930173104,0.383650040012716,-0.114320873707366,0.0439642223412613,7,0.00177362785224945,15.4885083499456,0.753006865011008
"7754","Lamp5","CDH13",0.0186703732952767,0.0637650890509116,0.769675565054755,-0.106306904715499,0.143647651306053,7,0,0,0.932100292964428
"7755","Lamp5","CCSAP",0.0847044664342336,0.0431151208854449,0.0494592088670344,0.000200382309671052,0.169208550558796,7,0.00384109055813031,33.1577266650851,0.332374326718857
"7756","Lamp5","RABAC1",-0.0620264898844368,0.0804378527499017,0.440641311935825,-0.21968178426798,0.0956288044991067,7,0,0,0.788512561640061
"7757","Lamp5","LINC01902",0.121020112979597,0.0685505883817862,0.0774943480434663,-0.0133365713677341,0.255376797326927,5,0,0,0.402980872275119
"7758","Lamp5","PTPDC1",0.0353432702289573,0.0406269073517294,0.384329179662303,-0.0442840049836779,0.114970545441593,7,0,0,0.753597747103046
"7759","Lamp5","UBE2A",0.035607049285805,0.043181028201254,0.409599070842873,-0.0490262108040612,0.120240309375671,7,0,0,0.770066858703021
"7760","Lamp5","KANSL2",-0.122708418921125,0.0422566762599452,0.00368566558960079,-0.205529982496986,-0.0398868553452636,7,0,0,0.102367773426522
"7761","Lamp5","LARP7",-0.0364579286591596,0.0546009614023608,0.504314975278813,-0.143473846529048,0.0705579892107292,7,0.00639256011492404,34.4822739032429,0.822278216591144
"7762","Lamp5","DPYSL4",-0.19369293504135,0.046193055737684,2.75146185418975e-05,-0.284229660623062,-0.103156209459638,7,9.93493870444002e-07,0.00570154929967659,0.0118918032882607
"7763","Lamp5","JHY",-0.0486149667625261,0.0443600956415832,0.2731152583288,-0.135559156570781,0.0383292230457292,5,8.57149357001249e-08,0.000753473262158561,0.662377889749365
"7764","Lamp5","DDX51",-0.0450903791101949,0.0551101876280797,0.413251038398404,-0.153104362042476,0.0629236038220862,7,0.00532696057230751,27.4716115467796,0.771625852727355
"7765","Lamp5","P3H3",-0.0946651461945232,0.0455142193598829,0.0375344614435466,-0.183871376924349,-0.005458915464697,7,0,0,0.297267963181042
"7766","Lamp5","SUN2",0.00732220638323782,0.0504216937268177,0.88453767634796,-0.0915024973608341,0.10614691012731,7,0,0,0.97324372724678
"7767","Lamp5","CD63",-0.0781189661861905,0.0708603442938176,0.270272341659064,-0.217002688934181,0.0607647565618003,6,0,0,0.660034089013833
"7768","Lamp5","CRY2",-0.0356010630908507,0.03545511801645,0.315322543665895,-0.10509181747071,0.0338896912890085,7,0,0,0.700788385002868
"7769","Lamp5","POMP",-0.0978343408250149,0.0638606582397675,0.125523159669924,-0.22299893100398,0.0273302493539504,7,0.00806636565691796,31.2764952477608,0.487700427066708
"7770","Lamp5","TOGARAM2",0.194443301461351,0.102936312201482,0.0588962446800651,-0.0073081631549235,0.396194766077626,5,0,0,0.358260523971973
"7771","Lamp5","GATB",-0.0612602813007644,0.063326742884616,0.333359969403885,-0.18537841661284,0.0628578540113111,6,0.0077283264478207,34.615110272183,0.714655755395084
"7772","Lamp5","STK38",0.0318252680979094,0.0297833866036609,0.285269002287028,-0.0265490969828987,0.0901996331787174,7,0,0,0.675078502538892
"7773","Lamp5","NUDT16L1",0.00247351081437367,0.0623400982558605,0.968350092033862,-0.119710836559801,0.124657858188548,6,0,0,0.995639101352657
"7774","Lamp5","MFSD10",-0.221790509517844,0.149185801441839,0.137101185535508,-0.514189307348593,0.0706082883129054,5,0.0418580051816638,41.7285935444391,0.509823718227346
"7775","Lamp5","GADD45A",0.051128280406117,0.130180735204689,0.694505291107691,-0.204021272076019,0.306277832888253,7,0.05399740379297,52.3109817801894,0.906031283555894
"7776","Lamp5","TMED9",-0.134371299234835,0.0605127185061309,0.0263816996347202,-0.252974048113462,-0.0157685503562082,7,0,0,0.253209266397768
"7777","Lamp5","CHMP2B",0.0145757901789107,0.0641202641105702,0.820175265071684,-0.111097618157003,0.140249198514825,7,0.00981168618188678,39.3769333804408,0.952018241840247
"7778","Lamp5","P4HA1",0.091790663393205,0.0407222740123295,0.024192062406176,0.0119764729604677,0.171604853825942,7,7.79417293258512e-06,0.0612931385005846,0.245596667500389
"7779","Lamp5","RRP12",0.014317467552957,0.0489385557764419,0.769858434537916,-0.0816003392242738,0.110235274330188,7,0,0,0.932100292964428
"7780","Lamp5","HFM1",-0.0755247103129868,0.0586083506712508,0.197525375487492,-0.190394966821932,0.0393455461959585,7,0.0010247625340763,3.8273662869589,0.58981422358425
"7781","Lamp5","SLC22A23",0.0219948510817579,0.030597310998193,0.472233868719419,-0.0379747764984716,0.0819644786619874,7,0,0,0.805854730251114
"7782","Lamp5","DNTTIP1",-0.0203970638755482,0.0562114409395199,0.716707070749386,-0.130569463636107,0.089775335885011,7,5.82071923918927e-07,0.0023090793967301,0.914462798800233
"7783","Lamp5","PKIA-AS1",0.18792996471152,0.0846026157279993,0.0263289093088534,0.0221118848867597,0.353748044536281,6,0,0,0.253209266397768
"7784","Lamp5","IFI27L1",-0.0331752306448768,0.0600276207964074,0.580492075523123,-0.150827205483463,0.0844767441937092,7,0,0,0.858378677238391
"7785","Lamp5","GPR180",0.0732323884342157,0.0358589607872169,0.0411283267321154,0.00295011676823645,0.143514660100195,7,5.63563666932119e-07,0.00555515148382117,0.308910339384172
"7786","Lamp5","ARL16",-0.0522494815530368,0.0761947090785239,0.492879381317614,-0.201588367159451,0.0970894040533772,7,0.0051381252081305,12.3573227297529,0.816718467937254
"7787","Lamp5","SLC24A4",0.127930604667332,0.102934909977255,0.213930447406528,-0.0738181116399597,0.329679320974623,7,0.0269838405693048,40.9040738807233,0.604249933994961
"7788","Lamp5","COX5A",-0.0494154054000409,0.0671012353151429,0.461468666125191,-0.180931409935868,0.0821005991357865,6,0.00595369478266121,22.424688625562,0.799485491699775
"7789","Lamp5","ARMCX1",-0.10681669229957,0.0528426524290935,0.0432372889956817,-0.210386387908162,-0.00324699669097921,6,0.000943696415579713,5.24653606504476,0.313579330449817
"7790","Lamp5","CD320",-0.095495260998949,0.0653860525019683,0.144157196234284,-0.223649568994052,0.0326590469961539,7,0.00250206931427105,7.85507707951588,0.520685677758663
"7791","Lamp5","PRC1-AS1",-0.0212504100064009,0.052261038158748,0.684286730782301,-0.123680162592221,0.0811793425794187,7,0,0,0.903181005962289
"7792","Lamp5","SLC35B1",-0.0370656285969513,0.0607068356528518,0.541485859779894,-0.156048840091933,0.0819175828980303,7,0,0,0.84090599831901
"7793","Lamp5","RTN2",-0.0225466112788569,0.0456559191291178,0.621420849329256,-0.112030568453001,0.0669373458952874,7,2.39884583787062e-06,0.0144166800653249,0.877933018781526
"7794","Lamp5","MAP2K5",0.0339003505574239,0.0464590157419286,0.465584019886527,-0.0571576470539357,0.124958348168783,7,0.00551986628833719,41.9672022464908,0.801254755191103
"7795","Lamp5","STARD4",0.201827073190553,0.0888094765138057,0.0230512078765407,0.0277636977376376,0.375890448643468,7,0,0,0.23960053795929
"7796","Lamp5","IAH1",-0.0509746744814381,0.036731667051745,0.165210667776052,-0.122967418994975,0.0210180700320987,7,0,0,0.551578552745339
"7797","Lamp5","EXOC6B",0.0543839709621151,0.0264377411187915,0.039680632217151,0.0025669505366901,0.10620099138754,7,0.000211842186825893,3.95569854932619,0.305197091349127
"7798","Lamp5","POLR3H",-0.0384096903576155,0.0753733314125668,0.610336923836482,-0.186138705321048,0.109319324605817,7,0.0119466247286,33.2467050793228,0.873610924256193
"7799","Lamp5","ZNF350",-0.0749322946866382,0.0561070676395067,0.181705142988882,-0.184900126538224,0.0350355371649477,7,0,0,0.574414962993401
"7800","Lamp5","ENHO",-0.0046584492589224,0.126223989568326,0.970559787039914,-0.2520529227978,0.242736024279955,6,0.0517398506072814,59.4892747955172,0.996217019415529
"7801","Lamp5","ZDHHC7",-0.0924341250812091,0.0391659769692948,0.0182718921456768,-0.169198029360352,-0.0156702208020662,7,0,0,0.216350057594207
"7802","Lamp5","ESRRG",0.0191648521287736,0.0436436978660486,0.660574064731249,-0.0663752238408293,0.104704928098377,7,3.2266193701016e-06,0.0217439256197633,0.893414587639381
"7803","Lamp5","NYAP1",-0.121937733406129,0.0552269502464687,0.0272485306264663,-0.230180566865193,-0.0136948999470648,7,0.000783875334440755,3.38684515278778,0.258183514841743
"7804","Lamp5","NDUFB11",0.0485162440326283,0.098599814990118,0.622682527238189,-0.144735842230316,0.241768330295572,6,0.0074781378671658,12.3365179758665,0.878707858932165
"7805","Lamp5","DACT3",0.00869235457119628,0.0520658719199539,0.867410036866599,-0.0933548792155887,0.110739588357981,7,0.00360232056300653,19.5249517018285,0.967279253523521
"7806","Lamp5","SYMPK",-0.0588590535914123,0.0298071289507751,0.0483063323816995,-0.117279952817473,-0.000438154365351939,7,0,0,0.328369581480014
"7807","Lamp5","TTC9B",0.0157003399633243,0.0580351624576056,0.786751381105633,-0.0980464882905137,0.129447168217162,7,0,0,0.938643357904296
"7808","Lamp5","PAPPA2",-0.0592523797806616,0.0676152499459004,0.380857831929184,-0.1917758344803,0.0732710749189771,7,0,0,0.751225270005132
"7809","Lamp5","CCDC192",-0.152783128622254,0.106974624479999,0.153229001809943,-0.362449539862749,0.0568832826182408,7,1.94821776664479e-07,0.000218384102822306,0.534237775584196
"7810","Lamp5","ZNF260",-0.0263122291320221,0.0548913682462397,0.631688986645028,-0.133897333956777,0.0812728756927333,7,0.00251385157424873,11.5151213347238,0.882993296421211
"7811","Lamp5","HMGN4",-0.00558389806060822,0.0520871875995977,0.914628007252112,-0.107672909811801,0.0965051136905846,7,0.000974247288943996,4.60497257415109,0.980734315041589
"7812","Lamp5","PTPN11",-0.0615501651856021,0.0303510188864918,0.0425659686594582,-0.121037069097221,-0.00206326127398319,7,0.000929236114266466,14.2608454408828,0.311533916278128
"7813","Lamp5","SLC25A29",-0.0949499181120596,0.0447457534109303,0.0338388089626534,-0.182649983258593,-0.00724985296552581,6,0.00131004864863669,10.4773382900562,0.286194000271833
"7814","Lamp5","COQ3",0.0198383213828916,0.053455207855916,0.710547811869503,-0.0849319608008062,0.124608603566589,6,0,0,0.912743419120071
"7815","Lamp5","SUDS3",0.0406236839593336,0.031632248706648,0.199054843145174,-0.0213743842557101,0.102621752174377,7,0,0,0.591146851544706
"7816","Lamp5","OGDH",-0.0413956267998854,0.0378371979115281,0.27393489931414,-0.115555171982395,0.0327639183826238,6,0.00324816560025792,41.5744081385609,0.663423949149007
"7817","Lamp5","MOB2",-0.0234447007847482,0.0422577441587934,0.5790297783216,-0.106268357403891,0.0593789558343947,7,0,0,0.858378677238391
"7818","Lamp5","QKI",0.0531693389860541,0.0424905502796157,0.210817205514779,-0.0301106092452809,0.136449287217389,7,0.00373777165556201,31.5744758823719,0.600992362515195
"7819","Lamp5","PGBD1",-0.0724822402467201,0.0413044009860239,0.0792882319585277,-0.153437378582328,0.00847289808888745,7,8.86698077519128e-07,0.00609214349596987,0.405910944345904
"7820","Lamp5","HINFP",0.0263322649252585,0.0432905478846586,0.543009588613349,-0.058515649799679,0.111180179650196,7,0,0,0.842154282223712
"7821","Lamp5","VPS26B",-0.0676283474990492,0.0332743691050315,0.0421085583637102,-0.132844912553203,-0.00241178244489516,7,4.33767830950912e-08,0.000465782330737774,0.31114492884268
"7822","Lamp5","TAOK3",0.0445665938141197,0.0314219662910297,0.15609559016388,-0.0170193284397302,0.10615251606797,7,0.00127495066340475,18.7619581250328,0.539210618939872
"7823","Lamp5","RSU1",0.0386300946941355,0.0672102458097174,0.565450263091594,-0.0930995664849946,0.170359755873266,7,0.0128086116455339,45.7127231128835,0.852935819308762
"7824","Lamp5","ZDHHC9",0.0229857751750509,0.0424669910904126,0.588326900700336,-0.0602479978939412,0.106219548244043,7,0,0,0.861277671761366
"7825","Lamp5","TMEM19",-0.0739313702494449,0.0536504584710075,0.168197312012536,-0.179084336606681,0.0312215961077916,7,0,0,0.556321346469264
"7826","Lamp5","CHCHD10",0.04065504640447,0.0853742149953408,0.633933190949471,-0.126675340194777,0.207985433003717,6,0.015049651027271,36.3188365638316,0.883174740176764
"7827","Lamp5","WDR13",-0.115937973605798,0.0404848012874927,0.00418670571685405,-0.195286726050544,-0.0365892211610512,7,0,0,0.110041348720566
"7828","Lamp5","TMEM258",-0.0848140488948502,0.107899900345897,0.431841820739559,-0.296293967508269,0.126665869718569,7,0.0282781113759971,39.5815763823258,0.78284776371624
"7829","Lamp5","SNX16",0.0916025139115108,0.0493498384692962,0.0634269508782046,-0.00512139213117903,0.188326419954201,7,1.52601496377583e-07,0.00077786902513048,0.369470484925694
"7830","Lamp5","RBMX2",-0.0435230715180359,0.050915265032148,0.39265423352967,-0.143315157244358,0.0562690142082858,7,0,0,0.75856485966826
"7831","Lamp5","CYYR1-AS1",0.159168566354433,0.0684608445712072,0.0200742232400433,0.024987776643672,0.293349356065193,7,7.44453204437993e-07,0.0020036459174171,0.226478901629885
"7832","Lamp5","PFN1",0.0204093193083909,0.101218519829728,0.840201130573066,-0.17797533412633,0.218793972743112,5,0.0139473759578941,27.6006659300463,0.958356578693386
"7833","Lamp5","TMC3-AS1",-0.0046786113518653,0.17646784709531,0.978848529395446,-0.350549236087994,0.341192013384264,5,0.0906464395082033,62.0527938434352,0.997093441046833
"7834","Lamp5","LENG8-AS1",-0.0704024090260458,0.0931172828821919,0.449612217686982,-0.25290892981337,0.112104111761278,7,0.0258737278380775,50.3664952399743,0.793046943472101
"7835","Lamp5","GATC",0.00193048890159641,0.047225484131045,0.967393062360774,-0.0906297591477195,0.0944907369509124,6,0,0,0.995358653770326
"7836","Lamp5","ADCK1",-0.120723078511275,0.0753888308811377,0.1093018453104,-0.268482471874886,0.0270363148523359,6,0.0153185759466965,49.9725470314281,0.463734401407849
"7837","Lamp5","GNB3",0.0295804817994402,0.0702824684686717,0.673842746936078,-0.108170625143728,0.167331588742609,7,0,0,0.899586423461259
"7838","Lamp5","MFSD1",0.0436690893337488,0.031987105608034,0.172187322585412,-0.019024485627677,0.106362664295175,7,0,0,0.56276410520658
"7839","Lamp5","RPN2",-0.0313116462582378,0.0497572827255206,0.529160719075984,-0.128834128368835,0.0662108358523595,7,0.00577273559833645,37.6408996510739,0.83539935843094
"7840","Lamp5","SUV39H2",0.162849664319722,0.0776523702104003,0.0359791638131761,0.0106538153931665,0.315045513246277,7,0.0169172363856037,46.5306641274777,0.291711742401202
"7841","Lamp5","PTCH1",0.0226621638660501,0.0491280484161348,0.644592217056639,-0.0736270416603142,0.118951369392414,7,0,0,0.886929185222919
"7842","Lamp5","ENTR1",-0.102479412883614,0.0543340565296785,0.0592816071297953,-0.208972206815747,0.00401338104851962,5,0,0,0.359143231846617
"7843","Lamp5","METTL3",-0.0232573761634923,0.0595236323437863,0.696000456564536,-0.139921551786317,0.0934067994593324,7,0.00894427334746912,42.3112928860074,0.906391554342484
"7844","Lamp5","TRIM66",-0.0274553834961811,0.0667168620556259,0.680690615139901,-0.158218030286735,0.103307263294372,7,0.00705418601488,23.5708492732869,0.901733822525915
"7845","Lamp5","SYNPO",0.0116259774545686,0.0518427374568477,0.822559123897872,-0.0899839208208185,0.113235875729956,7,0,0,0.952532405270354
"7846","Lamp5","ZNF549",0.0394844380122317,0.0594271115010946,0.506422864509571,-0.0769905602351598,0.155959436259623,7,0.00896950760729162,42.2051543093672,0.822824639047686
"7847","Lamp5","SPRED1",-0.0218020091000462,0.0528297386889383,0.67983785455587,-0.125346394243028,0.081742376042935,7,0,0,0.901733822525915
"7848","Lamp5","ANKRD49",0.0164528286740869,0.0582391938772118,0.777556771226365,-0.0976938938138938,0.130599551162068,7,0.0024164020397281,9.69818219561717,0.935065277503179
"7849","Lamp5","C4orf33",0.125669278539489,0.05094393060709,0.0136320570469809,0.0258210093186846,0.225517547760293,7,7.52077671194681e-07,0.00362094073468408,0.187170803932084
"7850","Lamp5","AHDC1",-0.017401449445629,0.0358105054063548,0.627015796366136,-0.0875887503102612,0.0527858514190033,7,0,0,0.881137709605479
"7851","Lamp5","CFAP61",0.0478297458961774,0.0745423085863913,0.521103304371665,-0.0982704942576203,0.193929986049975,7,0.00768264181932612,20.2310736564095,0.831034998252768
"7852","Lamp5","DNTTIP2",0.0531943099240409,0.0787764544731144,0.499512840024635,-0.101204703673023,0.207593323521104,7,0.0142176331641625,37.0243175261105,0.821123581285857
"7853","Lamp5","FGD6",0.0707854821486955,0.0653330150448253,0.278605833116816,-0.0572648743405755,0.198835838637967,7,0.00847090118010721,30.6085735690819,0.668106652398611
"7854","Lamp5","FANCA",-0.0604512040245199,0.0668075818833863,0.365541975417629,-0.191391658410168,0.0704892503611278,7,0.0106965520104376,37.9333304547487,0.737993677404189
"7855","Lamp5","SDHAF4",-0.0631890678867763,0.0510272408663904,0.21559005843473,-0.163200622215352,0.0368224864417994,6,0.00180416372597466,11.153205130629,0.606518361590383
"7856","Lamp5","LONRF1",0.0546066937706079,0.0431148634802067,0.205319863087564,-0.0298968858489585,0.139110273390174,7,0,0,0.59457486584747
"7857","Lamp5","NBL1",-0.014226158916183,0.0706684510455421,0.840457367212314,-0.152733777808677,0.124281459976311,7,0.00797501148786119,24.1139513185966,0.958379425784733
"7858","Lamp5","METTL17",-0.0449883696163686,0.0519238590241664,0.386254604663307,-0.14675726324207,0.0567805240093327,6,0,0,0.75514448539619
"7859","Lamp5","BEX1",-0.118634914334167,0.0719146440983228,0.099011919334627,-0.259585026727896,0.0223151980595612,7,0,0,0.445311599594887
"7860","Lamp5","RNF208",0.0337669719743906,0.0747269736769478,0.65136172777766,-0.1126952051061,0.180229149054881,6,0.00661258165539676,19.8914475371145,0.889914575420899
"7861","Lamp5","CDADC1",-0.0946076995063672,0.0580582123174647,0.10320050219495,-0.208399704655378,0.0191843056426434,7,0.00938224100866944,45.7649576371586,0.454450306327806
"7862","Lamp5","UCKL1",-0.0796909912627539,0.0534281954923528,0.135816337816177,-0.184408330186731,0.0250263476612227,7,0,0,0.507729785540376
"7863","Lamp5","KLHDC1",-0.0532442166955153,0.0317061979711011,0.0930936005754611,-0.11538722280557,0.00889878941453968,7,0,0,0.435754770716505
"7864","Lamp5","FBXO42",0.0824896777592786,0.0407589221139078,0.0429862614473713,0.00260365836734605,0.162375697151211,7,0.00344998877908327,32.2804326824934,0.312931224147558
"7865","Lamp5","PRPF4",-0.0587699963072022,0.0501587499799214,0.24132561868149,-0.157079339777397,0.0395393471629929,7,0,0,0.632744284079826
"7866","Lamp5","SLC25A38",0.00220592706665738,0.0780546809205776,0.977453743192142,-0.15077843636244,0.155190290495755,6,0.0166445589672321,51.5132875136126,0.997093441046833
"7867","Lamp5","CCND3",0.190773457072508,0.0993166504343435,0.0547492633740641,-0.00388360084395975,0.385430514988975,7,0.0387638749577279,68.7727088037583,0.34837800237059
"7868","Lamp5","PGAP2",-0.0761670450997624,0.0446130646398327,0.087769804688929,-0.163607045033792,0.0112729548342671,7,0,0,0.423796098422135
"7869","Lamp5","PAH",-0.252992720351828,0.0925692190672142,0.00627581820181156,-0.434425055800566,-0.0715603849030899,7,0.00961209677377179,15.9678427613048,0.133692552579769
"7870","Lamp5","LYPD6",0.0532985667330264,0.0511514195683757,0.297422668588258,-0.0469563733790872,0.15355350684514,7,0.00519337788092616,30.5580966980166,0.687718038214807
"7871","Lamp5","MRPL39",0.0271607505514194,0.0366945273905502,0.459187552966525,-0.0447592015637774,0.0990807026666163,6,0,0,0.798985005954702
"7872","Lamp5","ZNF674",0.0755889930699038,0.0417284716834185,0.0700713962384793,-0.00619730855949593,0.157375294699304,7,0,0,0.385102861955871
"7873","Lamp5","STK36",-0.110417192074019,0.0430423694095355,0.0103082477506295,-0.194778685925977,-0.026055698222061,7,0.000461525510490636,2.99237249904216,0.16726775420594
"7874","Lamp5","MAGOH",0.00887633889207114,0.0485181536406292,0.854838177508409,-0.086217494839943,0.103970172624085,7,0,0,0.962256190213014
"7875","Lamp5","NELFB",-0.12509605110688,0.04991095564644,0.0121972862358311,-0.222919726607879,-0.027272375605882,7,0,0,0.178978338766017
"7876","Lamp5","ZNF566",-0.0145777648039014,0.0339531961295775,0.667669391159257,-0.081124806377898,0.0519692767700953,7,0,0,0.897383922366512
"7877","Lamp5","PCBD2",-0.0153208104549611,0.0655650830551166,0.815238604041227,-0.143826011886367,0.113184390976445,6,0.00198117602677016,7.12928350169445,0.949515906610951
"7878","Lamp5","MAP2K2",-0.0396960374209516,0.0467621345551362,0.395940968400584,-0.131348136989235,0.0519560621473312,7,0.00235298533946487,15.2918996634375,0.760604933378185
"7879","Lamp5","SLC15A4",-0.0693353327839401,0.0349641202888149,0.0473626943720676,-0.137863749301143,-0.00080691626673679,7,4.3835566238159e-07,0.00433922557456127,0.325622589540519
"7880","Lamp5","DHRS7",-0.0164234738876358,0.057764153776653,0.776165562676029,-0.129639134887309,0.0967921871120374,7,0,0,0.934584658568636
"7881","Lamp5","MRPL13",0.0364356706403623,0.0411409015057503,0.375816232056169,-0.0441990146024179,0.117070355883143,6,0,0,0.746832307052066
"7882","Lamp5","LEMD2",-0.110269398703227,0.0405858070715431,0.00658875894987166,-0.189816118846942,-0.0307226785595111,7,0,0,0.136315907073804
"7883","Lamp5","LAMA5",-0.171784916125778,0.0611064203732674,0.00493507004277154,-0.291551299281547,-0.0520185329700091,7,0.00532870285232584,21.3391092413937,0.119229298265666
"7884","Lamp5","VEGFA",-0.0532213265308219,0.0592624912465951,0.369153080095125,-0.169373675008268,0.0629310219466247,7,1.87638524721939e-06,0.0067455620968453,0.741472939152852
"7885","Lamp5","POP5",-0.0112448137428326,0.0725095071591269,0.876757821039826,-0.153360836311471,0.130871208825805,7,0,0,0.970554230365266
"7886","Lamp5","DDX59",-0.0820954201619715,0.0540929654012746,0.129096914086041,-0.188115684165441,0.0239248438414979,7,0,0,0.494354785640398
"7887","Lamp5","LYRM1",-0.0811039573591589,0.0424052071501932,0.0558000103391092,-0.164216636130498,0.0020087214121802,6,0,0,0.349772367716056
"7888","Lamp5","ACP1",-0.0234946369350865,0.0416937130092893,0.573090710427878,-0.105212812815043,0.0582235389448697,7,0.000333428896547924,2.39055406619368,0.856052469288915
"7889","Lamp5","TUB",0.0225326262835201,0.0339684046365486,0.507112357221486,-0.0440442234163985,0.0891094759834387,7,0,0,0.823317496607622
"7890","Lamp5","CTNNBIP1",-0.113324735781944,0.0396624193371563,0.00427353282188097,-0.191061649222495,-0.0355878223413922,7,0,0,0.110733744220427
"7891","Lamp5","BMP3",-0.0472529018334806,0.0689552465726408,0.493174107807957,-0.182402701660936,0.0878968979939744,7,0.00669618060676804,20.7319322057503,0.816811674187688
"7892","Lamp5","PPTC7",0.000252160616992162,0.0417527513680793,0.995181303423427,-0.0815817283198987,0.082086049553883,6,0,0,0.998856332995448
"7893","Lamp5","ZKSCAN7-AS1",0.0214706746146527,0.0432848044476741,0.619871402160072,-0.0633659831806477,0.106307332409953,5,0,0,0.877471007323414
"7894","Lamp5","ZNF749",0.0296065435687154,0.061153301262373,0.628289018248363,-0.0902517244412635,0.149464811578694,7,3.12447669998097e-06,0.0102459733707672,0.88191549991279
"7895","Lamp5","KRTAP5-AS1",0.00711620112412,0.0716987075657839,0.920938620474129,-0.133410683442886,0.147643085691126,7,0.0138631723700661,44.0020156608154,0.982375103729229
"7896","Lamp5","CELF2-AS2",0.0648119743784871,0.100861954385662,0.520496022234926,-0.132873823627731,0.262497772384705,7,3.16367745705564e-06,0.00376005627804813,0.830501925271179
"7897","Lamp5","SDC2",0.0768567517553733,0.0677150711769008,0.256374415181246,-0.0558623489619185,0.209575852472665,7,1.75406178072533e-06,0.00483017756065028,0.64751460003221
"7898","Lamp5","LDLR",0.36039480445692,0.0973854198802451,0.000215000487865061,0.169522888872329,0.551266720041512,7,0,0,0.0307466879715399
"7899","Lamp5","ZNF169",-0.0343149568439252,0.0475406486728393,0.470415940915971,-0.127492916044362,0.0588630023565118,7,0,0,0.804834027168301
"7900","Lamp5","DPY19L4",-0.0150578976328134,0.0365947141216124,0.680722513413482,-0.0867822193357131,0.0566664240700863,7,0,0,0.901733822525915
"7901","Lamp5","ZNF146",-0.0235402889105059,0.0283305847324585,0.406022026166923,-0.079067214647085,0.0319866368260731,7,1.50655452872005e-06,0.0228959611487365,0.767306534468615
"7902","Lamp5","ST8SIA3",0.0982401123680928,0.0534238819461461,0.0659328261530619,-0.00646877216067325,0.202948996896859,7,0.00647830436653508,37.1886845657518,0.373672580884055
"7903","Lamp5","TSPOAP1",-0.047465316249291,0.0547945602344277,0.386357797591676,-0.15486068085748,0.059930048358898,7,0,0,0.755222769107364
"7904","Lamp5","TNFRSF19",-0.049745635417626,0.0922181940848893,0.589587380341388,-0.230489974543334,0.130998703708082,7,0.0130273084920795,22.6464887389184,0.862182550697374
"7905","Lamp5","BCL9L",-0.0659401263770884,0.05012306037753,0.188320204968425,-0.164179519511974,0.0322992667577971,7,2.28318637487266e-06,0.0112276179691774,0.581487218360641
"7906","Lamp5","PNOC",-0.196401975265202,0.0892385459919531,0.0277455960425348,-0.371306311442151,-0.0214976390882527,7,0,0,0.260651675626609
"7907","Lamp5","BCKDHB",0.0778051660008961,0.0430020529440879,0.0703988066184886,-0.00647730903080065,0.162087641032593,6,0.000346331163040797,2.89435663772536,0.385313666944408
"7908","Lamp5","PATL1",-0.0178448610499963,0.0459747749341238,0.697909021328807,-0.107953764118214,0.0722640420182211,7,0,0,0.906391554342484
"7909","Lamp5","PABPC4",-0.0427036445324122,0.0444123786167479,0.336287897369034,-0.129750307088995,0.0443430180241706,7,0,0,0.717386187056061
"7910","Lamp5","ECI2",0.104005222394682,0.0468253446471933,0.0263420930890875,0.0122292333225079,0.195781211466857,6,0,0,0.253209266397768
"7911","Lamp5","LAMP5",-0.0231294243348316,0.0717928318353066,0.747324673228194,-0.163840789080173,0.11758194041051,7,0.0157581228671635,51.8828274523681,0.924416607401174
"7912","Lamp5","GRAMD1B",-0.071606610569801,0.0271267476713807,0.00829782293849881,-0.124774059023413,-0.0184391621161892,7,5.63073268907708e-06,0.0953992705847936,0.151071428092432
"7913","Lamp5","CUL4B",-0.00198541875961408,0.0327080811504291,0.951597200720217,-0.0660920798178685,0.0621212422986403,7,0,0,0.990439592986342
"7914","Lamp5","GOLGA5",-0.0467913604148512,0.0387339496060188,0.227039821567316,-0.122708506621637,0.0291257857919351,7,0,0,0.618207929445248
"7915","Lamp5","SOX12",0.0452459219473875,0.0504320460158053,0.369630292490931,-0.0535990719102576,0.144090915805033,7,0,0,0.741486873434852
"7916","Lamp5","LSM10",-0.0358736904031597,0.0887902947839562,0.686192748930788,-0.209899470356408,0.138152089550089,6,0.00569116231493206,11.5004253103731,0.903181005962289
"7917","Lamp5","NXN",0.0724417865758641,0.0486347640229924,0.136354100132985,-0.0228805993058055,0.167764172457534,7,0,0,0.50901630981748
"7918","Lamp5","MAP4",0.0248969753080888,0.0291643197150366,0.393282720508609,-0.0322640409669943,0.0820579915831719,7,0,0,0.758958859861619
"7919","Lamp5","MYH10",-0.00830580383071965,0.0257451033260757,0.746985440139893,-0.0587652791280904,0.0421536714666511,7,0,0,0.924251227291657
"7920","Lamp5","ADPGK",0.0315776543189503,0.0423215347975811,0.45558478439515,-0.0513710296547674,0.114526338292668,7,0.000365918643395012,2.63293543193326,0.796540707102574
"7921","Lamp5","SLC4A1AP",0.00423437466224059,0.0358870286755536,0.906074165035948,-0.0661029090540005,0.0745716583784817,7,0,0,0.979410581352243
"7922","Lamp5","ZNF429",0.0211356300442846,0.0352670707752079,0.548971438912963,-0.0479865585153481,0.0902578186039172,7,0,0,0.844764971297428
"7923","Lamp5","L3MBTL4",-0.0465761352081167,0.0798362383794057,0.559626808257044,-0.203052287092906,0.109900016676673,7,0,0,0.850765851018062
"7924","Lamp5","ZNF511-PRAP1",-0.0750021895709408,0.143520332345134,0.601260090354081,-0.356296872016623,0.206292492874741,5,0.0417199754813478,46.5573692508978,0.867839383514501
"7925","Lamp5","RHOT1",0.0445556902204358,0.0269557943697464,0.0983477608965732,-0.00827669591893482,0.0973880763598063,6,1.05278636672899e-05,0.214867084720281,0.44440007470944
"7926","Lamp5","KDM1B",0.0679458219764509,0.0426530320727512,0.111162600537164,-0.0156525847175733,0.151544228670475,7,0,0,0.464976377514909
"7927","Lamp5","YEATS2",0.0133144647234852,0.0386950695119328,0.730780969164582,-0.0625264778991769,0.0891554073461473,7,0.0041116099572818,46.7085423981018,0.919418417381732
"7928","Lamp5","CHAMP1",-0.00942623862141112,0.079797893579095,0.905967498517367,-0.165827236078597,0.146974758835775,7,0.0179605122255216,48.472658104946,0.979410581352243
"7929","Lamp5","ITGA7",-0.0340039151974374,0.0650005494275974,0.600881886783851,-0.161402651050844,0.0933948206559691,7,0.0059943714316751,20.9798331613195,0.867718543019014
"7930","Lamp5","MTERF3",-0.0210916551351846,0.0465932139144042,0.650781670765831,-0.112412676331387,0.0702293660610181,6,0,0,0.889738157224085
"7931","Lamp5","ARL4D",-0.0448910503640598,0.105675481769953,0.670981748412628,-0.252011188682086,0.162229087953966,7,0.026611410717089,38.4014502341267,0.8984778953508
"7932","Lamp5","ZBTB26",0.0899941250701684,0.0488900985563844,0.0656591742073173,-0.00582870730095866,0.185816957441296,7,0,0,0.373672580884055
"7933","Lamp5","GHR",0.0355900034757533,0.0614084030962343,0.562209733189879,-0.0847682549409839,0.15594826189249,7,0,0,0.852814428920204
"7934","Lamp5","C1QTNF7",0.0338296885760153,0.13041007703551,0.795318852783804,-0.221769365634678,0.289428742786709,7,0.0449782961034821,42.2235372118509,0.94273150564392
"7935","Lamp5","RNF13",0.0475169409589623,0.0332787864591302,0.153336545473823,-0.0177082819501322,0.112742163868057,7,0.00100163619578345,12.6410222621954,0.534237775584196
"7936","Lamp5","RGS2",0.0569027899297184,0.0878210609163632,0.517023671741303,-0.115223326550452,0.229028906409888,6,0,0,0.828188430553847
"7937","Lamp5","ZC3HC1",-0.0832448419105782,0.0428832935533293,0.0522346099171572,-0.167294552813562,0.000804868992405811,7,0,0,0.340651666887092
"7938","Lamp5","HIKESHI",-0.0164851942738409,0.0376033450877679,0.661098509278353,-0.0901863963440972,0.0572160077964154,7,0,0,0.893745995077982
"7939","Lamp5","LONRF3",0.170583649375114,0.0775914875303819,0.0279146284670548,0.0185071283086763,0.322660170441551,7,0.0203493107845544,58.2946217996552,0.261009415041054
"7940","Lamp5","ZNF117",0.0120366002295372,0.0636672919833707,0.850049952161754,-0.112748999051065,0.136822199510139,7,0.00175192961351729,5.76416422181889,0.96039181652361
"7941","Lamp5","DKC1",0.0528505953290246,0.0474543066172119,0.265401271088645,-0.0401581365520315,0.145859327210081,7,0,0,0.654477926053113
"7942","Lamp5","TBC1D16",-0.0147083657838353,0.0476004525712602,0.757324308432557,-0.108003538471312,0.0785868069036418,7,0,0,0.926555528105898
"7943","Lamp5","CRCP",-0.0401106205764373,0.052415979263269,0.444130727958867,-0.142844052146843,0.0626228109939682,7,0,0,0.789771699774591
"7944","Lamp5","MALT1",0.0171558728657621,0.0322005531612239,0.594184543732236,-0.045956051612504,0.0802677973440283,7,2.10889052729323e-06,0.0257518950721053,0.865015123362275
"7945","Lamp5","CACNA1C",0.0103434381540754,0.0362211754482845,0.775212620757314,-0.0606487612022687,0.0813356375104194,7,0,0,0.934553198753702
"7946","Lamp5","RAPGEF2",0.104507216659105,0.0341273897759326,0.00219666617950576,0.0376187618119172,0.171395671506294,7,0.000904194118773862,10.8176941844176,0.0816886502338042
"7947","Lamp5","SURF6",0.0575531025783353,0.0540766038118939,0.287198067678564,-0.0484350932992181,0.163541298455889,7,0,0,0.677302640774591
"7948","Lamp5","C15orf61",0.0620860429012827,0.0524636664078079,0.236646579471141,-0.0407408537549447,0.16491293955751,6,0.000997590504395117,5.51879001463162,0.626534523775818
"7949","Lamp5","GALC",0.106789365066398,0.0449368550579276,0.017480999238013,0.0187147475743632,0.194863982558433,7,0.00311474558942874,23.4164634734755,0.212238852677561
"7950","Lamp5","RTN4R",-0.0775252363991551,0.0586101040207098,0.185925787646989,-0.192398929409893,0.0373484566115823,6,6.26559293762209e-06,0.0276079753448622,0.579334678079817
"7951","Lamp5","ZNF528-AS1",0.010836212286339,0.0561708266556925,0.847025296715104,-0.0992565849406607,0.120929009513339,5,0,0,0.959421815061179
"7952","Lamp5","STARD13",0.0115715783147445,0.0619120798800685,0.851736372296678,-0.109773868458157,0.132917025087646,7,0,0,0.960949077691041
"7953","Lamp5","TTTY14",0.0689016309519934,0.0502300494879825,0.170150201550627,-0.0295474569861169,0.167350718890104,6,0,0,0.560095309756112
"7954","Lamp5","ZNF611",-0.0506249942206394,0.0399373118377233,0.204936736905678,-0.128900687061922,0.0276506986206435,7,0,0,0.59428672081838
"7955","Lamp5","TRAPPC8",-0.0361335907656888,0.0270512648021835,0.181632646799115,-0.0891530955142245,0.0168859139828468,7,0,0,0.574414962993401
"7956","Lamp5","SNRPG",-0.129515369020871,0.0548163152618783,0.018141580443498,-0.236953372699346,-0.0220773653423965,7,0,0,0.215599225450515
"7957","Lamp5","USF3",0.0287965936493561,0.0383352051535608,0.452545053218529,-0.0463390277915772,0.103932215090289,7,0,0,0.7951327390625
"7958","Lamp5","BOLA3",-0.089725115621208,0.0589657253613034,0.128097143838117,-0.205295813651643,0.0258455824092267,6,0,0,0.491843293266523
"7959","Lamp5","DDX1",-0.0262945847167457,0.0277980653195996,0.344192350198321,-0.0807777915830529,0.0281886221495614,7,0,0,0.72433889877292
"7960","Lamp5","ZFP62",0.0105216099089872,0.0470415550232976,0.823016981065599,-0.0816781437134354,0.10272136353141,7,0,0,0.952672928022565
"7961","Lamp5","PSMB6",-0.0211705483270909,0.0927089416811358,0.819370287223336,-0.202876735066941,0.16053563841276,6,0,0,0.951516830559146
"7962","Lamp5","ERI1",0.0200947513149,0.0711423659966538,0.777592121813622,-0.119341723813509,0.159531226443308,7,0.00860559765657429,25.7732875975769,0.935065277503179
"7963","Lamp5","GRHPR",-0.0279218288598409,0.0769517053722559,0.716717884873997,-0.1787443999384,0.122900742218718,6,0.0103529349968311,31.0024038994468,0.914462798800233
"7964","Lamp5","ARX",-0.079807601557235,0.0348482812208744,0.0220129381671343,-0.148108977673272,-0.0115062254411977,7,1.74689470707839e-06,0.0178048418773075,0.235042239454417
"7965","Lamp5","DERL1",0.0171527047683208,0.0431802651977796,0.691194309194334,-0.0674790598622154,0.101784469398857,7,0.000794502174051224,5.4833590000925,0.904801979217278
"7966","Lamp5","NFKBIZ",0.0887240875421005,0.105413306578102,0.399968075193526,-0.117882196842258,0.295330371926459,7,0.035575206884958,54.1483112740055,0.762743492813461
"7967","Lamp5","POLR1D",0.0468792978464793,0.0523866087046411,0.370855633021598,-0.0557965684868097,0.149555164179768,7,0.0069680363299726,41.7294548222652,0.742891543602226
"7968","Lamp5","TGFB3",0.040775006394196,0.0620325865393518,0.51097780513907,-0.0808066290907975,0.16235664187919,7,0,0,0.824612278117045
"7969","Lamp5","GLRX2",0.0431208185549797,0.0529281447343165,0.415241251226219,-0.0606164388928041,0.146858076002763,6,0,0,0.772267614009902
"7970","Lamp5","JAG1",-0.0133268182924095,0.0478433525999133,0.780589347570081,-0.10709806628789,0.0804444297030713,7,0,0,0.936904032599628
"7971","Lamp5","FKBP14",0.0437990882674906,0.0492108659364151,0.373450418579312,-0.052652436615912,0.140250613150893,7,0,0,0.745335842612238
"7972","Lamp5","ASRGL1",-0.0836807493291349,0.0374663182974216,0.025516469578738,-0.157113383825395,-0.0102481148328746,7,0,0,0.250751745090418
"7973","Lamp5","PILRA",-0.071683723104536,0.0438931755470077,0.102439448283845,-0.157712766343765,0.0143453201346933,7,0,0,0.45322728894802
"7974","Lamp5","LMAN2",0.00681083644810106,0.0511874805163149,0.8941485511924,-0.0935147818232219,0.107136454719424,7,0,0,0.975921257738596
"7975","Lamp5","TRIM69",0.107794165393193,0.0596869587753605,0.0709196013810179,-0.00919012415324041,0.224778454939627,7,3.09103890325956e-07,0.00112368114703822,0.386390666476352
"7976","Lamp5","MED31",0.095586368647645,0.0692746597180568,0.167642928112048,-0.0401894694410139,0.231362206736304,7,0.00910543389034211,29.6791962029572,0.555511714406203
"7977","Lamp5","USP32",-0.0681442831803045,0.0309956007666055,0.0279124498760547,-0.128894544362033,-0.00739402199857565,7,0.00120476948052599,18.148066893528,0.261009415041054
"7978","Lamp5","ZNF623",0.0375510064402755,0.044732187638863,0.401209668971664,-0.0501224702815837,0.125224483162135,7,0,0,0.763650062305857
"7979","Lamp5","MIPOL1",0.103703449484635,0.0340387944082887,0.00231426062927523,0.036988638367226,0.170418260602044,7,1.58248953475843e-06,0.0176475179605952,0.0833125240184361
"7980","Lamp5","JUND",0.0860242266812746,0.0551835865106959,0.119026340575579,-0.0221336154174397,0.194182068779989,7,0,0,0.476532450517304
"7981","Lamp5","DNAAF5",-0.0398681650897151,0.0574673505528277,0.48783692297773,-0.152502102460195,0.0727657722807652,7,0.00609516074043335,28.6779294795966,0.814603067791341
"7982","Lamp5","DHRS4-AS1",0.0538401054704446,0.0481960837904787,0.263949261817451,-0.0406224829547685,0.148302693895658,7,0,0,0.65404384915092
"7983","Lamp5","HOOK3",0.0265055699956271,0.033250886980949,0.425370462102221,-0.0386649709410447,0.0916761109322989,7,0.00231997110259536,33.2310276974066,0.778189743484087
"7984","Lamp5","DCTN1",-0.0201454853427146,0.0472853918349823,0.670078437263134,-0.112823150334144,0.072532179648715,7,0,0,0.898216865810935
"7985","Lamp5","PHF6",-0.00872984837560186,0.0352020404633313,0.804140070017096,-0.077724579866053,0.0602648831148492,7,0,0,0.945968040265045
"7986","Lamp5","EIF2AK3",0.0177138850771944,0.0315575061365462,0.574578853989129,-0.0441376903923378,0.0795654605467267,7,0,0,0.856247790013208
"7987","Lamp5","RBM11",0.135013528570528,0.0748961052985871,0.0714388679017867,-0.0117801403970227,0.281807197538078,7,0.0123430450508942,34.7112979007794,0.387043884476683
"7988","Lamp5","POLR2C",-0.00201821248647888,0.0486071105052439,0.966880606632746,-0.0972863984693154,0.0932499734963577,7,4.90005066265617e-07,0.00255020963726336,0.99508822501902
"7989","Lamp5","GALNT11",-0.0951708701001349,0.0249931852916217,0.000140167343854752,-0.14415661313065,-0.0461851270696203,7,0,0,0.0251144329005997
"7990","Lamp5","EMC3",-0.120802217674128,0.054783913166482,0.0274493694998608,-0.228176714412602,-0.0134277209356537,7,0.0047871261583068,23.8109567619328,0.258681646846994
"7991","Lamp5","TERF2IP",-0.0215620522264712,0.0561642523860985,0.701044704420566,-0.131641964121842,0.0885178596688996,7,0.00479343883787487,22.7259422340523,0.90763667171782
"7992","Lamp5","HNRNPF",0.0506854459550612,0.0403057099070103,0.208563519431089,-0.0283122938339982,0.129683185744121,7,7.46483769218052e-07,0.00553888669329019,0.597883454574637
"7993","Lamp5","PHACTR3",-0.0203661170010817,0.0284023267779497,0.473338279917806,-0.0760336545630006,0.0353014205608372,7,2.37275247079155e-06,0.0373449250137177,0.806286012689692
"7994","Lamp5","PAK1IP1",-0.107075748677492,0.0502492749818485,0.0330980888005954,-0.205562517891165,-0.00858897946381959,7,0,0,0.283240512106319
"7995","Lamp5","CNTN3",0.0805556363356806,0.0703548035446423,0.252212770936577,-0.0573372447512092,0.21844851742257,7,0,0,0.642479389499415
"7996","Lamp5","ZNF32",-0.0353200115438103,0.0654863418281063,0.589645868781046,-0.163670883006178,0.093030859918557,7,0.00451855153415248,14.918374492356,0.862182550697374
"7997","Lamp5","RIOK2",0.0139426800395094,0.0487758513572434,0.774991394333258,-0.0816562319359669,0.109541592014986,7,0,0,0.934380692089065
"7998","Lamp5","CPSF3",0.000329928916605699,0.0388660425191699,0.993226940278032,-0.0758461146425697,0.0765059724757811,7,3.93319548571849e-08,0.000323922661861924,0.998654866216999
"7999","Lamp5","CC2D1B",-0.09512496898122,0.107864900454251,0.377836335838225,-0.306536289067551,0.116286351105111,7,0.0420894797279184,61.4174929160076,0.748464489124208
"8000","Lamp5","TDP2",0.0252033539412948,0.0327987674882016,0.442235438105948,-0.0390810490728836,0.0894877569554732,7,0,0,0.789483969423664
"8001","Lamp5","TCOF1",5.71037495430907e-05,0.0477990461021067,0.999046797101574,-0.0936273051059556,0.0937415126050418,7,1.24925257569389e-06,0.00654776603736993,0.999773769742565
"8002","Lamp5","PDE4A",0.0218545015459399,0.0392769606999614,0.577923507416731,-0.0551269268481797,0.0988359299400594,7,0.00101376946617936,8.82823437408763,0.85805534803564
"8003","Lamp5","RRBP1",0.0550822403218083,0.049566904221518,0.266451916948135,-0.0420671067775135,0.15223158742113,7,0,0,0.655523116806677
"8004","Lamp5","RC3H1",0.0102221492234428,0.0279261110428984,0.714333209671808,-0.0445120226489042,0.0649563210957899,7,0.000947090787604015,17.5858034526674,0.91414776398771
"8005","Lamp5","NR2C2",-0.022730282276206,0.0268528708998457,0.397287848190227,-0.0753609421214072,0.0299003775689952,7,0.000263935393558504,4.61521148486037,0.761648825987002
"8006","Lamp5","AIDA",0.115955683525879,0.0438465959355657,0.00817931807398971,0.03001793464749,0.201893432404268,7,0,0,0.150328399543524
"8007","Lamp5","ANGEL2",0.0479663019449191,0.0295028993744102,0.103988687529316,-0.00985831826843414,0.105790922158272,6,0,0,0.455085911390479
"8008","Lamp5","MRPL47",0.0380057234233693,0.0600692872195564,0.526930815957361,-0.0797279161039533,0.155739362950692,6,0,0,0.834253797927968
"8009","Lamp5","ITPK1",-0.0060215210060321,0.0398302995138334,0.879834195501322,-0.0840874735465888,0.0720444315345246,7,0,0,0.971342137030011
"8010","Lamp5","TAPT1",0.0363200434200279,0.0324023827950278,0.262327638456162,-0.0271874598715068,0.0998275467115626,7,0,0,0.653170461249013
"8011","Lamp5","DCAF12",-0.0471331809467532,0.0414979268776304,0.256041935480811,-0.128467623059985,0.0342012611664792,7,0,0,0.647027760417143
"8012","Lamp5","MMAB",0.0833465098986222,0.0743213731358889,0.262103198278949,-0.0623207047292827,0.229013724526527,6,0.0100270072069961,32.5867110628809,0.652931243908176
"8013","Lamp5","TMOD1",-0.0143863467488722,0.0323788093414282,0.65681583850879,-0.0778476469203607,0.0490749534226162,7,0.000391932101021726,4.89382445431172,0.892600776711128
"8014","Lamp5","TBC1D2",0.0409994433142103,0.0491250655057821,0.403946818569818,-0.0552839158152936,0.137282802443714,7,0,0,0.766307107118726
"8015","Lamp5","C2orf42",-0.0243175525390685,0.0464351930092682,0.600495575594165,-0.1153288584524,0.0666937533742632,7,0,0,0.867414734693878
"8016","Lamp5","CROCC",0.0511595612246571,0.09485883796057,0.589663941981254,-0.134760344793381,0.237079467242695,7,0.0361374718867023,68.4175105698963,0.862182550697374
"8017","Lamp5","DBI",0.116208871709597,0.0824820008862672,0.158864808905749,-0.0454528794002878,0.277870622819481,6,0,0,0.543050037284519
"8018","Lamp5","PTDSS2",-0.0552502851462736,0.0345968358296781,0.110271259114474,-0.123058837351488,0.0125582670589405,7,0,0,0.46385296790362
"8019","Lamp5","KBTBD2",0.0522938582970192,0.0345340279153723,0.12995725778373,-0.0153915926582113,0.11997930925225,7,0,0,0.496219299436664
"8020","Lamp5","ADAMTS6",-0.25239730306896,0.0950578877787854,0.00792623899947807,-0.438707339561829,-0.06608726657609,7,0.00848144801259425,13.2214058567386,0.148573498737866
"8021","Lamp5","UBL5",0.00858437077605711,0.0840408316577027,0.91864139380734,-0.156132632503834,0.173301374055948,6,0,0,0.98216078937391
"8022","Lamp5","LRRC20",-0.011744882858003,0.0477383749249538,0.805662082700883,-0.105310378391383,0.0818206126753765,7,7.68221170885892e-06,0.0434130347129177,0.946083351042798
"8023","Lamp5","ANXA4",0.135690798474889,0.0778390034918315,0.081294540867634,-0.0168708449615884,0.288252441911366,7,0.0174858786936359,47.8729857078733,0.410905077868147
"8024","Lamp5","TIMM8B",0.0519145807002253,0.0744021329743914,0.485329413400734,-0.0939109203025418,0.197740081702992,6,0,0,0.813348438180967
"8025","Lamp5","TGFBR3",0.141427210860182,0.0533967313399468,0.00808231196396242,0.0367715405417253,0.246082881178639,7,0,0,0.150328399543524
"8026","Lamp5","ZNF124",-0.0877951343345038,0.0930249216420515,0.345281677491946,-0.270120630417585,0.0945303617485777,7,0.0295784558700624,56.5035337124548,0.725061208275009
"8027","Lamp5","TOM1",-0.0247329283964942,0.0385033587990866,0.520640968246465,-0.100198124926527,0.050732268133539,7,0,0,0.830622377169087
"8028","Lamp5","EED",0.00106396046835175,0.0788674129838313,0.989236468523412,-0.153513328533804,0.155641249470508,7,0.0267742728645267,71.9171162260327,0.997914713375916
"8029","Lamp5","PDAP1",0.0339229701638327,0.0474627116990443,0.474776596669005,-0.0591022353749021,0.126948175702567,7,0.000457701027341406,2.58576810097364,0.807430790609305
"8030","Lamp5","RUNDC3A-AS1",-0.201598344237729,0.195726982637976,0.303011079762567,-0.585216181010859,0.182019492535401,5,0.0652141457660694,35.4308999696976,0.692703589672029
"8031","Lamp5","MEX3C",0.00695063236647027,0.0508609293329143,0.891299893779686,-0.0927349573462786,0.106636222079219,7,0,0,0.975663358386813
"8032","Lamp5","CHKB-DT",-0.0640442297865083,0.0509840744040478,0.209057433561352,-0.163971179403552,0.0358827198305357,5,0,0,0.598830622265918
"8033","Lamp5","AHCYL1",0.0231426864150331,0.0528480400033025,0.661451509553938,-0.0804375686449717,0.126722941475038,6,0.007061265985525,47.3323620357071,0.89383037046794
"8034","Lamp5","CIP2A",-0.0376727376123903,0.0531473673122284,0.478426600880095,-0.141839663417479,0.0664941881926988,5,1.86435214094866e-07,0.00111075066622668,0.809837752289462
"8035","Lamp5","MEGF11",-0.0797992100999021,0.057427726728527,0.164662856583459,-0.192355486201823,0.032757066002019,7,0,0,0.551134369404307
"8036","Lamp5","VSTM2L",0.011239039331516,0.0544176152247653,0.836374503877772,-0.0954175266335826,0.117895605296615,7,0.00639694916705944,34.8311168804132,0.958076357328741
"8037","Lamp5","NIT1",-0.0287081453386412,0.0550186616344253,0.601817086048162,-0.13654274061971,0.079126449942428,6,0,0,0.8680338189747
"8038","Lamp5","RBM8A",-0.0297484702875492,0.0554110319672516,0.591358043704374,-0.13835209728956,0.0788551567144615,7,3.40799388903007e-07,0.00136741947143928,0.863156760231449
"8039","Lamp5","POLDIP3",-0.0161986441489164,0.0482907506235462,0.737293280202282,-0.110846776157472,0.0784494878596393,7,0.00335373552996796,21.4948036571946,0.921463278270996
"8040","Lamp5","GSTK1",-0.0775518931530619,0.0546737696941743,0.156060042849673,-0.184710512652681,0.0296067263465572,6,0.00150101295252059,7.73367418698514,0.539210618939872
"8041","Lamp5","SLC35C2",-0.142318240139532,0.0853598904917636,0.0954601341798654,-0.309620551227672,0.0249840709486075,5,0,0,0.439925913162624
"8042","Lamp5","TSPAN31",-0.112890031912586,0.0574530910342904,0.0494248993065769,-0.225496021140296,-0.000284042684876001,7,2.29355821395391e-06,0.00867953903269641,0.332374326718857
"8043","Lamp5","COA4",-0.060655017401947,0.091632658566071,0.508011805769682,-0.240251727999102,0.118941693195208,6,0.0193953472925809,41.5641009086725,0.823771279349101
"8044","Lamp5","PDCD2",-0.000353202437759588,0.0483559899866048,0.994172133252781,-0.0951292012482845,0.0944227963727653,7,0.000507382172398407,2.76309640610041,0.998808560940909
"8045","Lamp5","DUSP12",-0.0252332911292534,0.0484784005050625,0.602711050626638,-0.120249210147284,0.0697826278887775,7,8.88199737796564e-06,0.0447773282898427,0.8686316111174
"8046","Lamp5","SOD1",0.0297901807515261,0.0674907285667193,0.658925875009495,-0.102489216529612,0.162069578032665,6,0.00336511913655239,11.656506649281,0.892964921996311
"8047","Lamp5","HERC4",0.0734992698992974,0.0292864769786988,0.0120845467710406,0.0160988297869863,0.130899710011609,7,0,0,0.178639177793418
"8048","Lamp5","CLTCL1",-0.0598803277279816,0.0705062599794177,0.395719421637245,-0.198070057972258,0.0783094025162948,7,0.0102369256457518,32.3024185961997,0.760604933378185
"8049","Lamp5","CFAP69",0.0755080036837038,0.0407698576897645,0.0640179786451609,-0.00439944904305803,0.155415456410466,7,1.97290290445427e-07,0.00145000797837368,0.370387521343725
"8050","Lamp5","CIAO3",-0.173523526273106,0.105004566940865,0.098425915991805,-0.379328695689426,0.0322816431432136,5,0.028869694626782,61.9298634739964,0.44440007470944
"8051","Lamp5","COG3",-0.0209487815717063,0.0308811488539299,0.497538426432205,-0.0814747211266293,0.0395771579832167,7,0.000383582244817121,5.2883783678687,0.81969352509237
"8052","Lamp5","CHM",0.0237898476964419,0.037004766930748,0.52029805494568,-0.0487381627441229,0.0963178581370068,7,0.00308519509170703,37.0915352372702,0.830407639009127
"8053","Lamp5","DGCR6L",0.0457147082709158,0.0836197962554637,0.584586779874044,-0.11817708078437,0.209606497326202,7,0.00791839906977102,16.2214607639649,0.859593421924713
"8054","Lamp5","PIGQ",-0.0235883588731373,0.0508294897066789,0.642598756196401,-0.123212328050777,0.0760356103045028,7,0.00022150552549364,1.10378593058661,0.886703736972112
"8055","Lamp5","AMBRA1",-0.0692288122303543,0.0296454500441703,0.0195316413441995,-0.127332826622409,-0.0111247978382993,7,0.000990680181707263,16.1010411371127,0.224415510465475
"8056","Lamp5","MED6",0.0034306357074835,0.0340856535180595,0.919830291019875,-0.0633760175774241,0.0702372889923911,7,0,0,0.982309092211961
"8057","Lamp5","FAM200A",-0.0322936713345629,0.0506173095211572,0.523475893869825,-0.131501774990347,0.0669144323212216,7,0,0,0.832258470458554
"8058","Lamp5","ANAPC11",-0.0826353702576085,0.0742809783072515,0.265936062291553,-0.228223412476222,0.0629526719610055,7,0,0,0.654523434645953
"8059","Lamp5","CNOT10",-0.0283014423600513,0.0297311229014656,0.341141106571189,-0.0865733724668578,0.0299704877467552,7,0,0,0.721944168020677
"8060","Lamp5","ATXN3",0.0427443853199531,0.0292113493652723,0.143390759120155,-0.0145088073757976,0.0999975780157039,7,0,0,0.519863907097606
"8061","Lamp5","ATP6V1D",-0.0814852973025768,0.0548271858798005,0.137220760127843,-0.188944607000669,0.0259740123955151,7,0.00486153445940354,24.364382105373,0.509924202636351
"8062","Lamp5","ITGB3BP",0.193438413450803,0.0647714990881103,0.00282214614493801,0.0664886080134382,0.320388218888168,7,0.00664940557902328,23.2807810453327,0.0892122758076725
"8063","Lamp5","SOCS2",-0.074435514102936,0.0577286332240764,0.19725777079407,-0.187581556098848,0.0387105278929761,7,0,0,0.589599871180598
"8064","Lamp5","ADAMTS10",-0.035567717840079,0.03796388898061,0.348818803787408,-0.109975572955152,0.0388401372749936,7,0,0,0.728372018550828
"8065","Lamp5","HLA-B",0.102532644590597,0.175222657671317,0.558442615866428,-0.240897453720575,0.445962742901769,6,0.0851583895528177,50.4925763887541,0.850476296218435
"8066","Lamp5","TCTN1",0.0466097113538493,0.0418313334751869,0.265180685727398,-0.0353781956828018,0.1285976183905,7,0,0,0.654477926053113
"8067","Lamp5","YIPF1",-0.0289235702177304,0.0445469739355993,0.516155800607782,-0.116234034751749,0.0583868943162887,7,3.13324755055889e-06,0.0201386941274924,0.827895098904754
"8068","Lamp5","DDX20",-0.00286087483659989,0.0623477777178915,0.963401308293122,-0.125060273679776,0.119338524006576,7,0,0,0.99419564321202
"8069","Lamp5","CAPN2",-0.0270423469769298,0.0366777056814144,0.460942011289323,-0.0989293291480621,0.0448446351942026,7,0,0,0.799485491699775
"8070","Lamp5","CBX6",-0.0269038028660205,0.0358170142027379,0.452564863061665,-0.0971038607371463,0.0432962550051052,7,0,0,0.7951327390625
"8071","Lamp5","PNKP",-0.0616339145093824,0.0516000002456295,0.232299758993965,-0.162768056593074,0.0395002275743094,7,0,0,0.623315103476142
"8072","Lamp5","TOP2B",-0.0222589673442047,0.0262114081501156,0.395764928893381,-0.073632383302511,0.0291144486141016,7,0,0,0.760604933378185
"8073","Lamp5","CTSL",0.00473999047696505,0.0563821342663472,0.933001560059648,-0.105766962056577,0.115246943010507,7,0,0,0.985315638798959
"8074","Lamp5","BICRAL",0.000261484686376974,0.0414503203439906,0.994966668324195,-0.0809796503354924,0.0815026197082464,5,0.00270968992779157,33.3960865111133,0.998808560940909
"8075","Lamp5","KIF21B",0.0408313061751712,0.043475342197793,0.347636750064965,-0.0443787987480576,0.1260414110984,7,0.000522891183306003,3.60371109449312,0.727197462659946
"8076","Lamp5","ZBTB43",-0.0909460542035828,0.04849083921144,0.0607197597475383,-0.185986352638128,0.00409424423096214,7,0.00723854917259894,53.0058972385825,0.363619232258794
"8077","Lamp5","JAG2",-0.085408933216518,0.0631237383181008,0.176042900950068,-0.209129186889526,0.0383113204564904,7,0.0083974399000024,33.1992623325417,0.567897889169316
"8078","Lamp5","OSGIN2",0.0488785402934056,0.0532485459261664,0.358654506273707,-0.0554866919510076,0.153243772537819,7,0,0,0.734341772748556
"8079","Lamp5","SLC35B3",0.0367110883396731,0.0387982444260613,0.344044095919778,-0.0393320733987888,0.112754250078135,7,0,0,0.72433889877292
"8080","Lamp5","LSM12",-0.10148715329546,0.0634252142984927,0.109574764722151,-0.22579828903224,0.0228239824413211,7,0.0105417718434688,45.4691925108959,0.463734401407849
"8081","Lamp5","KIAA1143",-0.00129435924128825,0.0699554026406518,0.985237875956923,-0.138404428940964,0.135815710458387,7,0.00731836235960786,22.5616756346362,0.997296915565468
"8082","Lamp5","B3GAT1",-0.0958638529213487,0.0323064927470301,0.00300403559588865,-0.159183415172332,-0.0325442906703652,7,6.86620681729523e-06,0.0837520711152534,0.0913526314669418
"8083","Lamp5","CPSF7",0.0141753004321143,0.0292366756486017,0.627785221164228,-0.0431275308668243,0.0714781317310529,7,0,0,0.881908077047223
"8084","Lamp5","TMEM267",0.0751853929044656,0.0401927584771659,0.0613977185396635,-0.00359096615009646,0.153961751959028,7,0,0,0.365645669664763
"8085","Lamp5","AKNA",0.0212323960387506,0.0467083597744372,0.649415895791659,-0.0703143068960857,0.112779098973587,7,0,0,0.889181043619013
"8086","Lamp5","CHCHD1",0.0106139871673146,0.0735113435796717,0.8851959042958,-0.133465598703992,0.154693573038621,6,0,0,0.973699210768347
"8087","Lamp5","PRSS23",0.0495266359003118,0.0648572124700652,0.445090314502911,-0.0775911646786781,0.176644436479302,7,0,0,0.790089813142394
"8088","Lamp5","DRAIC",0.129002147126067,0.0566520194507551,0.0227804300265312,0.0179662293511246,0.24003806490101,7,0,0,0.239054761153202
"8089","Lamp5","PLD3",-0.0438811952282409,0.0268444346453692,0.102122907418079,-0.0964953203185037,0.00873292986202187,7,0,0,0.452999944292582
"8090","Lamp5","ARHGAP33",-0.0882704537743001,0.0449040505679684,0.0493266818005764,-0.176280775647484,-0.000260131901116636,7,0,0,0.332354136230313
"8091","Lamp5","ATF6B",-0.0509013271070331,0.0408515961584325,0.212762253687079,-0.130968984288536,0.0291663300744694,7,0,0,0.602909076634875
"8092","Lamp5","RAD52",-0.0163188908176011,0.0389345229287468,0.675116167408967,-0.0926291535131937,0.0599913718779915,7,0.00164786641166295,15.3859829692091,0.899979293952049
"8093","Lamp5","ATP13A4",0.117018165581453,0.073215930606787,0.109984905758513,-0.0264824215024334,0.260518752665339,7,0.013764860576117,43.3103082432633,0.463734401407849
"8094","Lamp5","ATIC",-0.0217474333016968,0.0415120720703373,0.600360515198664,-0.103109599483189,0.0596147328797955,7,0.00054882286643906,4.04607023539094,0.867414734693878
"8095","Lamp5","SMC2",-0.0777654184408565,0.0682626376044509,0.254615947937009,-0.21155772963529,0.0560268927535768,7,0.00550510160670965,17.00124540757,0.645664147875042
"8096","Lamp5","ZNF461",0.020623324322857,0.0367033155811906,0.574189141926194,-0.0513138523294843,0.0925605009751984,7,1.69330620706598e-06,0.0155734302859107,0.856247790013208
"8097","Lamp5","KMT2B",-0.0351428671314429,0.0446365859767652,0.43109993697298,-0.122628968038728,0.0523432337758424,7,0,0,0.782421831476114
"8098","Lamp5","RSF1",0.0191863848719889,0.0240148944937829,0.424327013028125,-0.0278819434283549,0.0662547131723326,7,0.000198075372499711,4.42921972183907,0.778050998360332
"8099","Lamp5","TRPM7",0.0313770793865387,0.0269988225015602,0.245168556399116,-0.0215396403415089,0.0842937991145864,7,0,0,0.636602338199387
"8100","Lamp5","MRPS34",-0.0238120653723878,0.0837552946926257,0.776176505468994,-0.187969426484473,0.140345295739697,6,0.00742559224468726,17.549792504741,0.934584658568636
"8101","Lamp5","VPS9D1",-0.125648303938522,0.0398857761984939,0.00163156882500843,-0.203822988782995,-0.0474736190940495,7,0,0,0.0709709000283925
"8102","Lamp5","ILK",0.00369985980554697,0.0797347825487638,0.962989778231043,-0.152577442305163,0.159977161916257,7,0.0204653820951809,53.250863182535,0.994163912108515
"8103","Lamp5","LACTB",-0.0153665219180211,0.0445522982945966,0.73016222296429,-0.102687422003916,0.0719543781678735,6,0,0,0.91930803926833
"8104","Lamp5","ALDH3A2",0.0457517784455252,0.039350222141723,0.244958717872547,-0.0313732397359025,0.122876796626953,6,0,0,0.636602338199387
"8105","Lamp5","FAAH2",0.0840290662960463,0.0519931390551685,0.106060411843531,-0.0178756136952669,0.185933746287359,7,0.00507758528420856,28.862090288175,0.459697846575712
"8106","Lamp5","COMMD6",-0.043369602034325,0.0853477959891826,0.611347170755565,-0.210648208332995,0.123909004264345,7,0.0221017563037902,49.0347557322408,0.874121429918725
"8107","Lamp5","NDUFS7",-0.0166827563531361,0.0512528644218612,0.744803435844423,-0.117136524724498,0.0837710120182261,6,0.00187112230307456,11.3495853968637,0.923833556845838
"8108","Lamp5","TMEM50A",0.0554794760065449,0.0465835920181999,0.233666917854646,-0.0358226866196344,0.146781638632724,7,0.00297445848079079,20.2220130148096,0.62375506040708
"8109","Lamp5","RABL3",0.0502256161298543,0.0450146122700709,0.264523811375879,-0.0380014026975193,0.138452634957228,7,0,0,0.654477926053113
"8110","Lamp5","JAKMIP2-AS1",-0.0645381868875701,0.126810317982437,0.610797909258163,-0.313081843001218,0.184005469226078,7,0.0420204361530832,43.6802090037005,0.873984231021463
"8111","Lamp5","PRSS12",0.0725155475169781,0.0457327170915528,0.11282138416944,-0.0171189308976247,0.162150025931581,7,0,0,0.468309218452526
"8112","Lamp5","FAM66B",-0.0232677002488269,0.0678496178508863,0.731650780507114,-0.15625050760137,0.109715107103716,7,0.00320574853410252,9.59470392720038,0.919666801398003
"8113","Lamp5","AHSA1",0.116866486645696,0.113812124939567,0.30449728278626,-0.106201179239829,0.339934152531221,7,0.0514161701006565,65.2858009906867,0.694164386896801
"8114","Lamp5","SLC16A2",0.0170874660874545,0.0346428927094176,0.621838822933762,-0.0508113559432892,0.0849862881181981,7,6.14379920768467e-06,0.0654738928237914,0.878021400850895
"8115","Lamp5","MDH1",-0.0088896247585643,0.0446920644342692,0.842334438306568,-0.0964844614444754,0.0787052119273468,7,0.00205799282281859,14.5291087755998,0.958821007634427
"8116","Lamp5","PI4K2B",0.0915686822995065,0.053991780730052,0.0898907129656148,-0.0142532633925792,0.197390627991592,5,0,0,0.428800572938088
"8117","Lamp5","SNRPE",-0.0809903342203255,0.0684558125142855,0.236767998700777,-0.215161261280751,0.0531805928401003,7,0,0,0.626694287831646
"8118","Lamp5","ZNF606",-0.0433386985308406,0.039991283085347,0.278496226925927,-0.121720173073667,0.0350427760119853,7,0,0,0.668106652398611
"8119","Lamp5","ATP2B3",-0.0644987346706632,0.0329325191802561,0.0501699619763858,-0.12904528618414,4.78168428133668e-05,7,0,0,0.334379106357185
"8120","Lamp5","FLYWCH2",-0.110839029272338,0.0549743908163841,0.0437797081348993,-0.21858685534448,-0.00309120320019599,7,0.00428544645806678,20.8374087905749,0.315969541089475
"8121","Lamp5","FNBP4",-0.070196680330895,0.0312437944757873,0.0246566533468568,-0.13143339224381,-0.00895996841798044,7,0,0,0.248538938892164
"8122","Lamp5","RFXAP",0.0190957566502885,0.0375607235438798,0.611175003249531,-0.0545219087289815,0.0927134220295585,7,0,0,0.874121429918725
"8123","Lamp5","SCG5",-0.0697205129628178,0.0429008449981642,0.104129584739248,-0.153804624065555,0.0143635981399194,7,5.32889213253211e-06,0.034629838641611,0.455085911390479
"8124","Lamp5","MORN4",-0.0907209338350137,0.0365671026752777,0.0131034958951942,-0.162391138097536,-0.0190507295724912,7,0,0,0.185230150603579
"8125","Lamp5","POLG",0.0120564488574269,0.0434422020940628,0.781374330871851,-0.0730887026560467,0.0972016003709005,6,0,0,0.937122277643741
"8126","Lamp5","SZT2",-0.0986693556517269,0.0467366635982557,0.0347571259714839,-0.190271533061872,-0.00706717824158148,7,0.00290511590850896,19.4758324640281,0.287703178241735
"8127","Lamp5","TRMT9B",-0.0636540699037765,0.0331195466411005,0.0546122119748512,-0.128567188504628,0.00125904869707504,5,0,0,0.34837800237059
"8128","Lamp5","RBM4",-0.0877552694600671,0.0614964948009596,0.153580966205928,-0.208286184445403,0.0327756455252683,7,0.00870703339853553,37.1338047610798,0.534548854615639
"8129","Lamp5","SYT16",0.0211872208343198,0.0233561346952184,0.364334198373037,-0.0245899619863747,0.0669644036550143,7,0,0,0.737658430833555
"8130","Lamp5","GABPB1",-0.00218921404515677,0.0476470744281655,0.963352929455034,-0.0955757638930606,0.0911973358027471,7,0,0,0.99419564321202
"8131","Lamp5","RPRD1A",0.00492047466448242,0.0312928096189445,0.875055874172763,-0.0564123051637173,0.0662532544926821,7,0.00140876762365981,21.3246635819544,0.969866439669418
"8132","Lamp5","LIMK2",-0.0174284778005762,0.0438913181964067,0.691306566500728,-0.103453880699521,0.0685969250983685,7,4.81623612884957e-07,0.00309194146381465,0.904801979217278
"8133","Lamp5","NEB",0.000931696174757207,0.0518108987837724,0.985652711163296,-0.100615799448087,0.102479191797601,7,0,0,0.997296915565468
"8134","Lamp5","ZMPSTE24",-0.103463619001536,0.0502407043974161,0.0394599132485213,-0.201933590178394,-0.0049936478246769,7,0,0,0.305042729501659
"8135","Lamp5","LINC01535",-0.0154492816113856,0.0580173632025028,0.790018024776581,-0.129161223966271,0.0982626607434994,7,0,0,0.939988613899426
"8136","Lamp5","UBAC1",-0.0991557798009584,0.0446477487082762,0.0263613851352305,-0.186663759259974,-0.0116478003419424,7,0.000889969170076574,5.86323132599075,0.253209266397768
"8137","Lamp5","TSPAN13",0.00526383540801526,0.0310707494756764,0.865470621007009,-0.0556337145369773,0.0661613853530079,7,5.78816797097485e-07,0.00733705287010106,0.96694349370542
"8138","Lamp5","IVNS1ABP",0.0242667731879158,0.0400007811996284,0.544078244530697,-0.0541333173168227,0.102666863692654,7,0,0,0.843046349616818
"8139","Lamp5","RHOBTB2",-0.079928077359604,0.0774079416475623,0.301811469502928,-0.231644855106204,0.0717887003869961,7,0.0218160731149715,61.5825529104759,0.691507356040825
"8140","Lamp5","WDR41",0.0127991221752193,0.0288415825275486,0.657206546232475,-0.0437293408359157,0.0693275851863543,7,3.82654189226874e-06,0.0575108273093951,0.892722976646316
"8141","Lamp5","IMPA1",0.00882701553438637,0.0454071882307029,0.845865135951515,-0.0801694380370223,0.097823469105795,7,0,0,0.959421815061179
"8142","Lamp5","MXRA7",-0.0134794433415594,0.0388118243124217,0.728364078076648,-0.0895492211682018,0.0625903344850831,7,1.29449127343057e-06,0.0106688611084656,0.918829747860616
"8143","Lamp5","PSMC4",-0.100416646944207,0.0518788657471921,0.0529169126141779,-0.202097355367492,0.00126406147907822,7,0,0,0.341371320161645
"8144","Lamp5","RAB11FIP1",0.0093574811313511,0.0395783605274866,0.813099620150519,-0.0682146800696643,0.0869296423323665,7,0,0,0.948815753829332
"8145","Lamp5","NIPSNAP3A",-0.0822835568240159,0.053666230961622,0.125215149222181,-0.187467436694803,0.0229003230467715,6,0,0,0.487679201378678
"8146","Lamp5","EIF5",0.0326041555007029,0.0439263476549393,0.457938307418313,-0.0534899038753636,0.118698214876769,7,0,0,0.798390285902103
"8147","Lamp5","UBOX5",-0.108276532286363,0.0495388428256993,0.028838324168875,-0.205370880060524,-0.011182184512202,7,0,0,0.265227822244642
"8148","Lamp5","ATOX1",0.00698415512048722,0.0607441531266236,0.90846368355558,-0.112072197279081,0.126040507520056,7,0,0,0.979767074450202
"8149","Lamp5","KLRD1",0.200148942047055,0.0877266792497602,0.0225185241089676,0.0282078102342275,0.372090073859882,7,0.00378129560126421,6.60236577980102,0.236647860623301
"8150","Lamp5","HOPX",-0.0497936137043265,0.0800802953209597,0.534075964354404,-0.206748108404739,0.107160880996086,5,0,0,0.837970933838141
"8151","Lamp5","MAGED2",-0.127004608088588,0.0931852941473525,0.172906009904256,-0.30964442850617,0.0556352123289939,7,0.0222189334604435,43.7773743611262,0.563121724522057
"8152","Lamp5","ZNF354B",-0.0365274368520188,0.0439506867226703,0.405916868342626,-0.122669199924255,0.0496143262202177,7,1.99404655246127e-06,0.012672106944693,0.767306534468615
"8153","Lamp5","ZBED3",-0.0534215542581666,0.0663305014628306,0.420597863824232,-0.183426948201796,0.0765838396854627,7,0.0103923088130545,38.1941190024154,0.775619048767521
"8154","Lamp5","ZNF804A",0.0648888352094585,0.177184734100038,0.714199900851806,-0.282386862236923,0.41216453265584,7,0.177508608430003,84.6350140259438,0.91414776398771
"8155","Lamp5","TPST2",0.035362965546955,0.0841297195502492,0.674238141342012,-0.129528254800989,0.200254185894899,7,0.0228974397689369,54.2244036489832,0.899711440784326
"8156","Lamp5","RERG",0.0811136545436923,0.0493640766600423,0.100347410139548,-0.0156381578400648,0.177865466927449,7,0.00361786049476788,21.9553007793044,0.44861857116219
"8157","Lamp5","MRNIP",-0.0365100668141934,0.0362120220517218,0.313343796221734,-0.107484325842938,0.0344641922145516,5,3.14462325910519e-06,0.0417193624438534,0.698925605264866
"8158","Lamp5","ZNF318",0.0107550908199739,0.0410480408055037,0.793311973656001,-0.0696975907947439,0.0912077724346917,7,0.00362505954376207,34.8695523450674,0.941379032839067
"8159","Lamp5","RBM26",-0.0132011880651266,0.0303845146272093,0.663946506437135,-0.0727537424221873,0.0463513662919341,7,0.000805913220734088,12.0269920287321,0.895353753120906
"8160","Lamp5","SNRNP48",0.113214808856243,0.0523850442526935,0.0306795231437932,0.0105420087924273,0.21588760892006,7,0.00365569334452482,19.539835655176,0.27177512390861
"8161","Lamp5","TEX10",-0.031391531857913,0.0700001695784358,0.653828919079354,-0.168589343143344,0.105806279427518,7,0.0184630249651456,65.9957662696778,0.891077090670597
"8162","Lamp5","ITGAE",-0.200150911484365,0.0629143395151182,0.00146603464036942,-0.323460751045122,-0.0768410719236084,7,0.00582056555268276,21.9368805809895,0.0679546831944881
"8163","Lamp5","PLCXD3",0.209165483273743,0.0830040294400049,0.0117373597286448,0.0464805749996312,0.371850391547855,7,0.0190565228968887,43.8995362790402,0.175873022678725
"8164","Lamp5","PSPC1",-0.0230602591967902,0.0359362063207095,0.521068068736679,-0.0934939293263816,0.0473734109328011,7,0.00227616872083003,26.6939345273735,0.831034998252768
"8165","Lamp5","TSR2",0.00663054777455171,0.0597994777904245,0.911711748460108,-0.110574274988983,0.123835370538087,7,0,0,0.980489742157131
"8166","Lamp5","THRA",0.0643069535592095,0.0397208140684171,0.105452920652333,-0.0135444114514998,0.142158318569919,7,0,0,0.458549643765861
"8167","Lamp5","YLPM1",0.0217489330831284,0.0243501058392331,0.371762863571828,-0.025976397381507,0.0694742635477637,7,0,0,0.744075686335789
"8168","Lamp5","RNASEH2C",-0.0406595685888295,0.0586097445883029,0.487849081990265,-0.155532557124995,0.0742134199473356,7,0,0,0.814603067791341
"8169","Lamp5","KRCC1",0.063957878848961,0.0486575044464163,0.188694660774301,-0.0314090774436126,0.159324835141535,7,0.00124503201174868,7.04718720072761,0.581843523353199
"8170","Lamp5","TSHZ3",0.0126411170999643,0.0701214507264467,0.856936988310113,-0.124794400867571,0.1500766350675,7,0,0,0.963462311858031
"8171","Lamp5","MTMR2",-0.000779247102656263,0.0290916494912391,0.97863046950957,-0.0577978323563478,0.0562393381510353,7,0,0,0.997093441046833
"8172","Lamp5","TRMT10C",0.0209538915690577,0.0887822185659364,0.813421412965283,-0.153056059287741,0.194963842425856,6,0.0112869546349765,24.2431297320312,0.948840504171613
"8173","Lamp5","USP40",0.00950135072736378,0.0499803692501545,0.849229476122019,-0.0884583729369523,0.10746107439168,7,0,0,0.960210404787944
"8174","Lamp5","UNK",-0.0455868792221983,0.0554817368206031,0.411272941059571,-0.15432908519031,0.0631553267459136,7,0.00886193533415556,47.7996296197912,0.770723852721724
"8175","Lamp5","ZFHX3",0.0215997586008153,0.0521312777654845,0.678629548518207,-0.0805756682875881,0.123775185489219,7,7.24962901028061e-07,0.00314976209152459,0.901546804544369
"8176","Lamp5","TMEM14A",-0.0317452249962225,0.046011659615058,0.490232732338081,-0.121926420710652,0.0584359707182072,7,0,0,0.815791614056955
"8177","Lamp5","CCDC152",0.117815337268302,0.0539554119316648,0.0289939712022956,0.0120646731112161,0.223566001425388,7,0,0,0.265227822244642
"8178","Lamp5","WDR35",0.008821836463744,0.0414998090914542,0.831658199453641,-0.0725162947207941,0.0901599676482821,7,0,0,0.955974777881874
"8179","Lamp5","ATP6AP2",-0.0152095900797699,0.0464623629924773,0.743400972748522,-0.106274148181652,0.0758549680221122,7,0,0,0.923731562184063
"8180","Lamp5","SMU1",-0.025799608422681,0.0303366874219725,0.395079113511613,-0.0852584231799965,0.0336592063346344,7,0,0,0.759850614101863
"8181","Lamp5","DRG1",-0.059182076871603,0.0383245743431844,0.122531868892723,-0.134296862307072,0.0159327085638662,7,0,0,0.483792114801566
"8182","Lamp5","CIAO2A",0.0182561329836913,0.0489220847506156,0.709023769150449,-0.0776293911761315,0.114141657143514,5,0,0,0.912274097920567
"8183","Lamp5","KDM5A",0.0583737106653244,0.0293446071808139,0.046673800384539,0.000859337450453752,0.115888083880195,7,0,0,0.324707375682782
"8184","Lamp5","PRELID1",0.00545653432883646,0.107923501731608,0.959676712731987,-0.206069642150561,0.216982710808234,6,0.0187329295521559,27.7006167104483,0.993918230498124
"8185","Lamp5","FSIP2",0.0511549615830135,0.0970520355538944,0.598132491959965,-0.13906353272892,0.241373455894947,7,2.36235968237547e-06,0.00319487171445489,0.866478626103989
"8186","Lamp5","C17orf75",-0.0729528656238865,0.0380133482071186,0.0549668562392488,-0.147457659041619,0.00155192779384616,7,0,0,0.34837800237059
"8187","Lamp5","SCRN1",0.00331499114233778,0.0362170451045258,0.927070482404803,-0.0676691128889954,0.074299095173671,7,0.00164663216199077,18.2592699432189,0.983835691784571
"8188","Lamp5","NUP205",0.00912496034641416,0.0375241364427944,0.807869245109216,-0.0644209956324298,0.0826709163252581,7,0.000813783695380961,7.74652408943861,0.947362141179829
"8189","Lamp5","LRP1",-0.0047151543609211,0.0295566183880229,0.873251670098133,-0.0626450619062403,0.0532147531843981,7,0.000520430563933604,7.92568738694016,0.968848383217698
"8190","Lamp5","RAB39B",0.0283189009774885,0.0594941178232756,0.634077959625194,-0.0882874272481141,0.144925229203091,7,0,0,0.883174740176764
"8191","Lamp5","NUP210L",0.0640759643568889,0.0843116662172995,0.447260979589747,-0.10117186490558,0.229323793619358,7,0,0,0.791327151639119
"8192","Lamp5","SSR4",-0.0919848914291779,0.100870356942197,0.361815031041646,-0.289687158143584,0.105717375285228,6,0.00762907330001658,11.8570142413932,0.736264102753927
"8193","Lamp5","PRH1",0.0279089230448597,0.0454562143979018,0.539232664438772,-0.0611836200485588,0.117001466138278,7,0.00229700688369161,15.8856800556546,0.839382175581193
"8194","Lamp5","TRIB2",-0.221407431127194,0.0668490177748765,0.000926142893360896,-0.35242909836783,-0.0903857638865579,7,3.38209977419241e-06,0.0093566219950545,0.054585113815654
"8195","Lamp5","CCNC",-0.00648364938516471,0.0309364886877042,0.833995993105585,-0.0671180530211957,0.0541507542508663,7,0,0,0.957174479995172
"8196","Lamp5","CRK",-0.000947938041069095,0.042604689176383,0.982248838270759,-0.0844515943993033,0.0825557183171651,7,0.00282833175114076,23.3968027716047,0.997296915565468
"8197","Lamp5","C1QBP",-0.0276621570591568,0.0704721283281414,0.694669453298996,-0.165784990496199,0.110460676377885,6,0,0,0.90604776878642
"8198","Lamp5","IPPK",0.00829021225018093,0.0352201476163092,0.813911738533452,-0.0607400086079694,0.0773204331083312,7,0,0,0.948913065478652
"8199","Lamp5","LMNB1",0.0522038500440873,0.0404320883723926,0.196652019383847,-0.0270415869855429,0.131449287073717,7,2.1340155662542e-06,0.0158016981328402,0.58897107433294
"8200","Lamp5","ALKBH3",0.00119117336426526,0.0458360962770227,0.979267172695255,-0.0886459245306097,0.0910282712591402,7,0.0024567384715123,16.7487869477036,0.997093441046833
"8201","Lamp5","NBR2",-0.0981182279178902,0.0500427357555061,0.0499153447737444,-0.196200187686537,-3.62681492435679e-05,5,0.000807700065159267,5.69078630404903,0.334019145012744
"8202","Lamp5","FCHO1",-0.0985184001860297,0.0413625532428749,0.0172270403153136,-0.179587514850685,-0.0174492855213744,7,3.65390002540861e-06,0.0260579354885238,0.209881746314556
"8203","Lamp5","PACS2",-0.0337588617533814,0.035693324137683,0.344248950754153,-0.103716491551754,0.0361987680449915,7,0.00141212561424007,15.8106526371952,0.72433889877292
"8204","Lamp5","CDKL1",0.170247392316652,0.0521870164145155,0.00110529391668416,0.0679627196836008,0.272532064949703,7,0.00493978651038571,27.6713494946938,0.0582299997780876
"8205","Lamp5","BAD",-0.0505119324322999,0.0946480454142999,0.593561752924008,-0.236018692651439,0.134994827786839,6,0.0249485442178347,52.2715100936212,0.864812374088167
"8206","Lamp5","ZNF567",-0.0491364661354272,0.0600493019457002,0.413203756457305,-0.16683093524577,0.0685580029749161,7,0.00810812204879483,36.2940137130766,0.771625852727355
"8207","Lamp5","HMGXB3",-0.0406074026811222,0.0356838356281659,0.255129870398601,-0.110546435342575,0.0293316299803302,7,0,0,0.646008494621399
"8208","Lamp5","JCAD",-0.206273908438391,0.0621197391865959,0.000898288229241304,-0.32802635997314,-0.0845214569036413,5,0.00515170964432432,27.7506947275122,0.054585113815654
"8209","Lamp5","TLE5",0.0110626522976131,0.0440159666769902,0.801556885758334,-0.0752070571340029,0.0973323617292291,5,2.03113474158298e-06,0.0171706110221159,0.944777220588441
"8210","Lamp5","UFC1",-0.0203573993278429,0.108559849048081,0.851251092208601,-0.233130793629186,0.1924159949735,6,0.0240277910102364,37.0594301224375,0.960750454107461
"8211","Lamp5","CAMK2B",0.0101887123910332,0.0259866051338955,0.695002395558325,-0.0407440977518657,0.061121522533932,7,0,0,0.906185526437201
"8212","Lamp5","LBH",-0.203382337216954,0.11244165052651,0.0704850108970915,-0.423763922611153,0.0169992481772452,7,0.0256032441055026,31.77952226763,0.385313666944408
"8213","Lamp5","USO1",0.0311219192593143,0.031915924219341,0.329499756273149,-0.0314321427439036,0.0936759812625323,7,0.00130706409607907,18.7986528311897,0.711664725531982
"8214","Lamp5","FRG1",-0.0178918346057572,0.0677123291977066,0.791600353074643,-0.150605561142582,0.114821891931068,7,0.0101555457828969,35.4589768957565,0.940654672338996
"8215","Lamp5","HYLS1",-0.00455244548638967,0.0534639589758888,0.932142298284099,-0.109339879550059,0.100234988577279,7,5.05495736728595e-06,0.0215975300531032,0.984934594908954
"8216","Lamp5","ZNF786",-0.159731698987627,0.0803730864584323,0.0468805304372535,-0.317260053772478,-0.00220334420277574,7,0.0212407866699628,55.5134484168059,0.325218524035821
"8217","Lamp5","CCNJL",-0.112873668801563,0.0649831066563528,0.08239256945206,-0.24023821745154,0.0144908798484134,7,0.0120467547685121,45.7775968526632,0.413390309358299
"8218","Lamp5","SLC25A42",0.025661048450303,0.0419554928061869,0.540785575636491,-0.0565702064034528,0.107892303304059,6,0.0016673800627039,15.4734515578077,0.840494877053987
"8219","Lamp5","MVB12B",-0.0579074041793568,0.0383809694599213,0.131361906651077,-0.133132722012534,0.0173179136538206,7,0.00166104382844671,16.1370523922106,0.499350617177443
"8220","Lamp5","CA1",0.158259112560484,0.0992619235200647,0.110855714369783,-0.0362906825750116,0.352808907695981,7,6.84566850805727e-06,0.00844680212453046,0.464802131967571
"8221","Lamp5","PHLPP1",-0.013557717417659,0.0466715831955764,0.771439937785936,-0.105032339582453,0.0779169047471355,7,0.00529356310744816,38.6731655491877,0.93284445313334
"8222","Lamp5","C6orf120",-0.0573446767878143,0.075233464171844,0.4459269208905,-0.204799556996813,0.0901102034211846,7,0.00415971085613453,10.082426412513,0.790240777561324
"8223","Lamp5","GRK2",-0.0149409616111798,0.0417850497260129,0.720667257160815,-0.0968381541663803,0.0669562309440208,7,0,0,0.915387356767999
"8224","Lamp5","B4GALT4",-0.0374121865000856,0.0533969165085634,0.483525710873323,-0.142068219742362,0.067243846742191,7,0.00489700640741744,26.1441615616767,0.812496136694637
"8225","Lamp5","NCR3LG1",0.0765345811263617,0.0470420189045145,0.103749665900235,-0.0156660816865391,0.168735243939263,7,0,0,0.455085911390479
"8226","Lamp5","ZNF692",0.0201593986237335,0.0588418976079342,0.731897298580834,-0.0951686014698111,0.135487398717278,7,0.00587282582350479,26.3090325516422,0.919666801398003
"8227","Lamp5","CYCS",0.000674985655422889,0.0737081473566746,0.992693438577755,-0.143790328530831,0.145140299841676,6,0.00570691423123898,17.3567941058889,0.998654866216999
"8228","Lamp5","CRPPA",0.0362695805563431,0.0525885438714487,0.490391694689866,-0.066802071431101,0.139341232543787,5,0.00368830053798855,27.4562769744415,0.815886794212035
"8229","Lamp5","KLHL2",0.0307221678477368,0.0578925765920055,0.595643716622536,-0.0827451972448206,0.144189532940294,7,0.00862756238742765,42.5192881274145,0.865749755049829
"8230","Lamp5","FMNL3",-0.00202287514635008,0.0448562994951499,0.964030159535525,-0.089939606636586,0.0858938563438859,7,8.89563317929255e-06,0.0558391923773919,0.99419564321202
"8231","Lamp5","NOL11",-0.0246103516137839,0.0596226797391882,0.679776385467181,-0.141468656564359,0.092247953336791,7,0.00593788218453473,25.6434032038889,0.901733822525915
"8232","Lamp5","CCN3",-0.238484199154212,0.120210938766551,0.0472691058777994,-0.474093309684402,-0.00287508862402178,5,0.0222078260087032,33.2690513744576,0.32561125336563
"8233","Lamp5","ZBTB11",-0.0150109829611454,0.038873664813145,0.699387157033597,-0.0912019659419915,0.0611800000197008,7,0.00167279380158128,15.8525764863618,0.907056827997482
"8234","Lamp5","BECN1",-0.023108300966692,0.041017671212881,0.573180047575091,-0.103501459273644,0.0572848573402601,7,0,0,0.856052469288915
"8235","Lamp5","DDRGK1",-0.199906906442178,0.0808568109884336,0.0134225383873585,-0.358383343884271,-0.0414304690000861,7,0.0125550128358316,30.9227086979593,0.185787195109282
"8236","Lamp5","ZNF583",-0.0188577938759601,0.0381693040214652,0.621266257058665,-0.0936682550729918,0.0559526673210715,7,0,0,0.877906554196452
"8237","Lamp5","FKBP15",0.0410025686199849,0.0303913327169576,0.177287712298333,-0.0185633489474259,0.100568486187396,7,0,0,0.569788699644119
"8238","Lamp5","ZNF385D-AS2",-0.0103497514951441,0.200437167473627,0.958818821533307,-0.403199380906676,0.382499877916388,6,0.0779184046836166,35.3672272095534,0.993384495552569
"8239","Lamp5","PIGT",0.0140056402272653,0.049113379312843,0.775514248565393,-0.0822548143849616,0.110266094839492,7,0,0,0.934584658568636
"8240","Lamp5","SLC6A6",-0.0779712684711201,0.0446708897600505,0.0809047622939242,-0.165524603558178,0.0095820666159379,7,0,0,0.410148390111505
"8241","Lamp5","EIF3A",-0.0825537226584489,0.0299288347538308,0.00580968029251745,-0.141213160875208,-0.0238942844416898,7,7.69246956852601e-06,0.104806896593845,0.129038690598033
"8242","Lamp5","ZNF444",0.018056181793638,0.0434020912326148,0.677394629886418,-0.0670103538760086,0.103122717463285,7,0,0,0.901304540085309
"8243","Lamp5","RGS8",-0.209587780294592,0.0585713369521198,0.000345791973390746,-0.324385491247107,-0.0947900693420772,7,2.00144320354108e-06,0.00730921768355336,0.0372551910790984
"8244","Lamp5","GADD45GIP1",0.00564858789070635,0.0823826537935227,0.945335674065189,-0.15581844649543,0.167115622276843,6,0.00150317409815505,3.44052121543349,0.988482060518107
"8245","Lamp5","MFAP3",0.0798051523392149,0.0338302636925172,0.018324897583084,0.0134990539143882,0.146111250764042,7,0,0,0.216608864498893
"8246","Lamp5","GATD1",-0.109926017267824,0.0519059857318243,0.0341927917417444,-0.211659879884249,-0.00819215465139823,5,0,0,0.287321358732995
"8247","Lamp5","DYNC1LI2",-0.0159825746346364,0.0255918385401489,0.532287175516778,-0.0661416564714923,0.0341765072022195,7,0,0,0.836921158559709
"8248","Lamp5","MBOAT2",0.109589911274044,0.0413465392272116,0.00803674963029012,0.0285521835033363,0.190627639044751,7,0.00431577969941053,40.7538339943032,0.149939920169485
"8249","Lamp5","ZYG11B",0.00430504545221892,0.0255153023038302,0.866013691245765,-0.0457040281179402,0.0543141190223781,7,0,0,0.966974913429347
"8250","Lamp5","NDUFA5",-0.0186456037944796,0.0518975373908868,0.719387702011181,-0.120362907966938,0.0830717003779793,6,0.00393070353180164,25.2053770721605,0.915104576999517
"8251","Lamp5","BTBD7",-0.00720573665583174,0.0263671728375314,0.784634616362383,-0.0588844457915361,0.0444729724798726,7,0,0,0.938006965913192
"8252","Lamp5","OPA3",-0.118948159904109,0.0734813246290856,0.105500285888811,-0.262968909713413,0.0250725899051944,6,0.012881378469484,43.82199849937,0.458549643765861
"8253","Lamp5","MCM3AP",-0.0600199571685393,0.0309965025145333,0.0528253245654784,-0.12077198574373,0.000732071406651248,7,0,0,0.341371320161645
"8254","Lamp5","PHKG2",-0.0815543243390059,0.0489996081358152,0.0960350610591608,-0.177591791541779,0.0144831428637676,7,0.000857491715114599,4.65084777066549,0.441009629371465
"8255","Lamp5","JADE1",0.0603442988981653,0.0360955584485065,0.0945651642909783,-0.0104016956627678,0.131090293459098,7,0,0,0.437656656252248
"8256","Lamp5","NSMF",-0.0919152484866943,0.0387544146246773,0.017704725837889,-0.167872505392994,-0.0159579915803945,7,0,0,0.213290410314327
"8257","Lamp5","NDC1",0.0555243207411193,0.0417276072673707,0.183308303581731,-0.0262602866639591,0.137308928146198,7,0,0,0.575973257025563
"8258","Lamp5","NBPF3",0.0520185566754834,0.0434062427493216,0.230756712488902,-0.0330561158173898,0.137093229168357,7,0,0,0.622173557622513
"8259","Lamp5","SNAI3-AS1",0.161322568726477,0.0615327853359707,0.00874837937084298,0.04072052559954,0.281924611853414,7,2.73926505833932e-07,0.000879677941243487,0.154766078248389
"8260","Lamp5","DCTN6",-0.098946996318942,0.079170959796295,0.211376627815583,-0.254119226141149,0.0562252335032649,7,0.0109757139409065,26.5274403785187,0.601592358469601
"8261","Lamp5","PIGF",0.106172649135206,0.0373965006857178,0.00452400512726706,0.0328768546433717,0.17946844362704,7,5.31152858658126e-06,0.0460164048892282,0.115357307712125
"8262","Lamp5","NDUFV3",-0.0435486017164511,0.0387166193568151,0.260672171356862,-0.119431781258955,0.0323345778260529,6,0.00113195940225895,12.1672997465727,0.651489759092311
"8263","Lamp5","MXD4",-0.110242621013569,0.0355417142643987,0.00192360080706378,-0.179903100920604,-0.0405821411065338,7,9.10129329596279e-07,0.00891301457163376,0.0756721778015649
"8264","Lamp5","INTS7",0.0068871652442642,0.0338225650976568,0.838645505625611,-0.0594038442119045,0.0731781747004329,7,0,0,0.958356578693386
"8265","Lamp5","ZNF445",0.0063829358756622,0.0307495656034704,0.83555841897691,-0.0538851052473914,0.0666509769987157,7,7.84501300542667e-07,0.0104221913746394,0.957864564085972
"8266","Lamp5","TAF1C",-0.0652395217818665,0.050672372191069,0.197928025853847,-0.164555546287571,0.0340765027238378,7,0,0,0.590236550297945
"8267","Lamp5","SOS1",0.0647784579861009,0.0285142162852944,0.0230988865245392,0.00889162101953839,0.120665294952663,7,0,0,0.23960053795929
"8268","Lamp5","HELQ",0.0614849204960301,0.0383988746633242,0.109328924779815,-0.013775490890953,0.136745331883013,7,0,0,0.463734401407849
"8269","Lamp5","HIP1R",-0.0636739407858949,0.0469158571628604,0.174719434922436,-0.155627331128927,0.0282794495571369,7,0,0,0.565747324589041
"8270","Lamp5","PKIG",-0.0559511853916429,0.0362404373381453,0.12261540701968,-0.126981137358388,0.0150787665751025,7,0.00150561821372495,16.4229422898622,0.483946419982953
"8271","Lamp5","ABTB1",-0.0628744302642115,0.0572897830751147,0.272431320443995,-0.175160341773549,0.0494114812451256,7,0,0,0.661792842004822
"8272","Lamp5","TNR",-0.00805633745905964,0.0327706904811585,0.805806306244083,-0.0722857105506399,0.0561730356325206,7,0,0,0.946159805240353
"8273","Lamp5","DOC2A",-0.0806224031898523,0.0537787998562839,0.133835130930273,-0.186026914039956,0.0247821076602519,7,0,0,0.503787954294976
"8274","Lamp5","GART",0.026695332626391,0.0347530591303189,0.442402001681131,-0.0414194116216249,0.094810076874407,7,3.31671267669323e-07,0.003408535293453,0.789496392228061
"8275","Lamp5","LINC01277",-0.0484766108417485,0.0817452476083725,0.553167406501157,-0.208694352061467,0.111741130377971,5,0,0,0.847358654329107
"8276","Lamp5","MRPL4",-0.0182144948069177,0.0519203397030456,0.725726264106573,-0.119976490689972,0.0835475010761367,6,0.000985394591267554,5.62336922010022,0.917618044281986
"8277","Lamp5","MRPL51",-0.124560875507083,0.0924783656572602,0.178006294658339,-0.305815141544439,0.0566933905302725,6,0.00369850858155873,6.5796680902271,0.570425938569921
"8278","Lamp5","GTF3C6",-0.154877103386972,0.129495362206895,0.231694599719325,-0.408683349477455,0.0989291427035102,6,0.0469393746894913,55.0021748867779,0.622799666901193
"8279","Lamp5","ACTN2",0.0194229931129318,0.053363019710898,0.71587404693998,-0.0851666036267294,0.124012589852593,7,1.76265662119504e-06,0.00805194430252717,0.914462798800233
"8280","Lamp5","IL12RB2",0.0427216437583219,0.0664687453541028,0.520397484839753,-0.0875547032332836,0.172997990749927,7,4.65827022967356e-08,0.000136359008852039,0.830455500560262
"8281","Lamp5","FAM184B",-0.0242527601044838,0.0970124803021651,0.802590218149395,-0.214393727547629,0.165888207338661,7,0.0191384612357537,32.6549186466249,0.945126941758994
"8282","Lamp5","ZNF540",-0.00717395722391816,0.0394558637962799,0.855722157096957,-0.0845060292435445,0.0701581147957082,7,0.00262307180500028,25.5347146418734,0.96254048230817
"8283","Lamp5","ANKRD23",-0.034969742870323,0.0477297545163945,0.463765047555609,-0.128518342713394,0.0585788569727482,7,1.04000079841575e-06,0.00576468819779676,0.800197114949866
"8284","Lamp5","SRGAP1",0.0196590231369445,0.0491302318074472,0.689052621787737,-0.0766344617577561,0.115952508031645,7,6.2494350195027e-08,0.000339724089804097,0.904065013591176
"8285","Lamp5","MID2",0.0950011701220104,0.0481567112354336,0.0485240096136126,0.000615750486665109,0.189386589757356,7,0.00358681510682004,23.1780537882734,0.328781094033537
"8286","Lamp5","GOLPH3L",0.066174885606048,0.0451057599612891,0.142347496377951,-0.0222307794133875,0.154580550625483,7,0,0,0.519185987154668
"8287","Lamp5","MTFMT",-0.00633867204401086,0.0380075300961353,0.867547789780249,-0.0808320621737582,0.0681547180857365,6,0,0,0.967279253523521
"8288","Lamp5","RARRES1",-0.156221724034738,0.0805422439006711,0.0524253192826422,-0.314081621314094,0.0016381732446186,7,0,0,0.341076677540984
"8289","Lamp5","OSER1-DT",0.0121099548729121,0.0986728020483718,0.902322175894126,-0.181285183395547,0.205505093141371,5,0.0229649732624016,53.4404970056585,0.978079041160346
"8290","Lamp5","REEP5",0.0200659642816516,0.0350731941179335,0.567242834809202,-0.0486762330122802,0.0888081615755833,7,0,0,0.853478978335213
"8291","Lamp5","TEX15",0.288145551228844,0.0685542414931275,2.63195636232252e-05,0.153781706914853,0.422509395542835,7,0,0,0.0118918032882607
"8292","Lamp5","NIFK-AS1",0.0680376868966403,0.0392973175944906,0.0833881063986451,-0.00898364027759334,0.145059014070874,7,0,0,0.415478190849305
"8293","Lamp5","PKNOX1",0.0111188937270065,0.0535262989723857,0.835441606159601,-0.0937907244845927,0.116028511938606,7,0.00495665668169557,26.099563975915,0.957822468417474
"8294","Lamp5","MAPKAPK5-AS1",-0.0868535842308231,0.0717247303672869,0.225922466291106,-0.227431472551552,0.0537243040899054,7,0,0,0.617132657463531
"8295","Lamp5","GSS",-0.10730872651424,0.0428363820961046,0.0122422386921938,-0.191266492650601,-0.0233509603778785,7,0,0,0.179417809460718
"8296","Lamp5","ITGA6",0.0674166918230451,0.0687134157336614,0.326529368236533,-0.0672591282696592,0.202092511915749,7,0.0115253929092288,39.8029734966259,0.709735498862358
"8297","Lamp5","HSF4",0.0377459286203548,0.0495196628283841,0.445916043710484,-0.0593108270498449,0.134802684290555,7,0,0,0.790240777561324
"8298","Lamp5","FBN1",0.0382861185917527,0.0293452318800254,0.192002049689052,-0.0192294790110737,0.0958017161945791,7,6.72919237239571e-05,1.00256346133551,0.586077011394669
"8299","Lamp5","GVQW3",-0.00723593054609234,0.0376183533661528,0.84746721661357,-0.080966548301453,0.0664946872092683,5,0,0,0.959686614486874
"8300","Lamp5","OSBPL6",0.00087659080339865,0.0328230968827794,0.97869381010658,-0.0634554969479179,0.0652086785547152,7,0,0,0.997093441046833
"8301","Lamp5","CLDND1",-0.091976629978733,0.0450099765437758,0.0410057293884631,-0.180194562949526,-0.00375869700793992,7,0,0,0.308910339384172
"8302","Lamp5","MNS1",0.157308758748473,0.0516015052545439,0.00229963625183852,0.0561716669015124,0.258445850595433,7,1.97207455233756e-06,0.0089173524385755,0.0833125240184361
"8303","Lamp5","N4BP2",0.152507251178933,0.0981949192351095,0.120397489534297,-0.0399512539867011,0.344965756344567,7,0.0395299349365949,69.9121576965555,0.480136856658117
"8304","Lamp5","LINC02250",-0.0268854311330871,0.106576812025535,0.800837460287192,-0.235772144290231,0.182001282024057,5,3.07813198171005e-06,0.00463022475442343,0.944591694207962
"8305","Lamp5","GOLGA1",-0.0972832470021767,0.0365226418956569,0.00772997533828641,-0.168866309737918,-0.0257001842664355,7,0.000339728605905052,3.30791513364188,0.14721869060901
"8306","Lamp5","PAPPA",-0.0501959310921003,0.0872990759559445,0.565299335221258,-0.221298975849378,0.120907113665178,7,0,0,0.852935819308762
"8307","Lamp5","RTN4RL1",-0.0123954873233513,0.0887829507619279,0.888963693123898,-0.186406873257923,0.16161589861122,7,0.0215405743119775,44.4938646828627,0.974705859179306
"8308","Lamp5","WDR3",-0.0310480563556089,0.0451630757644979,0.491789435675914,-0.119566058285079,0.0574699455738608,7,3.01331989510332e-06,0.0181340116657567,0.816204797966937
"8309","Lamp5","FBXW2",-0.0319426626521145,0.0382181985923599,0.403269012570321,-0.106848955447139,0.0429636301429104,7,0.00249872556688785,26.1679891331135,0.765993348368563
"8310","Lamp5","CABIN1",-0.0339836393650985,0.0310524723796552,0.273782215597899,-0.0948453668601475,0.0268780881299505,7,0,0,0.663322835562251
"8311","Lamp5","PDCD5",-0.105043692296261,0.0750368527368136,0.16154485401353,-0.252113221173652,0.0420258365811289,7,0.0164087098956815,48.6351978354704,0.546510582502916
"8312","Lamp5","MTHFD1",0.0165464581374268,0.0348146783063088,0.634592779115264,-0.0516890574762862,0.0847819737511399,7,0,0,0.883274563016695
"8313","Lamp5","UQCRQ",-0.195859105714481,0.0832893960765095,0.0186954212499082,-0.359103322318531,-0.0326148891104303,6,0,0,0.219225254244954
"8314","Lamp5","GPC5",0.145779651433682,0.0968981428675652,0.132462244539996,-0.0441372187555619,0.335696521622927,7,0.0238011391827638,41.9481228954626,0.50171017030722
"8315","Lamp5","TSPYL4",0.140313440278923,0.0603418087036241,0.0200553642119497,0.022045668457814,0.258581212100031,7,3.30489945396976e-07,0.00111327668029883,0.226478901629885
"8316","Lamp5","RFC3",0.0629777542242703,0.0722462520197517,0.383366800802458,-0.0786222977524472,0.204577806200988,7,0.00941156282886768,27.2517729730454,0.752720087377968
"8317","Lamp5","PNRC1",0.0437147887608784,0.079657738021791,0.583154582203068,-0.112411508851759,0.199841086373516,7,0.0143783065980522,37.0464493547395,0.859177731744054
"8318","Lamp5","MRPS5",-0.00296432204028701,0.0299557982726604,0.921172779636014,-0.0616766077828486,0.0557479637022745,6,0,0,0.982375103729229
"8319","Lamp5","SNHG22",0.199104777166558,0.0732975389998069,0.00659979180497807,0.0554442405715168,0.3427653137616,5,0,0,0.136315907073804
"8320","Lamp5","INPP5F",0.0641163207171077,0.0275450368359615,0.0199285436640217,0.0101290405657941,0.118103600868421,7,0,0,0.225686982649655
"8321","Lamp5","ZC3H18",-0.0427087469382861,0.0370472700509791,0.248985236782448,-0.115320061963734,0.0299025680871622,7,0,0,0.640071893095721
"8322","Lamp5","ZNF596",-0.0164252110408339,0.0499743080141466,0.742402784180521,-0.114373054900873,0.0815226328192049,7,0,0,0.923582117550697
"8323","Lamp5","PRRG3",-0.0379927076231966,0.0681088062309102,0.576964764029523,-0.171483514865798,0.0954980996194047,7,0.0125205695267757,45.240774982937,0.857671876115575
"8324","Lamp5","RTL9",-0.102868419341016,0.0900084638426612,0.253090511088776,-0.279281766776408,0.0735449280943754,5,0,0,0.643401653585538
"8325","Lamp5","SS18L1",-0.0228956175419606,0.0330908929867042,0.488999586238166,-0.0877525760121699,0.0419613409282486,7,0,0,0.814817619036119
"8326","Lamp5","SMARCB1",-0.0768991436223063,0.0439940033205525,0.0804733725801975,-0.163125805666325,0.00932751842171226,7,0.00381537451384657,30.7374500801054,0.408527764623584
"8327","Lamp5","FAM3A",-0.0322354473857686,0.0653049363630053,0.62157863283077,-0.160230770669939,0.095759875898402,7,0.00628277417111687,22.0439944092279,0.877933018781526
"8328","Lamp5","LRRN1",0.0750706383883142,0.0369165791116997,0.0419999154615685,0.00271547289695903,0.147425803879669,7,0.000355535455572747,3.42718741918191,0.31114492884268
"8329","Lamp5","UGGT1",-0.0233100746754367,0.0289008168352584,0.419923380167627,-0.0799546347963321,0.0333344854454587,7,3.08122811297731e-06,0.0460646471996108,0.775218231464133
"8330","Lamp5","EOGT",-0.0950160269868822,0.0657965003162824,0.148713836560612,-0.223974797915574,0.0339427439418095,7,0.0106018754439525,39.9392567694644,0.527805703828836
"8331","Lamp5","NUMBL",0.116944116507532,0.0476366737611148,0.0140916821917079,0.0235779515924626,0.210310281422601,7,0,0,0.190636230012031
"8332","Lamp5","LSM14A",0.0190259154857343,0.0364325656304504,0.601515231202584,-0.0523806010143403,0.0904324319858088,7,0.00292544145293881,36.222972210688,0.867839383514501
"8333","Lamp5","CTCF",-0.0453466319208441,0.0649429964608322,0.485019084586814,-0.172632566032187,0.0819393021904992,7,0.0160145425701723,63.6083907904601,0.813213789797325
"8334","Lamp5","USP24",0.0400790284383716,0.0249624000705429,0.1083671199743,-0.00884637666757257,0.0890044335443159,7,0,0,0.463464486118256
"8335","Lamp5","LRRC17",0.0214660711670754,0.0539185063724368,0.690541248393353,-0.0842122594230941,0.127144401757245,7,1.77558014312185e-06,0.00757392807502241,0.904708894559171
"8336","Lamp5","SLC27A6",0.146355853903781,0.0852108083643187,0.0858743783669501,-0.0206542615838282,0.31336596939139,7,0,0,0.420005390513245
"8337","Lamp5","AXIN1",-0.0432391828888046,0.0428922272320127,0.313411733098295,-0.127306403480257,0.0408280377026484,7,0,0,0.698925605264866
"8338","Lamp5","SDF2",-0.0841299702801943,0.0550927793159476,0.126746134243205,-0.192109833547665,0.0238498929872762,7,0,0,0.490218958413481
"8339","Lamp5","ELL2",0.101663581552329,0.0561667876651548,0.0702911049974037,-0.00842129939868307,0.211748462503341,7,0,0,0.385313666944408
"8340","Lamp5","SP3",0.0658012848329635,0.0506559272026963,0.193949109245549,-0.033482508087804,0.165085077753731,7,0.00800665542827548,52.5549523666554,0.587583280058094
"8341","Lamp5","RANBP10",-0.0730436054659653,0.0424726540620717,0.0854725059400597,-0.156288477755455,0.0102012668235241,7,0.00130146664543619,9.84233827556492,0.419436068336961
"8342","Lamp5","WDR6",-0.0676833509840691,0.0535301953918194,0.206088021350005,-0.172600606037427,0.0372339040692889,7,0.00323933708599927,16.2064855612872,0.595073257068699
"8343","Lamp5","RABL2B",-0.106131461600336,0.052282493439351,0.0423604280017372,-0.208603265763415,-0.00365965743725619,7,0.0019651590466396,9.77937088858013,0.311172210364113
"8344","Lamp5","HECTD1",-0.0284189159938211,0.0207076120595861,0.169942117392999,-0.0690050898364371,0.0121672578487949,7,0,0,0.559718474773583
"8345","Lamp5","TCF4",0.124720652257458,0.0475272605776796,0.00868548336229976,0.0315689332413558,0.217872371273561,7,0.00484860219655471,32.9135680186696,0.15407159370068
"8346","Lamp5","TDRD7",0.103636751890038,0.0388466195123317,0.00763395128003311,0.0274987767247372,0.179774727055339,7,0,0,0.146311626191069
"8347","Lamp5","ASXL2",0.04221072217406,0.0446539098260304,0.344512811069863,-0.0453093328538588,0.129730777201979,7,0.00470934780325021,39.3241318896826,0.72433889877292
"8348","Lamp5","SEL1L3",-0.0588552030284595,0.0603711778094257,0.329615274902111,-0.177180537239198,0.0594701311822785,7,0,0,0.711783928617913
"8349","Lamp5","NCK2",-0.0206964046452221,0.0502853162069102,0.680647669417544,-0.119253813361974,0.0778610040715303,7,0.00338196323473586,19.6257622721048,0.901733822525915
"8350","Lamp5","FAM20C",-0.114317872057113,0.0466395333553934,0.0142422825166272,-0.205729677689438,-0.0229060664247872,7,0.00246722780093052,16.2559865539548,0.192021935305912
"8351","Lamp5","LINC01252",-0.0658652986023211,0.0475912458263771,0.166364796258559,-0.159142426401412,0.0274118291967701,7,0,0,0.553577239414609
"8352","Lamp5","SDHAF3",0.126155815575455,0.0543839597826846,0.0203557739977168,0.0195652130647188,0.232746418086192,6,0,0,0.228148735931298
"8353","Lamp5","MORC2",-0.0652469513233819,0.0386073083539176,0.0910249804415532,-0.140915885237093,0.0104219825903289,7,0,0,0.431628763322972
"8354","Lamp5","TRIM14",0.0880570951856798,0.0622614969803052,0.157270725840587,-0.0339731965192677,0.210087386890627,7,0.00833680606361385,33.8792152439624,0.540926261238879
"8355","Lamp5","ELOVL4",-0.0299835428682738,0.0351642308088568,0.393841414062189,-0.0989041687976869,0.0389370830611394,7,0,0,0.759057126634926
"8356","Lamp5","IQCG",-0.00851987003731611,0.0800074678245183,0.91519483076422,-0.165331625467619,0.148291885392987,5,1.47203415356822e-07,0.000380683266067435,0.980734315041589
"8357","Lamp5","TM7SF2",-0.100636279053308,0.0453044290044862,0.0263283318714384,-0.189431328242253,-0.0118412298643633,7,0,0,0.253209266397768
"8358","Lamp5","SIRT3",-0.0123658044227462,0.0439859511519748,0.778610099571358,-0.0985766845063549,0.0738450756608625,6,5.57903291598729e-06,0.0419685958680278,0.935724869940094
"8359","Lamp5","RBIS",0.0460383862267727,0.105650157860309,0.66300899023611,-0.161032118140404,0.253108890593949,5,0.0293134518234533,61.1501464525227,0.894811478866227
"8360","Lamp5","CCDC32",-0.0544886000996428,0.0422669546091411,0.197344664445703,-0.137330308869749,0.028353108670463,5,2.59213420928534e-07,0.00250384440102835,0.589599871180598
"8361","Lamp5","DGKA",0.0176079335350274,0.0453364349768453,0.697732085734801,-0.0712498462070313,0.106465713277086,7,0,0,0.906391554342484
"8362","Lamp5","LIG3",-0.0582371180323986,0.0459140498572678,0.204657184677158,-0.14822700213702,0.0317527660722227,6,0,0,0.593908097926263
"8363","Lamp5","FDFT1",0.109072705671959,0.136582183010389,0.424530140922858,-0.158623453958263,0.37676886530218,7,0.0710781056297488,63.0284776461256,0.778050998360332
"8364","Lamp5","TMEM161A",-0.0231219113236188,0.04565203053086,0.612518636380329,-0.112598246985227,0.0663544243379897,7,0,0,0.874313927474719
"8365","Lamp5","PROS1",0.128668892546399,0.0814598667795826,0.114212883387513,-0.0309895125270139,0.288327297619812,7,0.017423976649604,43.2903816603967,0.470017850113994
"8366","Lamp5","DDIT3",-0.0198685258021937,0.0905087366987973,0.826244589634243,-0.197262390018055,0.157525338413668,6,0.00826789645438446,16.6029335822318,0.954415053359983
"8367","Lamp5","CEBPB",0.0883465252205805,0.0588557682383425,0.13333790899991,-0.0270086608090073,0.203701711250168,7,0,0,0.503337448771391
"8368","Lamp5","YIPF2",-0.129728264659055,0.0591876422134019,0.0283929863914053,-0.245733911727165,-0.0137226175909449,7,0.00513062994624014,21.9317919124378,0.263422594456801
"8369","Lamp5","FSTL1",0.0324092042361901,0.0596108692461165,0.586662080420288,-0.0844259525733244,0.149244361045705,7,1.07032338055179e-06,0.00383853049184418,0.86056654927368
"8370","Lamp5","MYNN",0.00544434144291085,0.0429883832668052,0.899219949221373,-0.0788113415136316,0.0897000243994533,7,0,0,0.977726377506433
"8371","Lamp5","MECR",-0.0472064508750346,0.0578200590168924,0.414250090241262,-0.160531684132124,0.0661187823820549,6,0.00485491429743536,24.9619668187802,0.772134792580307
"8372","Lamp5","EPHX4",-0.106057832300627,0.0458560199665383,0.0207312036726328,-0.195933979909391,-0.0161816846918619,7,0,0,0.22867109709499
"8373","Lamp5","CEP76",-0.0330378151770318,0.0471466172412627,0.483461387923938,-0.125443486962802,0.0593678566087383,7,0.00134207660740255,8.0073134024759,0.812496136694637
"8374","Lamp5","ARFRP1",-0.0745601319480666,0.0739627840818309,0.313417819806034,-0.219524524944768,0.0704042610486344,6,0.0131896320610859,45.8555786504884,0.698925605264866
"8375","Lamp5","AK9",0.0573687832396734,0.0402100562831041,0.153658526304848,-0.0214414788915391,0.136179045370886,7,5.60123390431425e-06,0.0436562717165527,0.534548854615639
"8376","Lamp5","NAA40",-0.0458555598112623,0.041095233389414,0.264492143347684,-0.126400737190782,0.0346896175682571,7,9.13772710272808e-06,0.067431676025451,0.654477926053113
"8377","Lamp5","STAU1",-0.0191638842601346,0.0261175439864316,0.463097936365589,-0.0703533298381812,0.0320255613179119,7,0,0,0.800102097417133
"8378","Lamp5","PEX14",-0.023228424595024,0.028118285632772,0.408749206744899,-0.0783392517422671,0.0318824025522192,7,0,0,0.769679068408478
"8379","Lamp5","MACROD2-AS1",-0.21861977868956,0.163346017874826,0.180771128522093,-0.538772090742254,0.101532533363135,7,0.0766971580032144,48.0321182437373,0.57276150096728
"8380","Lamp5","SRD5A3",-0.229953142710212,0.0561543114455997,4.2212823841829e-05,-0.340013570720233,-0.119892714700191,5,4.07110767101451e-06,0.0173331794994055,0.014365296134931
"8381","Lamp5","COA6",-0.144466764429554,0.0668353375502761,0.0306542175026132,-0.275461618922673,-0.0134719099364354,6,0.00781777476605298,30.6231708326466,0.27177512390861
"8382","Lamp5","NPY1R",-0.022266608522961,0.0544337619440075,0.682496521495791,-0.128954821476243,0.0844216044303207,7,0.00287638312656433,13.7065781163997,0.902529462625427
"8383","Lamp5","USP22",0.0462221673880433,0.0290365139375396,0.111415373092781,-0.0106883541661296,0.103132688942216,7,0,0,0.465391703393841
"8384","Lamp5","SLC25A33",-0.114900654912157,0.0463420734877627,0.0131602688121127,-0.205729449917081,-0.0240718599072341,6,0.00122155915095515,8.93338261725497,0.185282376107453
"8385","Lamp5","SCML2",0.0208103749740169,0.0459678414167915,0.650753293161382,-0.0692849386499431,0.110905688597977,7,0,0,0.889738157224085
"8386","Lamp5","LINC00276",0.016826637214142,0.0661052558840057,0.799076005977285,-0.112737283507314,0.146390557935598,7,0,0,0.943887713826619
"8387","Lamp5","ANGPT2",-0.0845933560848026,0.09300609439528,0.363061789711947,-0.266881951442284,0.0976952392726789,7,0,0,0.737650560567757
"8388","Lamp5","PPM1F",-0.0578455422989014,0.0414607011060323,0.16295864830583,-0.139107023240505,0.0234159386427019,7,0,0,0.549118758830494
"8389","Lamp5","ZNF785",-0.0765647210757037,0.045128945431492,0.0897767022106804,-0.165015828781701,0.0118863866302939,7,0,0,0.428427606439556
"8390","Lamp5","USP20",-0.0114168783444812,0.0339132883615611,0.736381430456858,-0.0778857021304623,0.0550519454414999,7,0,0,0.921459195022869
"8391","Lamp5","SKP1",-0.0244538763340311,0.0633055313324199,0.69928678785504,-0.148530437767746,0.0996226850996838,7,0.00788331292060731,31.0887478633789,0.907056827997482
"8392","Lamp5","SLC35A1",-0.0243271096791765,0.0396237653418319,0.539246717989831,-0.101988262681033,0.0533340433226804,7,0,0,0.839382175581193
"8393","Lamp5","NIPBL-DT",0.0683663031000849,0.0623800958649452,0.273094783743807,-0.0538964381473637,0.190629044347534,5,0.00384693628446471,19.3467691042987,0.662377889749365
"8394","Lamp5","SRRT",-0.0873103819925435,0.0450596494733571,0.0526644418225952,-0.175625672116323,0.00100490813123566,7,0.000450720958922251,2.78903800548603,0.341371320161645
"8395","Lamp5","CCT6A",-0.0141902461219397,0.0677709013593798,0.834147287545698,-0.147018771986141,0.118638279742261,7,0.0129437812550659,47.9150577716854,0.957256252927647
"8396","Lamp5","USP42",-0.00489447942492165,0.0322115324527588,0.879227912748329,-0.068027922919172,0.0582389640693287,7,0,0,0.971323130524652
"8397","Lamp5","RFNG",-0.0968510564513866,0.0477761204126375,0.0426434499616857,-0.190490531781205,-0.00321158112156815,7,0.00142303791180376,8.30788284950674,0.31191010280844
"8398","Lamp5","VPS37A",0.0927862762166105,0.0319988329705508,0.00373547514393974,0.0300697160470181,0.155502836386203,7,7.11413879784578e-07,0.00851920357770233,0.102671912000786
"8399","Lamp5","KLHL21",0.020892618780274,0.0506869335550825,0.680200576265372,-0.0784519454744625,0.12023718303501,7,0,0,0.901733822525915
"8400","Lamp5","GUF1",0.0169030697507891,0.0524920147832208,0.747443443637189,-0.0859793887002678,0.119785528201846,6,0.0063073957029947,43.2998166499807,0.924467488101887
"8401","Lamp5","UFL1-AS1",-0.173855066689288,0.101872697008515,0.0878980282594011,-0.373521883833939,0.025811750455363,5,8.97382940223109e-07,0.00148667227817428,0.423859887078298
"8402","Lamp5","HDAC1",-0.0152284536141605,0.0412497789262689,0.711996087704895,-0.0960765346798869,0.0656196274515659,7,0,0,0.913273398592575
"8403","Lamp5","CADM4",-0.1508097995171,0.0409570576594102,0.00023128036365364,-0.231084157442275,-0.0705354415919258,7,9.50926840592825e-07,0.00693946887427179,0.0317917456199297
"8404","Lamp5","RECQL",0.096819718039595,0.0438705816628313,0.0273182887706922,0.0108349579996224,0.182804478079568,7,4.53102926324021e-08,0.000295323127567028,0.258183514841743
"8405","Lamp5","CCDC186",-0.00291882062767586,0.0285806690407293,0.918656907692074,-0.0589359026015642,0.0530982613462124,7,2.38659658020764e-06,0.035663007878818,0.98216078937391
"8406","Lamp5","ZNF519",0.122595808430549,0.0304471536300142,5.66105178406962e-05,0.062920483883963,0.182271132977135,7,0,0,0.0153864814285656
"8407","Lamp5","RGS7BP",-0.0491021972570459,0.0312127296463013,0.115684893556874,-0.110278023222982,0.0120736287088903,7,0,0,0.47265993920282
"8408","Lamp5","NSUN2",0.0117302326236833,0.043236832732454,0.786158885224236,-0.0730124023375091,0.0964728675848758,6,0,0,0.938571838713851
"8409","Lamp5","WDR17",0.0761049994216911,0.0323031223134639,0.0184746985409466,0.0127920430991097,0.139417955744272,7,0.000574038576095775,7.37896069429957,0.217756443894674
"8410","Lamp5","BTD",-0.00861133649656893,0.0385640859507132,0.823302509500227,-0.084195556056674,0.0669728830635361,7,0,0,0.952672928022565
"8411","Lamp5","DLG5",-0.0396436532231825,0.0331921331176006,0.232333676628961,-0.104699038703739,0.0254117322573739,7,0.000381537262256859,4.46302145632685,0.623315103476142
"8412","Lamp5","UNC13A",-0.0346435894980399,0.0278251423635818,0.213114745447182,-0.0891798663953599,0.0198926873992802,7,0,0,0.602909076634875
"8413","Lamp5","MYO16-AS1",-0.122066917546096,0.135253878126395,0.366790173009298,-0.387159647443201,0.143025812351009,7,0.026102901139683,21.0661407221362,0.738840871444988
"8414","Lamp5","GPR63",-0.0302728544525108,0.0558855115860715,0.588029223419589,-0.139806444418807,0.0792607355137852,7,0.00443666444986622,20.7306029795862,0.861277671761366
"8415","Lamp5","PPP4R3B",0.041889849391992,0.0226995991195293,0.0649793143880394,-0.00260054734578253,0.0863802461297665,7,4.46168479670841e-06,0.105802697605222,0.371880205906429
"8416","Lamp5","ACTR10",-0.0377951612627988,0.0443347258780335,0.393939048488997,-0.1246896272482,0.0490993047226027,7,0.00597934564067713,52.3742855305367,0.75908083400383
"8417","Lamp5","FBXL18",-0.145622429629497,0.0481392608405289,0.00248613223509175,-0.239973647119313,-0.051271212139681,7,0.00087657416356295,4.81898588270188,0.0842055546370559
"8418","Lamp5","YPEL1",-0.0113613781626697,0.0364881453168046,0.755518017003903,-0.0828768288462706,0.0601540725209311,7,2.01233030666648e-06,0.0188123753767645,0.926555528105898
"8419","Lamp5","MYLK-AS1",0.0420491979646476,0.0540033072155487,0.4361911237561,-0.0637953392238797,0.147893735153175,7,0.00266339939228426,12.7762979419952,0.784894620673969
"8420","Lamp5","ACAD10",-0.0646264850338075,0.0621033445949777,0.298048187879097,-0.186346803759444,0.057093833691829,6,0.0036110880208215,15.4134580400116,0.687746200571181
"8421","Lamp5","GEMIN8",0.0115897298039793,0.0600614098727891,0.846986641620016,-0.106128470407386,0.129307930015344,7,0.00780067281347944,35.2051249919944,0.959421815061179
"8422","Lamp5","KLHL36",0.00823347741561768,0.0394553223161447,0.834699226379639,-0.0690975333224453,0.0855644881536806,7,0,0,0.957418626091684
"8423","Lamp5","MPV17",-0.0369992048910063,0.0360706182523505,0.30501246927301,-0.107696317565706,0.0336979077836938,6,0,0,0.694260395895684
"8424","Lamp5","MCU",0.0523381981817328,0.0529440164001755,0.322879746967209,-0.0514301671595091,0.156106563522975,6,0.00466398685617726,28.4335524413269,0.707095989667268
"8425","Lamp5","RABGGTB",-0.0868508193033755,0.0502516662191685,0.0839313701470492,-0.185342275256074,0.0116406366493228,7,0.00089547489703786,4.57450798397113,0.416660546113973
"8426","Lamp5","TECPR1",-0.193894278601885,0.0411170784044429,2.40925117241623e-06,-0.274482271424103,-0.113306285779668,7,4.74292457299393e-07,0.00346764833892256,0.00660507085109052
"8427","Lamp5","ATP6V0A2",0.00687584011090804,0.0347666932414351,0.843224317166684,-0.0612656265038568,0.0750173067256728,7,0,0,0.95917381987505
"8428","Lamp5","GRK5",0.106460554619854,0.0545849290297707,0.051132587810364,-0.000523940377171517,0.213445049616879,7,0,0,0.338216049570876
"8429","Lamp5","LIPA",-0.0151251495540216,0.0386890391186087,0.695840504972891,-0.0909542728229559,0.0607039737149128,7,0.00193960805443126,18.8349546647224,0.906391554342484
"8430","Lamp5","ZBTB37",0.0556781308656783,0.0418726506195654,0.183616604792262,-0.0263907562858986,0.137747018017255,7,0,0,0.575973257025563
"8431","Lamp5","RPS29",0.0109865817599969,0.039444531163647,0.780603661476893,-0.066323278707819,0.0882964422278127,7,0,0,0.936904032599628
"8432","Lamp5","ZNF641",-0.0856359273877078,0.04410475030378,0.0521796531690524,-0.172079649530249,0.00080779475483303,7,0,0,0.340651666887092
"8433","Lamp5","DLEU1",-0.0460457067682802,0.0776769892405183,0.553325455110873,-0.198289808107201,0.106198394570641,5,0.00183372187371693,5.54262648035381,0.847472792398163
"8434","Lamp5","PTMA",-0.016712620037113,0.05836007792346,0.77459416525604,-0.131096270902046,0.0976710308278196,7,1.78359017588793e-08,6.56540258419566e-05,0.934135907116033
"8435","Lamp5","TH2LCRR",-0.0365977260970058,0.0887870344701409,0.680195226953387,-0.210617115952598,0.137421663758587,7,2.1945315428419e-07,0.000345868363483913,0.901733822525915
"8436","Lamp5","BLOC1S5-TXNDC5",0.099908167183935,0.0531344680820726,0.0600686725988024,-0.00423347659462024,0.20404981096249,5,0,0,0.361709369988659
"8437","Lamp5","TMEM254",-0.0658951344043008,0.0451346598249578,0.144299018785553,-0.154357442115685,0.0225671733070833,7,0,0,0.520721775997715
"8438","Lamp5","FASTK",-0.0523134194009999,0.042570802412636,0.219125506446677,-0.135750658922737,0.0311238201207374,6,0,0,0.608574531257736
"8439","Lamp5","BMP7",-0.00689261359650496,0.0526377856600727,0.895819436161509,-0.110060777716186,0.0962755505231765,7,0,0,0.976413248304476
"8440","Lamp5","SCN2A",0.0546802067276441,0.0219915461927739,0.0129035801382658,0.0115775682254583,0.0977828452298299,7,0,0,0.183663428020178
"8441","Lamp5","FAM13A-AS1",0.013665796134704,0.0747590306515863,0.854956571997813,-0.132859211461531,0.160190803730939,5,0,0,0.962298884190292
"8442","Lamp5","ANKRD13A",0.10211471013489,0.109315963142937,0.350239719111932,-0.112140640560575,0.316370060830355,7,0.0492306654759657,71.2244895400029,0.729240527990685
"8443","Lamp5","KIF26B",-0.0845860355746593,0.0443447808047654,0.0564606376741118,-0.171500208854322,0.00232813770500397,7,4.70013127632603e-06,0.0298354058262007,0.350214090220282
"8444","Lamp5","DYNLT1",-0.0473165501837607,0.0487266811024165,0.331518204602562,-0.142819090230666,0.0481859898631441,7,0,0,0.713820774310415
"8445","Lamp5","RELL2",-0.164566399287399,0.0673185021675671,0.0145015328542633,-0.296508239029012,-0.0326245595457857,7,0,0,0.192265888474651
"8446","Lamp5","CAPN1",-0.101591745838253,0.0559548687870521,0.0694315175003039,-0.21126127342054,0.00807778174403317,7,0.0032642305820377,14.6872090498603,0.382747846461464
"8447","Lamp5","D2HGDH",-0.179090291413381,0.0551412931701471,0.00116283204127379,-0.287165240087834,-0.0710153427389285,6,0.00280420587911572,15.1262363649118,0.0599409844034191
"8448","Lamp5","TMED10",-0.0264954243247961,0.0336904775762511,0.431611753806096,-0.0925275469962026,0.0395366983466104,7,0,0,0.78284776371624
"8449","Lamp5","PTRH1",-0.0411423636587544,0.0674859914818248,0.542098307302898,-0.173412476424108,0.0911277491065991,6,0,0,0.841177326720559
"8450","Lamp5","MLF1",0.0573356800569081,0.0572791340477595,0.31683299627502,-0.0549293597423425,0.169600719856159,7,1.72572710854751e-06,0.00682180616583701,0.701947766322472
"8451","Lamp5","DUSP11",0.0840239765173988,0.0542999181464153,0.121765564492841,-0.0224019074130482,0.190449860447846,7,0.00633155436521618,34.2756896047126,0.483143459114096
"8452","Lamp5","BHLHE41",0.0845059408133938,0.0709990081229315,0.233951625268343,-0.0546495580456187,0.223661439672406,7,0.00746009845181381,21.9191146897854,0.624236387011182
"8453","Lamp5","SNCAIP",-0.00691674210062372,0.0472179510087817,0.883538186955808,-0.0994622255016125,0.085628741300365,7,0,0,0.973189568893511
"8454","Lamp5","ATP13A3",-0.0463375736812584,0.0289866288252609,0.109912970352123,-0.103150322212,0.0104751748494835,7,0,0,0.463734401407849
"8455","Lamp5","GRIK1",0.0251096539817058,0.0429055113923217,0.558392111023427,-0.0589836030855177,0.109202911048929,7,0,0,0.850476296218435
"8456","Lamp5","RPL30",-0.216220580894202,0.12955869436776,0.095137083553062,-0.470150955739043,0.0377097939506388,7,0.074749588399296,72.4600279240625,0.43961971682965
"8457","Lamp5","SSRP1",-0.0673541125731686,0.0446596149841798,0.131512048594184,-0.154885349505586,0.0201771243592492,7,0,0,0.499762500520447
"8458","Lamp5","TIMM21",0.0695751107062408,0.069725498092705,0.318355422248396,-0.0670843543595773,0.206234575772059,6,0.0102485803568601,38.2085254970063,0.702886923300391
"8459","Lamp5","LAMA3",0.0773754629909901,0.0682371503261384,0.256828146928041,-0.0563668940558867,0.211117820037867,7,0.0101089062914823,33.0704495683606,0.647561014815183
"8460","Lamp5","ARHGAP1",-0.140770130537237,0.0390291388315442,0.000310001532580725,-0.217265836994677,-0.0642744240797967,7,0,0,0.0343269289641934
"8461","Lamp5","PIGH",0.0581606764249777,0.0799705799048408,0.467056951230246,-0.0985787800112929,0.214900132861248,7,0.015597768365294,39.0313708751867,0.802865326974631
"8462","Lamp5","UQCRH",-0.144354700968705,0.0680811885968158,0.0339780838501007,-0.277791378643143,-0.0109180232942673,6,0.00833397780512381,31.3005187192116,0.286763517828761
"8463","Lamp5","LIAS",0.081887462776919,0.0366636909880598,0.025517591251362,0.010027948900016,0.153746976653822,6,0,0,0.250751745090418
"8464","Lamp5","HIP1",-0.0253821087286863,0.0474494889231948,0.59269893856953,-0.11838139810298,0.0676171806456077,7,0.000391646838474555,2.2286318341397,0.864118234508444
"8465","Lamp5","SNHG8",0.0253431975700479,0.0834834411254217,0.761454329547052,-0.138281340341249,0.188967735481344,6,0,0,0.927314900921914
"8466","Lamp5","B3GAT3",-0.0876027758037898,0.0449318230171687,0.0512140085037428,-0.175667530677168,0.000461979069588739,7,0,0,0.338554866920669
"8467","Lamp5","MCMBP",0.0281511920418122,0.0439748864398636,0.522065203470713,-0.0580380016045592,0.114340385688184,7,0.00224591685498767,16.6898715022782,0.831784941154576
"8468","Lamp5","C1S",0.0270749886554777,0.0485130234514319,0.576777926595717,-0.0680087900904758,0.122158767401431,7,0.00247803223003062,14.7241145126103,0.857671876115575
"8469","Lamp5","ADAT2",-0.0489297452613785,0.0758627871617335,0.518942155765557,-0.197618075865204,0.0997585853424467,7,0.0185413829092384,56.8114592824579,0.82924522347398
"8470","Lamp5","CYREN",-0.0260504274092648,0.0525829728221225,0.620306753224668,-0.129111160340673,0.0770103055221438,5,3.9784233809561e-06,0.0247089139031557,0.87748384928008
"8471","Lamp5","THOC7",-0.00439099419058462,0.0373009807293206,0.906291160492992,-0.0774995730080756,0.0687175846269063,7,0.000761022339627406,7.2146229071918,0.979410581352243
"8472","Lamp5","IBTK",-0.0102909952278016,0.024488704882843,0.674314256080654,-0.058287974826204,0.0377059843706008,7,0,0,0.899712617256336
"8473","Lamp5","SOAT1",0.0614436691211884,0.0421074268012583,0.144506723589091,-0.0210853708909345,0.143972709133311,7,0,0,0.521123798862538
"8474","Lamp5","MRPS30",0.0277544123076365,0.0444397431600228,0.532272786294368,-0.0593458837682184,0.114854708383491,6,0,0,0.836921158559709
"8475","Lamp5","STARD4-AS1",0.00211915401492568,0.0863508325339788,0.980420911852629,-0.167125367786722,0.171363675816574,7,0.0090008412551713,17.4337857667623,0.997093441046833
"8476","Lamp5","YME1L1",-0.0270492108951924,0.0264424131608398,0.306332482136993,-0.0788753883547663,0.0247769665643815,6,0,0,0.695543982129542
"8477","Lamp5","ZNF236",-0.0883200217274364,0.0346404483929961,0.0107840018744261,-0.156214052986027,-0.0204259904688456,7,0.000396447940082636,4.21665850084158,0.168803505780448
"8478","Lamp5","FLYWCH1",0.0106645935266722,0.0363153477209252,0.769012913813787,-0.0605121800923899,0.0818413671457343,7,0,0,0.932057462987723
"8479","Lamp5","RBM14-RBM4",0.106751696572831,0.0996097899305886,0.283855320885983,-0.0884799041987235,0.301983297344385,5,0.0232893751036373,52.9157597614331,0.673269691089938
"8480","Lamp5","NAA25",-0.0346476678626343,0.0282095634767895,0.21936282550995,-0.0899373962967381,0.0206420605714695,7,6.14051501852925e-06,0.0954792855792947,0.608950796256613
"8481","Lamp5","SCRN3",0.00777173009783069,0.0353187647582648,0.825835832760833,-0.0614517768068109,0.0769952370024722,7,1.6713107119429e-06,0.0164839839880344,0.954415053359983
"8482","Lamp5","NEMF",-0.0169997920171775,0.0250602941412612,0.497546224487458,-0.0661170659760296,0.0321174819416746,7,0,0,0.81969352509237
"8483","Lamp5","MAP4K4",0.0103241087588952,0.0283576385308411,0.715807231371946,-0.0452558414481588,0.0659040589659491,7,0.000929119425572863,16.6362418089194,0.914462798800233
"8484","Lamp5","ZNF529-AS1",-0.000541880663659917,0.0460504031708173,0.99061141253902,-0.0907990123520109,0.0897152510246911,7,0,0,0.998459492840635
"8485","Lamp5","ACOT8",-0.105808387015956,0.0525819148290576,0.0441927308092801,-0.208867046319061,-0.0027497277128502,7,0.00492528281436266,27.5280400545578,0.317621447622866
"8486","Lamp5","ZNF331",-0.0156857856025739,0.0295805753571227,0.595922542836087,-0.0736626479445074,0.0422910767393597,7,1.21879668305237e-06,0.0171409974718038,0.865749755049829
"8487","Lamp5","SART3",-0.0319558252936229,0.0302283879390115,0.290444871160461,-0.0912023769647904,0.0272907263775446,7,0,0,0.680252117446455
"8488","Lamp5","EEF1D",-0.11435189764454,0.039788596216945,0.00405325989275135,-0.192336113225158,-0.0363676820639207,7,0,0,0.107867580096895
"8489","Lamp5","SYF2",-0.0101379115030781,0.0534832278316555,0.849659343474964,-0.114963111830073,0.0946872888239169,7,0,0,0.960282195683175
"8490","Lamp5","CLEC2L",-0.0977691808870996,0.0573535398322921,0.0882549398491549,-0.210180053344276,0.0146416915700764,7,0,0,0.42455383172005
"8491","Lamp5","SFT2D1",0.0266697210529378,0.0427874462708528,0.533082702248015,-0.0571921326283764,0.110531574734252,7,3.15005463470044e-06,0.0210434861086722,0.837186823533913
"8492","Lamp5","IKZF4",-0.0155371749436284,0.0388734114767508,0.689387490307837,-0.0917276613942659,0.0606533115070091,7,0,0,0.904172731401462
"8493","Lamp5","SETDB1",-0.0312040858326419,0.0370985820084919,0.400284840964337,-0.103915970446792,0.0415077987815079,7,0,0,0.762743492813461
"8494","Lamp5","TCEA2",-0.0533999705749238,0.0459844843007274,0.245535930540894,-0.143527903651997,0.0367279625021493,7,3.14791628439164e-06,0.0180510113512681,0.636937139176886
"8495","Lamp5","NEFL",-0.153822837020898,0.0894245880449925,0.0854069431677999,-0.329091808921414,0.0214461348796186,6,0,0,0.419286384788062
"8496","Lamp5","APMAP",-0.00309758639613475,0.0369361755516605,0.933165187433926,-0.0754911602040381,0.0692959874117686,7,2.21394666283402e-06,0.019812733585919,0.985315638798959
"8497","Lamp5","POMT1",-0.110416411753759,0.0444077523474535,0.0129034857889982,-0.197454006989142,-0.0233788165183762,7,0,0,0.183663428020178
"8498","Lamp5","TBC1D31",0.0622534181280742,0.0396354846541906,0.116264296583834,-0.0154307043039294,0.139937540560078,7,0,0,0.473561011652999
"8499","Lamp5","RINT1",-0.0606958966321706,0.0696233437556666,0.383331087538067,-0.197155142876529,0.0757633496121876,7,0.0158200645553392,53.7954969732225,0.752720087377968
"8500","Lamp5","KIT",0.0157097975608646,0.0404379495939293,0.697652382157571,-0.063547127251883,0.0949667223736122,7,0,0,0.906391554342484
"8501","Lamp5","POLR2L",0.00606764728435161,0.0946510618727153,0.948886276014126,-0.179445025084643,0.191580319653346,6,0,0,0.989570721185087
"8502","Lamp5","CDK7",-0.081725586730089,0.0455820143828509,0.0729833258970669,-0.171064693263264,0.00761351980308558,7,0.00156284240309981,10.2529063012681,0.389820274409568
"8503","Lamp5","OTUD3",-0.0160916612478282,0.0358905405734384,0.653897858719262,-0.086435828157441,0.0542525056617847,7,5.23501307962278e-06,0.0478019503283099,0.891077090670597
"8504","Lamp5","SENP7",-0.0134607680806134,0.0254953125931548,0.597519943373505,-0.0634306625377872,0.0365091263765605,7,0,0,0.866357398277713
"8505","Lamp5","CHTOP",-0.0784182974670455,0.035302283000999,0.0263280869827677,-0.147609500721044,-0.00922709421304689,7,0,0,0.253209266397768
"8506","Lamp5","PPP1R12C",-0.110590307536478,0.0406527714375058,0.00652102275802099,-0.190268275425728,-0.0309123396472284,7,0,0,0.135625932457692
"8507","Lamp5","SLC41A3",-0.0151246659252012,0.040173597952968,0.706558050426416,-0.0938634710424105,0.063614139192008,7,0.00206696371244539,18.7563907488968,0.910874233816963
"8508","Lamp5","MERTK",0.0571068447709385,0.0616990003244357,0.354668638577072,-0.0638209737470805,0.178034663288957,7,0.000780004483190747,2.65095983285226,0.731668492106814
"8509","Lamp5","RPS12",-0.155298169811934,0.0897768254634043,0.0836616007156368,-0.331257514366545,0.0206611747426768,7,0,0,0.415930726685348
"8510","Lamp5","DCLRE1C",0.0151288223190994,0.0746538881498394,0.8394063878307,-0.131190109760467,0.161447754398666,7,0.0126372618762183,35.8838012233895,0.958356578693386
"8511","Lamp5","LIPI",-0.0324969768903653,0.129663562113405,0.802103773178272,-0.286632888739812,0.221638934959081,7,1.98950080824424e-06,0.00145477961055179,0.944966902121855
"8512","Lamp5","RPIA",0.0153862466825473,0.0418301994118333,0.713002771343385,-0.0665994376307746,0.0973719309958691,6,0.000852718253449571,7.63402111544185,0.913599521330833
"8513","Lamp5","QRICH2",-0.0319554908589381,0.067130172222631,0.634058152583217,-0.163528210691266,0.0996172289733898,7,0.00908872626084985,31.6144992782092,0.883174740176764
"8514","Lamp5","ITGA9",0.0277964221245309,0.0424176187109012,0.512272244562967,-0.0553405828587877,0.110933427107849,7,0,0,0.825753305395407
"8515","Lamp5","URGCP",0.0293459388160346,0.035332184078363,0.406215201684438,-0.0399038694726963,0.0985957471047656,7,0,0,0.76732389779564
"8516","Lamp5","EEF2K",0.0495197036572103,0.0479608756902531,0.301836976213154,-0.0444818853626883,0.143521292677109,7,1.76553333705247e-08,9.67981399992024e-05,0.691507356040825
"8517","Lamp5","HSD17B12",-0.0182076135331871,0.0412910156538672,0.659243230462167,-0.0991365170998464,0.0627212900334723,7,0,0,0.892964921996311
"8518","Lamp5","ARHGEF2",-0.118774147893878,0.0452355091219155,0.00864750826977724,-0.207434116595165,-0.03011417919259,7,0.000489021219407935,3.01447997342315,0.15407159370068
"8519","Lamp5","G3BP1",0.0683485214450387,0.0355046612523942,0.0542221403984953,-0.00123933589294878,0.137936378783026,7,0,0,0.347490982258515
"8520","Lamp5","C2orf49",0.064619284069464,0.044557814517479,0.146993111051533,-0.0227124276146108,0.151950995753539,7,0,0,0.524743467183667
"8521","Lamp5","PDE7B",0.0973913075267906,0.0608731200733952,0.109619301464673,-0.0219178154436461,0.216700430497227,7,0,0,0.463734401407849
"8522","Lamp5","CZIB",-0.00129987021122889,0.120771498484843,0.991412490848174,-0.238007657600455,0.235407917177997,5,0.0457924961430223,72.8318050404701,0.998654866216999
"8523","Lamp5","MTCH2",-0.0292041919384452,0.0327976489586076,0.373232071389214,-0.0934864026749036,0.0350780187980133,6,0,0,0.745257210551258
"8524","Lamp5","SLC9B1",0.101510617189326,0.0851585362432777,0.233253684953073,-0.0653970468236471,0.268418281202299,7,0.0188689747806908,41.483323510351,0.623486995608806
"8525","Lamp5","PIP5K1A",-0.0799399573720782,0.0574287641455303,0.16392705041068,-0.192498266773963,0.0326183520298064,7,0.0124271074496493,63.6128685634473,0.550591979769544
"8526","Lamp5","NGEF",-0.0514225926498352,0.0379483371526959,0.175395764282009,-0.125799966742302,0.0229547814426321,7,4.18803526831822e-06,0.0364534352229527,0.567171043895676
"8527","Lamp5","SEC31A",-0.0102337983881094,0.0328054520306735,0.75507533426809,-0.0745313028647859,0.054063706088567,7,0.00191168875020905,27.4900724794778,0.926555528105898
"8528","Lamp5","TCF3",-0.042528706227529,0.0423499950815191,0.315272650422831,-0.125533171332755,0.0404757588776968,7,0,0,0.700788385002868
"8529","Lamp5","BTG1",0.00884141986151923,0.0622421038834653,0.887041412745688,-0.113150862072073,0.130833701795112,7,0,0,0.974011298943957
"8530","Lamp5","ABCA1",-0.0925712008251823,0.064451275375547,0.150917726617904,-0.218893379318928,0.0337509776685631,7,0.00953011966999712,36.1308624635791,0.530362942293128
"8531","Lamp5","IFT172",0.0240086446939604,0.0314940312277008,0.445866864837547,-0.0377185222403131,0.0857358116282338,7,0,0,0.790240777561324
"8532","Lamp5","GPSM1",-0.0299744461449111,0.0430811489707294,0.486574695223787,-0.114411946540145,0.0544630542503232,7,0,0,0.814177681246292
"8533","Lamp5","ZXDC",-0.0199774129469281,0.0317994481254222,0.529852339969787,-0.0823031860010053,0.042348360107149,7,0,0,0.83539935843094
"8534","Lamp5","CHID1",-0.084923545131444,0.0412609149063755,0.0395701710341905,-0.165793452317112,-0.00405363794577607,7,0,0,0.305062331986465
"8535","Lamp5","LINC00836",-0.0345348983692766,0.0865969216108855,0.690040185363565,-0.20426174589865,0.135191949160097,7,0,0,0.904365277607065
"8536","Lamp5","AP1M1",-0.0559065311133775,0.0423561719625263,0.186863521877571,-0.138923102682914,0.0271100404561592,7,0.00262802971339985,21.8242072888325,0.579579406254291
"8537","Lamp5","POLR3E",-0.0540590575880996,0.0462677650602505,0.242647190003051,-0.144742210751351,0.0366240955751521,7,0.00165004823890612,10.6226260672781,0.634971060228991
"8538","Lamp5","NAT10",-0.0147104410976244,0.0362141633905271,0.684590624197046,-0.0856888970733065,0.0562680148780576,7,0,0,0.903181005962289
"8539","Lamp5","LDAH",0.0328595967776816,0.0375569157552665,0.381613088802625,-0.0407506054730457,0.106469799028409,7,0.000945208906426286,9.06173962588836,0.751961693293674
"8540","Lamp5","POLR1C",0.0120164836313924,0.0633889125437087,0.849647983016424,-0.112223501973436,0.136256469236221,7,0.00437321713982233,15.5493279257565,0.960282195683175
"8541","Lamp5","NUP107",-0.0102770782386809,0.0355540995412263,0.772539547473948,-0.0799618328422366,0.0594076763648747,7,0,0,0.933379071091086
"8542","Lamp5","CRIPT",0.0998332290616405,0.0406131399588004,0.0139654455617086,0.0202329374433071,0.179433520679974,7,2.55320524355018e-08,0.000188977125227085,0.189356874685344
"8543","Lamp5","BTF3",0.0260696735995156,0.0887723091115961,0.769010858887314,-0.14792085508367,0.200060202282701,7,0.0158102843907669,31.50354885353,0.932057462987723
"8544","Lamp5","NECTIN1",-0.0492759600427627,0.0418645354497374,0.23918214163266,-0.131328941753748,0.0327770216682228,7,0,0,0.629818021824534
"8545","Lamp5","MPC2",-0.0164380279428324,0.050509562451788,0.744845150523252,-0.115434951223213,0.0825588953375487,6,0,0,0.923833556845838
"8546","Lamp5","FAM222B",-0.0423088007508433,0.0487939890537607,0.385892465957263,-0.137943261958256,0.0533256604565693,7,0.0040627427942178,25.3859864439249,0.754806673271657
"8547","Lamp5","PPIL3",-0.0663925440982269,0.0438344689601545,0.129868775784574,-0.152306524541569,0.0195214363451148,7,0,0,0.496151219276694
"8548","Lamp5","PCDH9-AS1",0.0198098727336298,0.154768349723995,0.89815140712519,-0.2835305186721,0.323150264139359,6,0.0342261875494062,24.3985751841735,0.977171524170855
"8549","Lamp5","TCF4-AS1",-0.0493177679915692,0.0851591970128082,0.562505244194545,-0.216226727089024,0.117591191105886,6,0,0,0.852814428920204
"8550","Lamp5","PRPF38A",0.048001482411885,0.0408631201724347,0.240118920457233,-0.0320887614220192,0.128091726245789,7,0,0,0.631215470616493
"8551","Lamp5","TDG",-0.149588280854143,0.0670762059444695,0.0257391880289727,-0.281055228724894,-0.0181213329833908,7,0.00684692477501239,22.5845903214085,0.251144289597949
"8552","Lamp5","LAP3",-0.0347296081336523,0.0815461949954869,0.670188903221923,-0.194557213401087,0.125097997133782,6,0.0193410866930007,55.9362642116051,0.898216865810935
"8553","Lamp5","TNFRSF21",-0.0696704998932156,0.0557461820619668,0.211379684894584,-0.178931009010283,0.0395900092238521,7,0.00679397346670842,34.5698104539709,0.601592358469601
"8554","Lamp5","YIPF5",-0.0119056126279877,0.0490510897429779,0.808223384950333,-0.108043981926666,0.084232756670691,7,2.57216498329582e-06,0.0130255104969863,0.947362141179829
"8555","Lamp5","ZNF276",-0.115538901971359,0.043678778042843,0.00816437601711865,-0.20114773382405,-0.029930070118668,7,0,0,0.150328399543524
"8556","Lamp5","SETDB2",0.0424425565503585,0.0399205800857708,0.287702667693611,-0.0358003426596991,0.120685455760416,7,0.00121431806445446,10.4254254516227,0.677503269477071
"8557","Lamp5","PGM1",-0.0521493655898206,0.0418642935702692,0.212883194126237,-0.13420187322576,0.0299031420461187,7,0,0,0.602909076634875
"8558","Lamp5","SPAG9",-0.0228982421414352,0.0215433907596998,0.287832100845907,-0.0651225121353198,0.0193260278524493,7,0,0,0.677595294097678
"8559","Lamp5","HERC6",0.0184029820519468,0.12151575534377,0.879624509037711,-0.219763521976024,0.256569486079917,7,0.0616262936658733,66.487916518936,0.971323130524652
"8560","Lamp5","HDAC7",-0.0589026290259096,0.0348476436625587,0.090972457556883,-0.12720275555061,0.00939749749879098,7,0,0,0.431628763322972
"8561","Lamp5","ZDHHC8",-0.0572585157828127,0.0581372947122668,0.324680847096387,-0.171205519577447,0.0566884880118212,7,0.0073421106221218,34.8047830847862,0.708296168420312
"8562","Lamp5","CAMKK2",-0.0458301050505339,0.0335405060795977,0.171810104763166,-0.111568288989792,0.0199080788887242,7,3.45422717110396e-06,0.0389342235704554,0.56276410520658
"8563","Lamp5","TTN",-0.0144636950942951,0.0736038346503474,0.844213074001525,-0.158724560133017,0.129797169944427,7,0,0,0.959421815061179
"8564","Lamp5","ANKRD6",-0.0480115398825417,0.0274053749600627,0.079790606137557,-0.10172508778708,0.0057020080219971,7,0,0,0.407610362579686
"8565","Lamp5","NPIPA1",-0.0564714998829302,0.0625736387630461,0.36680158142976,-0.17911357824012,0.0661705784742596,7,0.00159927063901604,5.55646332049664,0.738840871444988
"8566","Lamp5","WBP4",0.0322823105986426,0.0408962261464981,0.429894976470162,-0.047872819752099,0.112437440949384,7,0.00160444447901735,13.5066420015772,0.781980608660896
"8567","Lamp5","PDHB",-0.111702907119882,0.0673650770858189,0.097282687160609,-0.243736032023851,0.0203302177840878,6,0.00546207699744382,20.1565813705401,0.443201392668085
"8568","Lamp5","TRIM32",0.034307978792081,0.0504185402248163,0.496210994830844,-0.064510544201643,0.133126501785805,7,0.00227527019120322,12.4392076315193,0.818960431573567
"8569","Lamp5","TTC21A",-0.113134740123644,0.0469144962532956,0.0158866503019248,-0.205085463132942,-0.0211840171143452,7,2.21510939495106e-06,0.0124158141762293,0.202979114274272
"8570","Lamp5","ZNF496",-0.0342532003099848,0.0475134185687142,0.470960982461492,-0.127377789487041,0.0588713888670718,7,0.00212801034045007,13.2037421138202,0.805136073271473
"8571","Lamp5","RASD1",0.267239724445164,0.0856403639532978,0.00180551679846883,0.0993876954737983,0.43509175341653,6,0.00405415065186391,8.80614709992587,0.0742786624252629
"8572","Lamp5","CEP192",-0.0103439113468991,0.0263021719707731,0.694118496073202,-0.0618952211247933,0.041207398430995,7,0,0,0.905942502810902
"8573","Lamp5","KALRN",0.04065397302469,0.0348711727368009,0.243681866568577,-0.0276922696381148,0.109000215687495,7,0.00128516981193823,15.0201353599944,0.636259619574418
"8574","Lamp5","GCNT1",0.0943505559909853,0.126909623030881,0.457211205445795,-0.154387734441096,0.343088846423067,6,0.0367120664596009,42.8034635941653,0.797867912728187
"8575","Lamp5","DDX27",-0.0213644869308783,0.0697695799414267,0.75944100673963,-0.158110350832563,0.115381376970806,7,0.0133096209241024,47.5824288749571,0.926555528105898
"8576","Lamp5","TMEM116",0.0940615811306064,0.0478938507769184,0.0495347938790568,0.000191358526910629,0.187931803734302,7,0.00205112197196669,12.4567996872747,0.332614598539944
"8577","Lamp5","EXD3",-0.106917667797027,0.0450835159932713,0.0177138035128876,-0.195279735440274,-0.0185556001537799,7,0.00197194571713233,13.6803737039104,0.213290410314327
"8578","Lamp5","SLC29A1",-0.121781502807848,0.0645359521564513,0.0591558217784674,-0.248269644742493,0.00470663912679643,7,0.0076144157110928,28.227339254645,0.359143231846617
"8579","Lamp5","KDM7A",0.117498066148171,0.0416321458598739,0.00476817626755795,0.0359005596636998,0.199095572632642,7,5.54400129711921e-07,0.00388247861244019,0.118072529571483
"8580","Lamp5","NXPH1",0.0382705875508337,0.0354665997678164,0.280561001282914,-0.0312426706481831,0.10778384574985,7,7.63755179594238e-07,0.00796461101875452,0.670241513052811
"8581","Lamp5","ODF2",-0.0790688900238963,0.0440838234891445,0.0728765140267592,-0.16547159636344,0.00733381631564767,7,0,0,0.389808779700079
"8582","Lamp5","SOCS4",0.0423436685120692,0.0459204930920811,0.356472080165502,-0.0476588441007301,0.132346181124869,7,0,0,0.73260862806311
"8583","Lamp5","TM2D2",0.0537062162104112,0.0802878203747379,0.503545816937045,-0.103655020121296,0.211067452542119,7,0.00911504238032509,20.8445125172836,0.822278216591144
"8584","Lamp5","POMGNT2",-0.0734159941523136,0.0459222530344988,0.109886850536197,-0.163421956188867,0.0165899678842393,7,0,0,0.463734401407849
"8585","Lamp5","SORBS1",0.083823598126616,0.0328714698104054,0.0107710228911293,0.0193967011793258,0.148250495073906,7,0,0,0.168803505780448
"8586","Lamp5","HMGCS1",0.167823057210543,0.104331110439447,0.107712154136102,-0.0366621617178433,0.37230827613893,7,0.028645319945553,42.835787521043,0.462358094513152
"8587","Lamp5","SPATS2L",0.12582080092173,0.0374630398119374,0.000783577777117512,0.0523945921389425,0.199247009704517,7,1.67888049758459e-06,0.0151065014481178,0.05273841383201
"8588","Lamp5","COG1",0.000691612506843065,0.0414685768417274,0.986693506213814,-0.0805853045930743,0.0819685296067605,7,3.35558468264018e-06,0.0241403748762464,0.997442851983139
"8589","Lamp5","ROCK2",0.00642828553713961,0.0307349047934256,0.834329106405151,-0.0538110209262421,0.0666675920005213,7,9.28095302178204e-07,0.0120025996390453,0.957357485533819
"8590","Lamp5","NEDD9",-0.083326106221216,0.065649436850285,0.204348879922881,-0.211996638053111,0.0453444256106792,7,0.00237964010038472,7.4380724755148,0.593908097926263
"8591","Lamp5","MLF2",-0.0136748580979624,0.0502478781842589,0.785508245434245,-0.112158889638666,0.084809173442741,7,0.00113111042754373,5.69871095991469,0.938430753353973
"8592","Lamp5","TBCE",0.0680184790957264,0.0864033938551907,0.431153095528689,-0.101329061002477,0.23736601919393,5,0,0,0.782421831476114
"8593","Lamp5","CAMK1D",-0.0182194260827525,0.030711270489337,0.553014620736916,-0.0784124101613208,0.0419735579958157,7,0,0,0.847358654329107
"8594","Lamp5","DNAJC2",-0.00712810972686432,0.0447916076878176,0.873559044317804,-0.0949180476046342,0.0806618281509056,7,4.05590187412672e-07,0.00258196810493878,0.969009610518192
"8595","Lamp5","CCZ1",-0.0595790601770307,0.0457814396847751,0.193128339789605,-0.149309033119583,0.0301509127655213,7,1.03339276326142e-06,0.00623235090741789,0.587101955968255
"8596","Lamp5","DGCR2",-0.0285437028996273,0.0264838909102059,0.281133717460543,-0.0804511752541185,0.0233637694548639,7,0,0,0.67040441218557
"8597","Lamp5","PIP4P1",-0.045063130673203,0.0600675983612058,0.453130064492805,-0.162793460098983,0.0726671987525774,5,0,0,0.795232079328724
"8598","Lamp5","TPM4",-0.00568039229503359,0.0380295072942458,0.881263243110511,-0.0802168569415587,0.0688560723514915,7,0,0,0.972169230111958
"8599","Lamp5","ABHD13",0.0709724367763438,0.050609720225789,0.160811371969419,-0.028220792133851,0.170165665686538,7,0.00366638259245495,21.153504020758,0.54479977262954
"8600","Lamp5","CDCA7",-0.182107555164009,0.0578451848848943,0.0016428562506691,-0.295482034217463,-0.0687330761105556,7,4.98045653082105e-06,0.0194742353358685,0.0709709000283925
"8601","Lamp5","POLR3G",-0.0171399614290673,0.0430109668572858,0.690260096697149,-0.101439907409593,0.0671599845514587,7,2.46306800921197e-06,0.0166237292761809,0.904538735086697
"8602","Lamp5","C10orf88",-0.0872677427854387,0.0413654501115877,0.0348861783864027,-0.168342535208439,-0.00619295036243851,7,0,0,0.288056987331306
"8603","Lamp5","CHD6",0.098855016315587,0.0440598259314193,0.0248546549588536,0.0124993443249012,0.185210688306273,7,0.00693669996279325,60.431992447991,0.249778839204143
"8604","Lamp5","MRPS26",-0.0526746534540307,0.0784931281463847,0.502173746495598,-0.206518357654832,0.101169050746771,6,0.0120853577962607,35.3022664523067,0.822107574858433
"8605","Lamp5","TOR1B",0.0439633964334921,0.0433037904154018,0.309995220578529,-0.0409104731747663,0.12883726604175,7,0,0,0.696879927838551
"8606","Lamp5","TMEM67",-0.014405249115246,0.0353143362601902,0.683336045803307,-0.0836200763231558,0.0548095780926637,7,0,0,0.902529462625427
"8607","Lamp5","EXTL2",-0.0715840904504757,0.0364260654066263,0.0493924066546652,-0.142977866745964,-0.000190314154987783,7,0,0,0.332374326718857
"8608","Lamp5","GALNT10",0.129918249015652,0.071899755740594,0.070772276022649,-0.0110026827331393,0.270839180764443,7,0.00563290402863875,15.5360153608944,0.386291943840648
"8609","Lamp5","CNP",-0.0986373579667027,0.0533195191380041,0.0643236935919697,-0.203141695150185,0.00586697921677953,7,0,0,0.371768534793044
"8610","Lamp5","MAFB",0.183848842703539,0.106845441053806,0.085305459428825,-0.025564373674218,0.393262059081297,7,0.0280622916010774,40.5419511321517,0.419069752706095
"8611","Lamp5","CACNB4",0.050455936920893,0.0329785428048478,0.126025987948208,-0.0141808192392212,0.115092693081007,7,0,0,0.489015181658863
"8612","Lamp5","TTPAL",-0.0338299317626232,0.0574940442663612,0.556258747503838,-0.146516187850243,0.0788563243249963,7,0.00376496581189411,16.3693100170573,0.849257985192773
"8613","Lamp5","RNF123",-0.133152416510695,0.0438410836941953,0.00238818098098775,-0.219079361594524,-0.0472254714268657,7,0,0,0.0833125240184361
"8614","Lamp5","CBX7",-0.0752752694667703,0.0414481604284631,0.0693503518301084,-0.156512171131996,0.00596163219845566,7,0,0,0.382747846461464
"8615","Lamp5","FUS",-0.0931068691161669,0.0447614653117887,0.0375193423281243,-0.180837729022512,-0.00537600920982213,7,0.00433544755884564,33.1395589189229,0.297267963181042
"8616","Lamp5","PHPT1",-0.0886270870854768,0.0802598033971742,0.26948362940472,-0.245933411150204,0.0686792369792501,7,0,0,0.659274435928009
"8617","Lamp5","GABRB2",0.0270934988427562,0.0390153880966598,0.487411896252413,-0.0493752566695496,0.103562254355062,7,0.00239534558699795,23.5411995671887,0.814561714683066
"8618","Lamp5","TXLNA",-0.012008244872014,0.0438195219999793,0.78405488080049,-0.0978929298117341,0.073876440067706,7,0,0,0.938006965913192
"8619","Lamp5","CCNDBP1",-0.0119003684044063,0.0646562153809979,0.853969474765159,-0.138624221927827,0.114823485119014,7,0.00853519396706835,32.1314670085061,0.96190472345748
"8620","Lamp5","CARD18",0.199633548819972,0.0943387173319633,0.0343332488920591,0.0147330605016195,0.384534037138325,5,0,0,0.287703178241735
"8621","Lamp5","GTF2H3",-0.00707919463046756,0.0314717070927241,0.822027215774621,-0.0687626070642006,0.0546042178032655,7,0,0,0.952300667039886
"8622","Lamp5","SPRY4",-0.0800391216438748,0.175282876536407,0.647938235647888,-0.423587246761813,0.263509003474063,7,0.125912439294925,68.9778323009649,0.888548314719521
"8623","Lamp5","MRRF",0.0021564532349475,0.0336875291721359,0.948959558097644,-0.0638698906705812,0.0681827971404762,6,0,0,0.989570721185087
"8624","Lamp5","HEATR5B",-0.0639903523612073,0.0285581398565634,0.025045222718648,-0.119963277945529,-0.00801742677688515,7,0.000698630490801093,11.9197474315321,0.250179263646175
"8625","Lamp5","PDE1A",-0.0405171124850599,0.0815980568028837,0.619509900112619,-0.200446365027165,0.119412140057046,7,0.00953898185266377,21.0457842051116,0.877471007323414
"8626","Lamp5","DEK",-0.0185469220438431,0.0415074031630619,0.654994867236483,-0.0998999373352282,0.0628060932475421,7,0,0,0.891827184164812
"8627","Lamp5","R3HDM1",0.00353390366562638,0.0248034600638822,0.886703847648076,-0.0450799847515603,0.052147792082813,7,4.71777055021623e-06,0.0942728006947037,0.974011298943957
"8628","Lamp5","PIGL",-0.102214744361186,0.0417388476277807,0.0143288646287903,-0.184021382467841,-0.0204081062545304,7,0.00113906853053015,8.98007868122629,0.192024501934971
"8629","Lamp5","MEF2C-AS2",-0.00512582001066243,0.087192009112099,0.953121184150089,-0.176019017610065,0.16576737758874,5,0.00374512532845025,9.15791415529653,0.991132091050801
"8630","Lamp5","WDR11",0.00201334767265157,0.0297667257550835,0.946074182746222,-0.0563283627449929,0.0603550580902961,7,0,0,0.988865030560056
"8631","Lamp5","HAVCR2",0.0863569365041923,0.0547393528082574,0.114656971698228,-0.0209302235370236,0.193644096545408,7,1.87435889873311e-06,0.00804518702440673,0.470729373142631
"8632","Lamp5","AKIP1",-0.0598025962254414,0.0518054682471938,0.248349158965313,-0.161339448192175,0.0417342557412919,7,0,0,0.639261212239815
"8633","Lamp5","ELMOD2",0.00577248014719198,0.0467384240238013,0.901706349664785,-0.0858331476336203,0.0973781079280042,7,0,0,0.977956078464346
"8634","Lamp5","CALM3",-0.000130613267506929,0.0560291346737036,0.998139999559203,-0.10994569931291,0.109684472777896,7,0.00212512061681877,9.10967995371986,0.999773769742565
"8635","Lamp5","TRMU",-0.0991563725537869,0.0440086048526637,0.0242520065975331,-0.185411653074862,-0.0129010920327114,6,0,0,0.245996392620779
"8636","Lamp5","PCMTD2",0.0446931162625291,0.0326007735556779,0.17039928602077,-0.0192032257747453,0.108589458299804,7,0,0,0.560606619400933
"8637","Lamp5","UPF3B",-0.026338013573588,0.0325780250820926,0.418826116802763,-0.0901897694219321,0.0375137422747561,7,3.01191166661626e-06,0.0343850320755358,0.774175034143301
"8638","Lamp5","FAM210A",0.0268446704279008,0.0406769944692772,0.50928768438208,-0.0528807737312175,0.106570114587019,6,0,0,0.824364693203052
"8639","Lamp5","SAMD12-AS1",-0.0983103392167409,0.0993894392951639,0.322593324202558,-0.293110060678892,0.0964893822454104,5,3.84859136078133e-06,0.00587513441620742,0.706734763099365
"8640","Lamp5","TENM1",0.118333819175857,0.043598855647434,0.00664461406163514,0.032881632339726,0.203786006011989,7,2.92088376514685e-06,0.0197902025076204,0.136769259144741
"8641","Lamp5","SLC24A5",0.0502996556999587,0.129872852350358,0.698534695590348,-0.204246457476231,0.304845768876148,6,0,0,0.906391554342484
"8642","Lamp5","CYFIP2",0.0325780171441516,0.0300675854412108,0.278589674065921,-0.0263533674227024,0.0915094017110057,7,0.00103261781443256,16.3822482146533,0.668106652398611
"8643","Lamp5","ZNF347",0.04217702812708,0.0449288325166733,0.34785812570866,-0.0458818654730317,0.130235921727192,7,0,0,0.727386548748283
"8644","Lamp5","TRIP12",0.00777805935869515,0.0288019529945871,0.787119331499894,-0.0486727311951112,0.0642288499125015,7,0.00118199661165129,21.2231560577694,0.938643357904296
"8645","Lamp5","BICDL1",-0.0959832996939321,0.0407429979172308,0.018481711727828,-0.175838108233895,-0.0161284911539693,7,0.00310687062455692,28.6236869331488,0.217756443894674
"8646","Lamp5","BAHCC1",0.00199028046828586,0.0425764115487043,0.962715601541809,-0.0814579527581298,0.0854385136947016,7,0.00092834059663919,6.89285234442217,0.994163912108515
"8647","Lamp5","NDUFAF5",0.0156054997738602,0.0377226604932332,0.679100911693254,-0.0583295561939087,0.0895405557416292,6,0.00189005230228595,22.4637296396979,0.901589974244206
"8648","Lamp5","PDCD11",-0.0525684610694354,0.0707594736396606,0.457531546004769,-0.191254480968182,0.0861175588293108,7,0.0142943642960723,48.5935465632205,0.798045646246186
"8649","Lamp5","APAF1",-0.0151874569996363,0.0380768133519879,0.689993669638725,-0.0898166398155865,0.0594417258163138,7,0.00057418697585113,4.94699758769124,0.904365277607065
"8650","Lamp5","LRIG1",0.0406902588203003,0.0340947981861194,0.232695227403132,-0.0261343176846551,0.107514835325256,7,0.000145566166714558,1.59510862493649,0.623486995608806
"8651","Lamp5","PACSIN2",0.0312653817041888,0.0483216519094191,0.517614894609737,-0.0634433157117539,0.125974079120131,7,0.00641114188532147,45.6912475292691,0.828668878800248
"8652","Lamp5","PWRN4",0.222148112420662,0.17186036857732,0.196146620739931,-0.114692020360664,0.558988245201989,5,0.0939845617728427,68.3873329180151,0.588636747159056
"8653","Lamp5","RPL19",-0.0666369407470293,0.0852225928482801,0.434263721722655,-0.233670153398779,0.10039627190472,7,0.00704848820128558,13.5870992781198,0.783666794640294
"8654","Lamp5","ZFYVE21",-0.0472586862682831,0.0575228117297964,0.411324937095838,-0.160001325548162,0.0654839530115959,7,0.00693929954970201,33.4420537302277,0.770723852721724
"8655","Lamp5","RABL2A",-0.0323604956431442,0.0771977641323347,0.675077612123942,-0.183665333029538,0.11894434174325,5,0,0,0.899979293952049
"8656","Lamp5","SLIRP",-0.0365294315118085,0.0551608502483706,0.507820791054633,-0.144642711355222,0.0715838483316051,6,0,0,0.823684909836207
"8657","Lamp5","RXYLT1",0.00158019839218048,0.0508510649960054,0.975209702879914,-0.0980860575754955,0.101246454359856,5,0.000169248648354276,1.11526218391666,0.997093441046833
"8658","Lamp5","ARMC10",0.00751513148900291,0.0349946995126449,0.829961797074669,-0.0610732192055825,0.0761034821835883,6,0,0,0.955552112131965
"8659","Lamp5","UGDH-AS1",0.028591746821707,0.0447673301681432,0.523034783152518,-0.059150607991867,0.116334101635281,7,0,0,0.831999597196191
"8660","Lamp5","MAMLD1",0.104237147625254,0.0461226498974899,0.0238213062003633,0.0138384149546239,0.194635880295885,7,0,0,0.242885264657166
"8661","Lamp5","IP6K2",-0.0346622223180435,0.0392672536400834,0.377384377913113,-0.111624625224406,0.0423001805883194,7,0.00335374164747402,35.233538215875,0.747951570345198
"8662","Lamp5","COL28A1",0.0402868466485708,0.0653571644318612,0.537623582281129,-0.0878108417695394,0.168384535066681,7,0.00227594776344048,7.07629279761698,0.839242973567422
"8663","Lamp5","RNF215",-0.0432124112566947,0.0406410281394638,0.287659243989144,-0.122867362704723,0.0364425401913332,7,0,0,0.677503269477071
"8664","Lamp5","SNRNP200",-0.0564551142192039,0.0367468284208009,0.12445840381884,-0.128477574470046,0.0155673460316387,7,0,0,0.486676597412247
"8665","Lamp5","LINC00632",0.0550689149208614,0.0344152201664062,0.109569175492917,-0.0123836771253113,0.122521506967034,7,0,0,0.463734401407849
"8666","Lamp5","NIN",-0.0275270769760936,0.0454599537610855,0.544831117687877,-0.116626949086677,0.0615727951344902,7,0.000667102265576945,4.21271760114521,0.843376602544951
"8667","Lamp5","SLC46A3",0.120850846974725,0.0649160479013707,0.0626526874492645,-0.00638226893063809,0.248083962880089,7,0.00608484602088399,21.5088321474378,0.367678264177257
"8668","Lamp5","SAT2",-0.148975035947678,0.0573013877895702,0.00932644087063409,-0.261283692279399,-0.0366663796159571,7,0,0,0.158655627840559
"8669","Lamp5","E2F3",-0.0213522026262427,0.0373478919866925,0.567517745577488,-0.0945527258186521,0.0518483205661667,7,0,0,0.853498876246994
"8670","Lamp5","SESN3",0.175031895463335,0.0450616101333501,0.000102633722280981,0.0867127625165834,0.263351028410086,7,2.06566681690433e-07,0.00131391048454567,0.0219177979421117
"8671","Lamp5","EIF3E",0.0551569286811318,0.0477153189997332,0.247698131380185,-0.0383633780691851,0.148677235431449,7,0.00489173017290817,34.6281248365233,0.638685199046063
"8672","Lamp5","VHL",0.0421042365102188,0.0397362699173282,0.289330222661079,-0.0357774214077068,0.119985894428144,7,2.11293661233233e-06,0.0163239300561112,0.679250124225333
"8673","Lamp5","SIPA1L1",0.0343422706453299,0.0298046954647103,0.249220971502983,-0.0240738590356865,0.0927584003263462,7,0.000577943887270239,8.81970220248509,0.640081219636306
"8674","Lamp5","ACTR3C",0.181117497550535,0.118115900083521,0.125180296679961,-0.0503854126146985,0.412620407715769,7,0.0629933383764366,73.9505159475808,0.487679201378678
"8675","Lamp5","BMERB1",-0.0114743222371564,0.024717409587369,0.642489949212672,-0.0599195548195247,0.0369709103452119,5,0,0,0.886703736972112
"8676","Lamp5","SEZ6L",0.0148568546416362,0.0575542685487403,0.796301600531249,-0.0979474388704412,0.127661148153714,7,0,0,0.943187190133141
"8677","Lamp5","VPS26C",0.0146057270278179,0.0377114352295878,0.698532394991921,-0.0593073278274893,0.088518781883125,5,0.00140707911375467,19.5172660812232,0.906391554342484
"8678","Lamp5","SLC45A4",0.0237577535707912,0.044394088742195,0.592542135208312,-0.0632530614903862,0.110768568631969,7,0,0,0.864066747342544
"8679","Lamp5","PRKCI",-0.00239044802339683,0.0261164532398086,0.927071194140006,-0.053577755777346,0.0487968597305523,7,4.51374218916114e-06,0.079248739465781,0.983835691784571
"8680","Lamp5","AP4B1",0.013466901661172,0.0420605418872478,0.748832651960095,-0.068970245608072,0.0959040489304159,7,4.56983591144521e-08,0.000309927035970494,0.925194087086923
"8681","Lamp5","SPIN3",0.0128984615368479,0.0317675625879261,0.684723377149669,-0.0493648170121092,0.0751617400858051,7,3.01692022592805e-06,0.0374751789789431,0.903181005962289
"8682","Lamp5","ZNF189",-0.062220648082661,0.0471413104233864,0.186876677859064,-0.154615918696521,0.0301746225311989,7,0.00184334733376039,11.5069215594258,0.579579406254291
"8683","Lamp5","AVEN",-0.0974788575900821,0.0472147402456385,0.0389622574632998,-0.190018048010947,-0.0049396671692168,7,0,0,0.30296104741636
"8684","Lamp5","TIMM50",-0.035778126804702,0.047336626775217,0.449755127986764,-0.128556210433742,0.0569999568243378,6,0,0,0.793073072190167
"8685","Lamp5","ZNF83",0.0406502613184135,0.048658886279676,0.403485268829525,-0.0547194033175817,0.136019925954409,7,0.00349673058092223,21.8444579862581,0.766114903985236
"8686","Lamp5","MROH8",-0.0417085577513872,0.0570275162982991,0.464549509906934,-0.153480435823824,0.0700633203210501,7,0.000995067569664827,4.12718164326518,0.800596104093666
"8687","Lamp5","CMTM6",-0.039557273999539,0.050476808270702,0.433232448421947,-0.138490000264648,0.0593754522655704,7,0,0,0.783353965026019
"8688","Lamp5","MIPEP",0.0638372839942688,0.0408814679812698,0.118400796626784,-0.0162889208841473,0.143963488872685,6,0,0,0.475312227881743
"8689","Lamp5","ZNF432",-0.0744279234099392,0.0466316804016068,0.110470785156213,-0.165824337535671,0.0169684907157924,7,0.00167303731706884,10.5211905048966,0.464202431371452
"8690","Lamp5","ABRACL",-0.269042122125345,0.0968459486958916,0.00546875330752622,-0.458856693617906,-0.0792275506327834,7,0.0180676290930918,30.1880799167408,0.126013142205599
"8691","Lamp5","DDX21",-0.0461143190272025,0.1003956833648,0.646000284334556,-0.242886242625498,0.150657604571093,7,0.0471099517634684,78.6945483308407,0.887475632576173
"8692","Lamp5","MPG",-0.0408148631469331,0.0740549293222476,0.581535583492386,-0.185959857496198,0.104330131202331,7,0.0120797079144617,36.0539984795481,0.858378677238391
"8693","Lamp5","FAM153A",-0.140849518482573,0.0819763264426804,0.0857650475316418,-0.301520165895125,0.0198211289299787,7,0.000563465957737759,1.0894327862108,0.419873237186504
"8694","Lamp5","APOO",-0.0325907546969006,0.0558787314195712,0.55973122466846,-0.142111055781047,0.0769295463872456,6,0.00826467848606376,49.1343253946336,0.850765851018062
"8695","Lamp5","CSDE1",-0.00764288982120381,0.030145407164176,0.799855484348086,-0.0667268021622845,0.0514410225198769,7,0.000606687869401421,8.78116205678977,0.94399207908011
"8696","Lamp5","TCEAL5",-0.0567898753701288,0.0635895524910387,0.371820077058506,-0.181423108045584,0.0678433573053264,7,0,0,0.744075686335789
"8697","Lamp5","ZNF140",-0.0755471577860121,0.0712937206795869,0.28929896356199,-0.215280282641861,0.0641859670698366,7,0.0166445426280426,54.4660786384699,0.679250124225333
"8698","Lamp5","KDM2A",-0.0276268642153967,0.0313997491207421,0.378944112208797,-0.0891692416156444,0.0339155131848509,7,0.0010486379357616,15.0830914780567,0.749103184562571
"8699","Lamp5","PXN",0.0663508950361072,0.049819961521635,0.182921495779834,-0.0312944352574687,0.163996225329683,7,0,0,0.575602130380935
"8700","Lamp5","C2CD5",0.0161684013311544,0.0276865029589333,0.55923286073325,-0.0380961473262165,0.0704329499885254,7,0,0,0.850674250152825
"8701","Lamp5","EID2B",0.0224356042408038,0.055036246640423,0.683529605899668,-0.0854334570186888,0.130304665500297,7,0,0,0.902542846080836
"8702","Lamp5","RPS20",-0.0234499570940351,0.0471598369928806,0.619016830666966,-0.115881539116861,0.0689816249287906,7,0,0,0.877471007323414
"8703","Lamp5","IFT46",0.094714554916106,0.0385219811771302,0.0139435440835086,0.019212859195801,0.170216250636411,7,0,0,0.189356874685344
"8704","Lamp5","SLC31A1",0.00211736812716168,0.0393952203670943,0.957136873465484,-0.075095844955362,0.0793305812096854,7,0,0,0.993217221014664
"8705","Lamp5","NPRL3",-0.0257855467368912,0.0305873749474552,0.399221319175483,-0.0857357000155261,0.0341646065417436,7,0,0,0.762743492813461
"8706","Lamp5","ZNF43",-0.00247277061504733,0.0462732325032358,0.957382556630188,-0.0931666397696377,0.088221098539543,7,0,0,0.993217221014664
"8707","Lamp5","PLCG1",-0.0182460769633778,0.0447462196860601,0.683444001466332,-0.105947055992373,0.0694549020656172,7,0,0,0.902529462625427
"8708","Lamp5","HSDL2",-0.021211569062176,0.0441872541322749,0.631200244667344,-0.107816995737154,0.0653938576128015,6,0,0,0.882993296421211
"8709","Lamp5","VRK3",-0.120128455975609,0.0404068002287984,0.00294927305560819,-0.199324329154558,-0.0409325827966589,7,0,0,0.0904594452672365
"8710","Lamp5","ZBTB40",0.0921560993483842,0.0768801775390495,0.230645475487306,-0.0585262797531981,0.242838478449967,7,0.0192762722179635,53.9543770408346,0.622173557622513
"8711","Lamp5","UBALD1",0.0289940887603172,0.0583225232851168,0.619094807975053,-0.0853159563660104,0.143304133886645,7,6.12933450576241e-06,0.0223761524840865,0.877471007323414
"8712","Lamp5","HHIP",-0.0563981254429503,0.088018200044794,0.521681699210367,-0.228910627514788,0.116114376628888,6,0.000795856980519295,1.47361061066619,0.831522682904985
"8713","Lamp5","ZBED4",-0.0632102616673251,0.0396852548927543,0.111207396724907,-0.140991931974415,0.0145714086397653,7,0,0,0.464976377514909
"8714","Lamp5","CYB561",-0.050553223037254,0.0876379557654159,0.564046430544667,-0.222320460016184,0.121214013941676,7,0,0,0.852935819308762
"8715","Lamp5","METTL26",-0.0112233684744859,0.0611389832011537,0.854349704708308,-0.131053573600146,0.108606836651175,7,0,0,0.961977979343438
"8716","Lamp5","KATNAL2",0.0895959009615897,0.0515481425043526,0.082192940387102,-0.0114366018168797,0.190628403740059,7,0.000803262583591372,3.96694419231559,0.412822678543904
"8717","Lamp5","EFCAB5",-0.0287897190019188,0.0504965214079692,0.568587685668934,-0.127761082306094,0.0701816443022567,7,0,0,0.853809660084729
"8718","Lamp5","SLC27A5",-0.0531575494911848,0.0489347665745162,0.277348884950073,-0.149067929569111,0.0427528305867415,7,0.000206297771312427,1.07138078761283,0.667444192106062
"8719","Lamp5","TIAM1",0.0432910247131212,0.0419817103167791,0.302452791779985,-0.0389916155171594,0.125573664943402,7,0.00384603353363747,33.2983942079673,0.692520187037497
"8720","Lamp5","AEBP2",-0.0185341620681192,0.0334539637590441,0.579565218325602,-0.0841027261759538,0.0470344020397154,7,0,0,0.858378677238391
"8721","Lamp5","CYC1",-0.134484754752625,0.120833866406525,0.265720295963223,-0.371314781022138,0.102345271516887,6,0.0418860502050827,53.5088271773005,0.654477926053113
"8722","Lamp5","ADRA1B",-0.068383684125321,0.0473104279742788,0.14833849339728,-0.161110419048084,0.0243430507974417,7,0,0,0.5270337439794
"8723","Lamp5","AP3M1",-0.0679462132646257,0.0404425948128665,0.0929445484522302,-0.14721224253919,0.011319816009939,7,3.54851338961259e-07,0.00268322647915577,0.435502071836471
"8724","Lamp5","CTDSP2",0.067802001306003,0.0511301997736006,0.184817954684675,-0.0324113487725922,0.168015351384598,7,0.0048027534544574,28.5392657577225,0.577537998451536
"8725","Lamp5","TIMM13",-0.0987360004357326,0.0688780773601955,0.151717998465911,-0.23373455138608,0.0362625505146143,6,0,0,0.531613109772583
"8726","Lamp5","DOCK6",-0.205941808398309,0.0769552565756011,0.00744790854651204,-0.356771339707527,-0.0551122770890922,7,0,0,0.145538461287153
"8727","Lamp5","NCAN",-0.00822559662786291,0.0450743119257952,0.855198454837863,-0.0965696246303457,0.0801184313746199,7,0,0,0.962389980371319
"8728","Lamp5","ENTPD1-AS1",0.0559970610524466,0.0336887070995945,0.0964745119057893,-0.0100315915484774,0.122025713653371,7,0,0,0.441334922410919
"8729","Lamp5","PFKL",0.0162099817658001,0.0401264352160068,0.686232842357134,-0.062436386085553,0.0948563496171532,7,0,0,0.903181005962289
"8730","Lamp5","RBM3",-0.0810727111535758,0.0759800670353868,0.285960070778596,-0.229990906085873,0.0678454837787213,7,0.0110760237639052,30.0105066766377,0.675582079502415
"8731","Lamp5","ZNF30",0.0787030447227687,0.0486723455499558,0.105878893068943,-0.016692999598233,0.17409908904377,7,0,0,0.459456479186204
"8732","Lamp5","ZNF562",-0.0890480530183388,0.0497873109305162,0.073684214922268,-0.186629389329248,0.00853328329257026,7,0.00619367139557421,40.9547494153086,0.391988223423222
"8733","Lamp5","INTS1",-0.0777962994821678,0.0416732743805148,0.0619274077099889,-0.159474416385833,0.00388181742149687,7,0,0,0.366992006344776
"8734","Lamp5","RAB39A",0.163953796219714,0.0940265323174328,0.0812119129918413,-0.0203348207136456,0.348242413153074,7,0.0244715075611435,44.154008200177,0.410887925641828
"8735","Lamp5","PRKAR2A",-0.0281652127727014,0.0273287264862541,0.302724534927601,-0.0817285324291054,0.0253981068837026,7,0,0,0.692629309841654
"8736","Lamp5","ATM",0.0373067973725306,0.0264382428354707,0.158217439371372,-0.0145112063995161,0.0891248011445772,7,0.00023258331339803,4.21699548700763,0.54200010238964
"8737","Lamp5","BTN2A1",-0.0306514643353296,0.0433066600008043,0.479083659167464,-0.115530958227627,0.0542280295569682,7,0,0,0.810032727270423
"8738","Lamp5","BZW2",-0.0104318108920036,0.0383003388732601,0.785338589538961,-0.0854990956792729,0.0646354738952656,7,0.00184138867878019,18.2285089194939,0.938430753353973
"8739","Lamp5","CFAP70",0.0580315510262513,0.0464969578149132,0.212004691975706,-0.0331008116816568,0.149163913734159,7,0,0,0.60179542163244
"8740","Lamp5","EHMT2",-0.0407909121091304,0.0588897520796089,0.488519361020139,-0.156212705243657,0.0746308810253958,7,0.0089543219759831,42.7617578822296,0.814652322725058
"8741","Lamp5","CCZ1B",-0.0945349633800367,0.0649966233933267,0.145818924201628,-0.221926004347671,0.0328560775875972,7,0.00663656897314976,23.2745303209671,0.522269692067356
"8742","Lamp5","SQLE",0.0519107821489904,0.0625824616722886,0.406833917304297,-0.0707485887925536,0.174570153090534,7,1.42837346654119e-07,0.000449110785719301,0.767765001900282
"8743","Lamp5","CUTC",-0.011086266307651,0.0514163542217862,0.829285905269371,-0.111860468798706,0.0896879361834039,7,5.54654309637207e-06,0.0264977427345911,0.955256723003559
"8744","Lamp5","MTMR10",0.149360979976618,0.0743618835827763,0.044582853338712,0.00361436633181592,0.29510759362142,7,0.0177412862955065,55.3459053933603,0.318308264523974
"8745","Lamp5","DDX42",-0.0256065086944749,0.030558285621528,0.40205523353198,-0.0854996479419579,0.0342866305530081,7,0,0,0.764575004914656
"8746","Lamp5","NIPAL2",0.0914567623761222,0.0640048625136781,0.153032014851966,-0.0339904629861246,0.216903987738369,7,0.0105515291475638,41.6030542398244,0.534237775584196
"8747","Lamp5","SRSF4",-0.0710345018923991,0.0307223278371397,0.0207696488373368,-0.131249157974425,-0.010819845810373,7,0,0,0.22867109709499
"8748","Lamp5","LIFR-AS1",0.014166428604541,0.0803196932317055,0.859998926141872,-0.143257277378907,0.171590134587989,7,0.0133806722554702,32.0728924220197,0.96479616864265
"8749","Lamp5","NRG2",-0.0096944270431129,0.0393892051247647,0.805590208515526,-0.0868958504673123,0.0675069963810865,7,0.00308534598201527,30.9586442639246,0.946083351042798
"8750","Lamp5","DTX1",0.025331211546147,0.0468496769650772,0.58872039368328,-0.06649246799274,0.117154891085034,7,0.00365520259613099,25.2492053772484,0.861540282434942
"8751","Lamp5","MAGEC3",-0.0711055865228102,0.175965966457126,0.686148631277751,-0.41599254328356,0.27378137023794,7,0.061942348629971,29.4731217567615,0.903181005962289
"8752","Lamp5","PPME1",-0.0171418243467148,0.0245994389784351,0.485904169618981,-0.0653558387843384,0.0310721900909088,7,0,0,0.813793954483181
"8753","Lamp5","VLDLR",-0.00377509667593141,0.0393303296952943,0.923532991056868,-0.0808611263787944,0.0733109330269316,7,0,0,0.982375103729229
"8754","Lamp5","CATSPERE",0.0574074587434441,0.0573877624806941,0.317144441060593,-0.0550704888720553,0.169885406358943,5,0,0,0.701947766322472
"8755","Lamp5","RBCK1",-0.0298072837079711,0.0387336371215495,0.441569735032475,-0.105723817456452,0.0461092500405096,7,0,0,0.789183031540836
"8756","Lamp5","PCCB",0.013668927971336,0.0335622831176823,0.683809323760227,-0.052111938178258,0.07944979412093,6,0.00105697763247818,15.358825024889,0.902812508594453
"8757","Lamp5","RFX4",-0.160657764864997,0.0776575088927562,0.0385649666706288,-0.312863685423898,-0.00845184430609561,7,4.0998789124542e-07,0.000831750261123425,0.301459701191051
"8758","Lamp5","COMT",-0.171152169330258,0.0399875632357414,1.86779972330624e-05,-0.249526353101829,-0.0927779855586868,6,0,0,0.0106366747100092
"8759","Lamp5","NUDCD2",0.0278785069941174,0.0661832558837987,0.673585660183651,-0.101838290917727,0.157595304905962,7,0.00773734403006,27.1349968471599,0.899461281868709
"8760","Lamp5","DDA1",-0.0126696293969141,0.0893103161130049,0.887189989079063,-0.187714632426291,0.162375373632463,7,0.0208764855401961,43.7094397327463,0.974011298943957
"8761","Lamp5","MRPL34",0.0400987860629867,0.0649348805562598,0.536889776714372,-0.0871712411676928,0.167368813293666,6,0,0,0.839104775803267
"8762","Lamp5","SYNPO2",0.143138477815226,0.0497430429987102,0.00400766574984666,0.0456439050563267,0.240633050574125,7,5.55750112466936e-06,0.0298356137795891,0.107495061586308
"8763","Lamp5","ILKAP",-0.0354909959072097,0.0283987983795246,0.211396063526921,-0.0911516179352923,0.020169626120873,7,0,0,0.601592358469601
"8764","Lamp5","ADAM11",-0.116662702169051,0.045178930145278,0.00981621665460426,-0.205211778113847,-0.0281136262242555,7,0.00313161503340351,23.12290601872,0.16411016766817
"8765","Lamp5","XPNPEP1",0.0481820344312746,0.0316622470423676,0.128071654959635,-0.0138748294413758,0.110238898303925,7,0,0,0.491843293266523
"8766","Lamp5","DNAJC1",0.0217919473153762,0.0438142919307121,0.618927627036697,-0.0640824868769435,0.107666381507696,7,0.003338566866432,26.6097933900271,0.877471007323414
"8767","Lamp5","RRP1B",-0.0700407913615,0.0399362214445298,0.0794620096048068,-0.148314347071395,0.00823276434839455,7,6.07175156752926e-06,0.0482883500963701,0.406452597461029
"8768","Lamp5","SCAP",-0.0797476654032819,0.0303552666242254,0.00861048136952912,-0.139242894727874,-0.0202524360786894,7,0,0,0.153920398652016
"8769","Lamp5","BAG2",0.126504123880308,0.110392617255605,0.251816950070034,-0.0898614300997935,0.342869677860409,7,0.0527026656540099,72.0648102768832,0.642106376521862
"8770","Lamp5","RRP36",-0.00128475472366393,0.0592322632843674,0.982695147372814,-0.117377857483818,0.11480834803649,7,0.00692879539548606,32.0209285758327,0.997296915565468
"8771","Lamp5","ARHGAP29",-0.0655818961294133,0.0800871816634993,0.412854135031906,-0.222549887813188,0.0913860955543618,7,0.0159185004090026,40.1049112686759,0.771625852727355
"8772","Lamp5","GRIN3A",-0.0966944751525258,0.0387063361168262,0.0124841157192738,-0.172557499915007,-0.0208314503900445,7,4.65847649746705e-06,0.0396233856955264,0.181789091051703
"8773","Lamp5","GPAA1",-0.149630608594615,0.0590036362421844,0.0112140913990414,-0.265275610586199,-0.0339856066030316,7,1.20503072154575e-07,0.000401249485321013,0.171714877133337
"8774","Lamp5","NAALAD2",0.0285682582506851,0.038564562630362,0.458820529377555,-0.0470168955843637,0.104153412085734,7,0,0,0.798881072363449
"8775","Lamp5","C1orf159",1.48491806032254e-05,0.0451307322472921,0.999737475304739,-0.0884397606200096,0.0884694589812161,7,0,0,0.999975696265529
"8776","Lamp5","SYNCRIP",0.0849464398808902,0.05671136966234,0.134166201861668,-0.0262058021712336,0.196098681933014,7,0.00360017333271369,15.7793610274888,0.504296621235883
"8777","Lamp5","NAF1",0.0829930861487863,0.0345608358063648,0.0163341579692653,0.015255092692709,0.150731079604864,7,1.46424638979909e-06,0.0153892616843378,0.205838258170052
"8778","Lamp5","EFCAB13",0.16613121886714,0.116072101168268,0.152351114185705,-0.0613659190325554,0.393628356766835,7,0.0303310371873955,35.1105952109935,0.532427520323451
"8779","Lamp5","CRYAB",0.0690596267444027,0.0838293473059848,0.410046357716365,-0.0952428748228273,0.233362128311633,7,3.14215758046151e-06,0.0057039514192962,0.770505868011963
"8780","Lamp5","TTC5",-0.000616290894169884,0.034779463922747,0.985862253134767,-0.0687827875843641,0.0675502057960243,7,0,0,0.997296915565468
"8781","Lamp5","NBPF11",-0.138151008678005,0.0476660454808769,0.00375178740231989,-0.231574741105972,-0.0447272762500383,7,0,0,0.102671912000786
"8782","Lamp5","PPIP5K1",-0.0342756856412278,0.0339418701172182,0.312574387578005,-0.100800528638912,0.032249157356456,7,0,0,0.698836623863407
"8783","Lamp5","HPF1",-0.00951003503135802,0.0388623489571977,0.806680394391524,-0.0856788393420933,0.0666587692793773,7,0,0,0.946849165655279
"8784","Lamp5","NF2",0.0528638046967205,0.0741521143863042,0.47590127693952,-0.0924716688779302,0.198199278271371,7,0.0217836767274496,67.8175692109642,0.808883367100586
"8785","Lamp5","POC1B",-0.0433697303795882,0.0373874856481169,0.246046116026421,-0.116647855722406,0.0299083949632291,7,0,0,0.637371281274852
"8786","Lamp5","PDHA1",-0.00424567835481019,0.055021922855832,0.938493561526167,-0.112086665512382,0.103595308802762,6,0.00466181429150276,26.5555798237101,0.986648852449703
"8787","Lamp5","FBXW4",-0.0888812349605073,0.0571639977934118,0.119982660467233,-0.200920611847922,0.023158141926907,7,0.0135571937517043,69.6578319099191,0.479089361111063
"8788","Lamp5","DKK2",-0.0456421690334425,0.147551104082392,0.757069553699072,-0.334837018914051,0.243552680847166,7,0.0831142749084647,63.4948963519303,0.926555528105898
"8789","Lamp5","LZTS3",0.0205883479492485,0.0356277570984242,0.563349314376415,-0.0492407728136042,0.0904174687121011,7,0,0,0.852935819308762
"8790","Lamp5","MED21",0.0315696550958362,0.0400462724625036,0.430504038158472,-0.0469195966457491,0.110058906837421,7,4.66672616586982e-06,0.0356712114561599,0.782197070656728
"8791","Lamp5","TIMM23",0.0115199726302367,0.0335209161657931,0.73109807909167,-0.0541798157835044,0.0772197610439777,6,0,0,0.919659401268253
"8792","Lamp5","ABCF1",-0.100062620020658,0.0522531187908696,0.0554976351223258,-0.202476850930655,0.00235161088933984,7,0.0022319130450858,11.2138718783053,0.34921088932443
"8793","Lamp5","CERK",-0.0332124080084058,0.0336478290258888,0.32361348936568,-0.0991609410571093,0.0327361250402977,7,0,0,0.707640979704331
"8794","Lamp5","PLXNA4",-0.000765330171349542,0.0880067382766383,0.993061469576072,-0.173255367590403,0.171724707247704,7,0.0238202167943908,49.5606139679997,0.998654866216999
"8795","Lamp5","HPS3",0.061563588740223,0.044265295051976,0.164290082347012,-0.0251947953266889,0.148321972807135,7,0,0,0.550591979769544
"8796","Lamp5","LSS",0.0204180389874386,0.0616559521030472,0.740522972322873,-0.10042540656706,0.141261484541938,7,0,0,0.922875596707924
"8797","Lamp5","MAPK3",0.0602562540055149,0.0589664101481819,0.306840438439849,-0.0553157861825388,0.175828294193569,7,0.00480478760333154,20.4586597853066,0.6957260731822
"8798","Lamp5","LINC00862",0.0788119127215671,0.0645728909592799,0.222271286680181,-0.0477486279362536,0.205372453379388,7,0,0,0.612872207414116
"8799","Lamp5","METTL5",0.0926292276753892,0.0462505363015798,0.0452018859340955,0.00197984225863043,0.183278613092148,6,0,0,0.320052903425606
"8800","Lamp5","AARS2",-0.0918267707607269,0.0462584422561851,0.0471354219765102,-0.182491651563775,-0.00116188995767831,6,0,0,0.325269770004088
"8801","Lamp5","CNTN5",0.0443138739902439,0.0375585789519978,0.238055805566138,-0.0292995880661758,0.117927336046664,7,8.19268188117731e-07,0.00754291667107485,0.628456816504514
"8802","Lamp5","SLC25A13",-0.0677608774717859,0.0392921399177657,0.0846103561940348,-0.144772056586115,0.00925030164254348,6,0,0,0.417662850601646
"8803","Lamp5","SPIRE2",-0.0644491055898079,0.0358473621002849,0.072196688446502,-0.134708644247132,0.00581043306751659,7,0,0,0.389094275408615
"8804","Lamp5","NACC2",-0.115857855973669,0.0438986582401386,0.00830990505241426,-0.201897645093973,-0.0298180668533653,7,0,0,0.151071428092432
"8805","Lamp5","MRPS22",-0.137486317156612,0.0561822475116263,0.0143991395889729,-0.247601498849914,-0.0273711354633091,6,0,0,0.192024501934971
"8806","Lamp5","SYT10",0.0277388149424296,0.0953830280125038,0.771192815395978,-0.159208484698453,0.214686114583312,7,0.0239579831889932,42.6077744611676,0.93284445313334
"8807","Lamp5","SNAPC5",-0.0575280647292329,0.0708783088556582,0.416995040298155,-0.196446997371429,0.0813908679129635,7,0.00167678962919189,4.34256496754835,0.773600796141458
"8808","Lamp5","DNAJC9",0.0882769547500088,0.0340713481074263,0.00957130667590411,0.0214983395547263,0.155055569945291,7,7.51634757836561e-07,0.00833682859145145,0.161215854277658
"8809","Lamp5","ZNF250",-0.0244736650598283,0.046272405700198,0.596871978133573,-0.115165913710242,0.0662185835905857,7,0.00252583178201302,17.0039344779493,0.865992238665974
"8810","Lamp5","AARD",-0.133578504192907,0.0819700705398937,0.103185865122276,-0.294236890261307,0.0270798818754919,7,3.79209967450285e-06,0.00695621839595705,0.454450306327806
"8811","Lamp5","ZDHHC3",-0.0281977111450707,0.0374521666027733,0.45151041074043,-0.1016026088295,0.0452071865393587,7,0,0,0.794459451905349
"8812","Lamp5","ST8SIA1",-0.00426627070268794,0.0461053181788662,0.926274447758058,-0.0946310338290256,0.0860984924236497,7,0,0,0.983649144716949
"8813","Lamp5","HMOX2",-0.0559675318718068,0.037772318127498,0.138418106719069,-0.129999915014292,0.0180648512706786,7,0,0,0.511697724344158
"8814","Lamp5","UBE2Q2",0.00978571488023572,0.0319403140265613,0.759319112958111,-0.052816150266724,0.0723875800271954,7,0,0,0.926555528105898
"8815","Lamp5","ZNF766",0.0457470045466859,0.0612657274496591,0.455245794594467,-0.0743316147412929,0.165825623834665,7,0.00770601213496996,32.8706053086905,0.796305590023421
"8816","Lamp5","PLAGL1",-0.110907576482003,0.0560322496729955,0.0477763264595627,-0.22072876781383,-0.00108638515017545,7,0.00891821822221436,44.5983593991768,0.326856584927945
"8817","Lamp5","DPP10",0.0817010612381982,0.0636589402102375,0.199345497650742,-0.0430681688678559,0.206470291344252,7,0.00748338218788691,27.9414030123453,0.591146851544706
"8818","Lamp5","EIPR1",-0.0178874906236129,0.0330479982743812,0.588329824117932,-0.0826603770025419,0.0468853957553161,5,0,0,0.861277671761366
"8819","Lamp5","IFT81",0.000562086774578186,0.0273238929511065,0.983587670650866,-0.0529917593270184,0.0541159328761747,7,0,0,0.997296915565468
"8820","Lamp5","RAD18",0.0344049674767408,0.0422723928650656,0.415709465559103,-0.0484474000791157,0.117257335032597,7,0,0,0.772296636968801
"8821","Lamp5","STRIP1",-0.0473356879760192,0.0360234176836401,0.188837636656041,-0.117940289235997,0.0232689132839588,7,0,0,0.582038478548866
"8822","Lamp5","ABCC10",-0.0530450364571665,0.0414800897354087,0.200964965939752,-0.134344518414057,0.0282544454997242,7,6.79080298575901e-07,0.00489279171212484,0.59193970712623
"8823","Lamp5","TMEM39A",0.0639868765373868,0.0503252053398515,0.203562286887562,-0.0346487134433049,0.162622466518078,7,0.00305913979094632,17.4203153872001,0.593161131697475
"8824","Lamp5","PIGX",-0.0685560989893343,0.0529603048899468,0.195499389567333,-0.172356389183891,0.035244191205222,7,0.00705945535406977,41.0101687232561,0.588272573234939
"8825","Lamp5","GRID2IP",0.112890847906775,0.0628893234320227,0.0726422689487934,-0.0103699610320802,0.236151656845631,7,0,0,0.389808779700079
"8826","Lamp5","LANCL2",-0.0304054320465742,0.0277729239420545,0.273610026758022,-0.0848393627183713,0.0240284986252229,7,3.13404667146558e-06,0.0517947936810596,0.663094639165792
"8827","Lamp5","UQCC1",0.00348614384754232,0.0400274771545154,0.930596978212452,-0.0749662697673076,0.0819385574623922,6,0.00367405821368873,42.4048444753768,0.984877831080086
"8828","Lamp5","C1orf216",-0.0969685163121879,0.0787735846501815,0.218331251079375,-0.251361905159661,0.057424872535285,7,0.0144937415340477,38.9225085604773,0.60792163717305
"8829","Lamp5","HPS1",0.00300867917718384,0.0651503302788271,0.963166331422706,-0.124683621750207,0.130700980104574,7,0.0121312725242866,47.5408722269932,0.994174534566213
"8830","Lamp5","MT-ND6",-0.0982083419135436,0.175200283449349,0.575105033901594,-0.441594587555476,0.245177903728389,6,0.0833877568652663,52.9544050385039,0.856711646789881
"8831","Lamp5","IFT122",0.0303020957725526,0.0389744240733012,0.436871687111896,-0.0460863717293085,0.106690563274414,7,0,0,0.785646391905438
"8832","Lamp5","ZNF711",-0.0718736166765426,0.0368193743688885,0.0509311177997382,-0.144038264372861,0.000291031019776136,7,0,0,0.337671119783235
"8833","Lamp5","CMAS",-0.0343182853789125,0.0389829406748903,0.378674546884717,-0.110723445113159,0.0420868743553341,7,0,0,0.749051329414751
"8834","Lamp5","MRPL45",-0.102449296290638,0.0424513761560941,0.0158073809119709,-0.185652464650745,-0.0192461279305318,6,0,0,0.202615721678735
"8835","Lamp5","TNFSF13B",0.148901090209972,0.0569807452932276,0.00897033702179106,0.0372208816229956,0.260581298796948,7,0,0,0.156836638075437
"8836","Lamp5","LMTK2",-0.000100535449540367,0.0229412700670543,0.996503444403154,-0.0450645985405736,0.0448635276414929,7,0,0,0.99942186955984
"8837","Lamp5","GALNT16",0.00754090063482993,0.0567890386214872,0.894361075920734,-0.103763569779939,0.118845371049599,7,0.00748555928564284,38.2586287506365,0.975921257738596
"8838","Lamp5","PICK1",-0.138465864450942,0.0604215432947094,0.0219250499436965,-0.2568899131989,-0.0200418157029841,6,0.00729486856344499,35.9888351808574,0.234826528071853
"8839","Lamp5","JAM3",0.109433310717186,0.0435923931167683,0.0120602566476709,0.0239937902084088,0.194872831225964,7,0,0,0.178500754021654
"8840","Lamp5","WARS2",0.00191065987307239,0.0474526388008716,0.967882203660974,-0.0910948031480239,0.0949161228941686,6,0,0,0.995377876631969
"8841","Lamp5","MGAT1",-0.133280636297323,0.0439143761429087,0.00240526521124792,-0.219351231940969,-0.0472100406536769,7,0,0,0.0833125240184361
"8842","Lamp5","ZNF76",-0.13588156095377,0.0394334687606796,0.000569279999910233,-0.213169739510187,-0.0585933823973528,7,0,0,0.0462348784888574
"8843","Lamp5","ATL2",-0.0063020363376352,0.0380600287533194,0.868486313644235,-0.0808983219447001,0.0682942492694297,7,0.00311448147774176,34.219133666532,0.967580297891175
"8844","Lamp5","RSPH3",0.0931260811474236,0.0447416517416182,0.0373956587103439,0.00543405512501825,0.180818107169829,7,0,0,0.297123388708532
"8845","Lamp5","RBM5",-0.029602191382542,0.0346939289588572,0.393527129414331,-0.0976010426240932,0.0383966598590093,7,0.00213243893625649,27.2885770932876,0.759050773360235
"8846","Lamp5","PRKD1",0.181295515723128,0.0675570044322041,0.00728356773568881,0.048886220132595,0.313704811313661,7,0.0027871604702346,8.41509647523157,0.143499483609724
"8847","Lamp5","UNC13B",-0.0158711444173849,0.0452783718686166,0.725945674132609,-0.104615122558485,0.0728728337237151,7,0.000757116373544789,4.89738274811593,0.917618044281986
"8848","Lamp5","GTF3C2",-0.01040624175015,0.0409775384828868,0.799534264395996,-0.0907207413517123,0.0699082578514122,7,0,0,0.943987715596255
"8849","Lamp5","EIF4E2",-0.124587097946417,0.0367470375763176,0.000697911146964494,-0.19660996813454,-0.0525642277582948,7,0,0,0.0490959965091081
"8850","Lamp5","NAA30",0.0565454769503969,0.0357807307866404,0.114030579485639,-0.0135834667319418,0.126674420632736,7,0,0,0.469877796733769
"8851","Lamp5","RHOBTB1",-0.000736496336494268,0.107796730012732,0.994548679870751,-0.212014204812636,0.210541212139648,7,0.0476726049966685,69.4398509464217,0.998808560940909
"8852","Lamp5","CXXC5",0.0801077089079299,0.0813369547000368,0.324679582045649,-0.079309792916308,0.239525210732168,7,0.0124887964303462,29.3364128495897,0.708296168420312
"8853","Lamp5","BCAS4",-0.0143676164357635,0.0434292906833098,0.740774565278094,-0.0994874620491716,0.0707522291776446,7,0,0,0.922900617372718
"8854","Lamp5","MEG8",0.0096791168496892,0.0471052523770212,0.837198290098663,-0.082645481291942,0.10200371499132,5,4.39096282536423e-08,0.000294917247059707,0.958128261281452
"8855","Lamp5","ARL10",-0.0555927899255954,0.0419522591262012,0.185123351724851,-0.137817706883042,0.0266321270318507,7,0.00168333904042827,13.4235454814258,0.577834775128605
"8856","Lamp5","SENP1",0.0359301632472285,0.0376768975215424,0.340266348555962,-0.037915198944201,0.109775525438658,7,0,0,0.720898462597042
"8857","Lamp5","LINC00907",-0.00248368223184065,0.0786133730203414,0.974796119203969,-0.156563062054922,0.151595697591241,7,0.0156938707595185,39.7093046677486,0.997093441046833
"8858","Lamp5","UBN1",-0.0342396739059532,0.0342231686681972,0.317077167618436,-0.101315851932459,0.0328365041205529,7,0,0,0.701947766322472
"8859","Lamp5","WDR5",-0.0508605848876171,0.0610924128934095,0.405116146852298,-0.17059951388735,0.068878344112116,7,0.0101584337717869,46.8078649689122,0.767038382534328
"8860","Lamp5","DIAPH2",0.0539481621933061,0.0344107802583902,0.116935000201631,-0.0134957277930607,0.121392052179673,7,0,0,0.473561011652999
"8861","Lamp5","ABCC1",-0.0796306929025165,0.0321206926971951,0.0131711111702426,-0.142586093747498,-0.0166752920575353,7,1.26959999226173e-06,0.0145142635921098,0.185282376107453
"8862","Lamp5","TMEM259",-0.105822089203239,0.0391782567648982,0.00691227565315601,-0.182610061439502,-0.0290341169669753,7,0,0,0.14049441173522
"8863","Lamp5","CKAP2",0.083862799968402,0.043905024974431,0.0561208909294394,-0.00218946772181432,0.169915067658618,7,0,0,0.350034493553454
"8864","Lamp5","EYS",-0.194701938307535,0.15381617532562,0.205581380798035,-0.496176102185448,0.106772225570378,7,0.0809012138891125,56.920881288021,0.59469941911079
"8865","Lamp5","SLC41A1",0.0553292203720387,0.0433581714449735,0.20192133089501,-0.0296512340956223,0.1403096748397,7,0,0,0.592631191281858
"8866","Lamp5","RAB27B",-0.00123298035274653,0.0548471014254246,0.982064810956397,-0.108731323802994,0.106265363097501,7,8.49110009511609e-07,0.0036613515477436,0.997296915565468
"8867","Lamp5","LTO1",-0.0642011482753906,0.0433190449280082,0.13832602257069,-0.149104916178959,0.020702619628178,5,0,0,0.511570643833282
"8868","Lamp5","CARF",0.00421557835145794,0.0372638792996651,0.90992928488962,-0.0688202830001332,0.0772514397030491,7,0,0,0.979993184257472
"8869","Lamp5","MTDH",-0.021729285908612,0.0220270726872881,0.323897196314925,-0.0649015550605426,0.0214429832433185,7,0,0,0.707708935250453
"8870","Lamp5","BRMS1L",0.00589464428575189,0.0309073144366617,0.848744936213508,-0.0546825788689598,0.0664718674404636,7,0,0,0.960210404787944
"8871","Lamp5","ZDHHC6",0.0393605725706619,0.0390094193472839,0.312973792664244,-0.0370964844078345,0.115817629549158,7,3.62787813618637e-07,0.0029357915080598,0.698925605264866
"8872","Lamp5","TOM1L1",-0.039089934097641,0.073379551350966,0.594235160792438,-0.182911211947242,0.10473134375196,7,0,0,0.865015123362275
"8873","Lamp5","SAFB2",0.00535857582187264,0.0304144518668414,0.86014845956399,-0.0542526544466636,0.0649698060904089,7,5.12652778106007e-06,0.0687580505612742,0.964873410367297
"8874","Lamp5","PDXK",0.0176672934792413,0.031031586721622,0.56913045760455,-0.0431534988782691,0.0784880858367517,7,1.52992398593013e-07,0.00196959542519392,0.854088485693664
"8875","Lamp5","PIGG",-0.0993982595663632,0.0396444229253195,0.0121676528464236,-0.177099900687864,-0.0216966184448628,7,0,0,0.178940236991961
"8876","Lamp5","ZCRB1",0.0684312878307871,0.0496929314770984,0.168486608681302,-0.0289650681505425,0.165827643812117,7,1.51458503400316e-06,0.00780567854064861,0.556772367628085
"8877","Lamp5","GLUL",0.124586324380776,0.0520296491098976,0.0166418837349576,0.0226100859971207,0.226562562764432,7,0,0,0.206238639985863
"8878","Lamp5","HIRA",0.0115353273147533,0.0390177879388402,0.767502899139621,-0.0649381318017948,0.0880087864313014,7,0,0,0.931172483596503
"8879","Lamp5","HSP90B1",0.0275532315475522,0.0431154277894004,0.522785616229701,-0.05695145409771,0.112057917192814,7,0,0,0.831999597196191
"8880","Lamp5","C8orf33",-0.0502694443297947,0.0631229594059539,0.425815047877936,-0.173988171363048,0.0734492827034587,7,0,0,0.778374496725226
"8881","Lamp5","CST3",-0.0894128832530588,0.0934345760709848,0.338588896303903,-0.272541287262957,0.0937155207568393,6,0.0177727309415148,36.2868247055764,0.719260025788051
"8882","Lamp5","RMDN2",0.0177255384869324,0.0434230009415614,0.683122291998116,-0.0673819794591768,0.102833056433042,7,0,0,0.902529462625427
"8883","Lamp5","BPNT1",-0.00996038531997567,0.0485080617572194,0.837310683054809,-0.10503443932397,0.0851136686840192,7,3.1870582165069e-06,0.017366081252655,0.958128261281452
"8884","Lamp5","SNTG1",0.123218606078485,0.055306662489944,0.0258861076010267,0.0148195394930823,0.231617672663887,7,3.19096926842736e-07,0.00135569442714854,0.251684520976161
"8885","Lamp5","MTSS1",-0.0802242216721262,0.0264737814402637,0.00244288879251225,-0.132111879829628,-0.0283365635146244,7,0,0,0.0833125240184361
"8886","Lamp5","POLR2H",-0.0493662577886482,0.0415614434144208,0.234916241274894,-0.130825190026412,0.032092674449116,7,1.04384592932098e-06,0.0073000949574375,0.625081420051728
"8887","Lamp5","LINC01572",0.0810448725358945,0.0592391256342548,0.171281702576639,-0.0350616801828884,0.197151425254677,7,3.67763998491721e-07,0.00133151903922926,0.561809621808564
"8888","Lamp5","LCA5",0.0866281935287427,0.0465874104778208,0.0629596316304443,-0.00468145314076997,0.177937840198255,7,0,0,0.368543433513697
"8889","Lamp5","RAD51C",0.000622529921061027,0.076965646736341,0.993546450685401,-0.150227365729,0.151472425571122,7,0.0215575197311587,60.2002809390563,0.998686458313853
"8890","Lamp5","SLC16A14",-0.00445096032822901,0.0636527956296349,0.944252872115435,-0.129208147277602,0.120306226621144,7,0.0130575655564884,54.2818274995732,0.988246319851084
"8891","Lamp5","ANKS3",-0.0829075152131566,0.0334440766380197,0.0131755180377942,-0.148456700919873,-0.0173583295064406,7,1.29074001180262e-06,0.0144492879444103,0.185282376107453
"8892","Lamp5","ARHGAP23",-0.00450778269709739,0.0384447507447646,0.906659149398526,-0.0798581095514554,0.0708425441572606,7,0.000936345337623271,8.57178014450251,0.979558837081666
"8893","Lamp5","LINC00665",-0.0574741785218093,0.0772892197229938,0.457103511347881,-0.20895826557208,0.0940099085284613,7,0.0219815782635904,62.7972715519827,0.797867912728187
"8894","Lamp5","RPS6KC1",0.0476038048583132,0.0258903303333235,0.0659635612331195,-0.00314031014284572,0.098347919859472,7,0,0,0.373672580884055
"8895","Lamp5","MTA3",-0.0165618743198357,0.0339128565497137,0.625290866193256,-0.0830298517701478,0.0499061031304764,7,0.00197313672179569,26.3129019443034,0.87996431216605
"8896","Lamp5","SBK1",-0.0985480992236151,0.045146318064706,0.0290461094797124,-0.187033256665029,-0.0100629417822012,7,0,0,0.265227822244642
"8897","Lamp5","PSMD4",0.0159582837143383,0.0517442958251437,0.757772940366237,-0.0854586725083295,0.117375239937006,7,0.00590830903864926,35.9247764098151,0.926555528105898
"8898","Lamp5","SLC25A25",-0.1447870916726,0.0605395731975505,0.0167746239973441,-0.263442474779225,-0.0261317085659743,6,0.00692308299101018,33.5613158974375,0.207239388826692
"8899","Lamp5","SORBS2",0.118475578391597,0.0392972597464252,0.00257101309560235,0.0414543645974884,0.195496792185706,7,0.00187629027061983,17.4869290915294,0.0851710404717688
"8900","Lamp5","L3MBTL2",-0.0613261688992946,0.0426741711211144,0.150695456015405,-0.144966007366778,0.0223136695681888,7,0,0,0.53025405672169
"8901","Lamp5","TMTC3",0.0175991564811891,0.0306921969095994,0.566368359400278,-0.0425564440680374,0.0777547570304155,7,0,0,0.853477723042833
"8902","Lamp5","CLSTN3",-0.0403038349208326,0.0464132724392455,0.3851925019547,-0.131272177306399,0.050664507464734,7,0.00420555404688126,30.6884951130912,0.754301151281523
"8903","Lamp5","ITGBL1",-0.0515969904590244,0.105802696996484,0.625782337605303,-0.258966466039337,0.155772485121288,7,0,0,0.88033536941793
"8904","Lamp5","PRKG1",-0.0165622398618273,0.174413638300523,0.924346959496649,-0.358406689343449,0.325282209619794,7,0.142634962390132,77.6348259970244,0.98245099701607
"8905","Lamp5","MSH2",-0.00751065422054987,0.0263440026641038,0.775568138975743,-0.0591439506508205,0.0441226422097208,7,0,0,0.934584658568636
"8906","Lamp5","CDYL2",0.0186795267077897,0.0502139962864833,0.709894034220988,-0.0797380975335455,0.117097150949125,7,0.00344225398384083,19.9701614550374,0.912274097920567
"8907","Lamp5","TOMM70",0.0165761937086052,0.0295991621454376,0.575464161571226,-0.0414370980690137,0.0745894854862241,6,0,0,0.856819709690026
"8908","Lamp5","C19orf25",-0.0429785009426637,0.0524693445385978,0.412720002257315,-0.145816526530739,0.0598595246454114,7,0.0021000672198113,10.3606213997568,0.771625852727355
"8909","Lamp5","MSMO1",0.184039204837081,0.130846399558692,0.159567214381616,-0.0724150258046927,0.440493435478855,7,0.0371927398964569,34.0548412265725,0.543942016911792
"8910","Lamp5","EIF2S2",0.00909453369038007,0.0386068703400428,0.813768098790494,-0.0665735417319115,0.0847626091126716,7,0,0,0.948913065478652
"8911","Lamp5","VPS13B",-0.0110082790957251,0.0269612663840647,0.683053601811321,-0.0638513901860824,0.0418348319946322,7,2.62969240586261e-08,0.00045414219609903,0.902529462625427
"8912","Lamp5","MTCP1",-0.0903905189949246,0.104211278350865,0.385735201016928,-0.294640871345498,0.113859833355649,7,0.00234118609095391,2.78315997174722,0.754745953691335
"8913","Lamp5","ERMARD",-0.00374156851317634,0.0431381225007956,0.930882460074264,-0.0882907349754126,0.08080759794906,7,0,0,0.984877831080086
"8914","Lamp5","TNKS",0.0606220649234023,0.0282306531985767,0.0317626897419924,0.00529100139415153,0.115953128452653,7,0,0,0.276858605411434
"8915","Lamp5","FUT10",0.00770035264823793,0.0705710544879407,0.913111367135611,-0.13061637249914,0.146017077795615,5,0,0,0.980734315041589
"8916","Lamp5","PLXNC1",0.0530859006678574,0.0437860427496275,0.225361901055794,-0.0327331661469437,0.138904967482659,7,0,0,0.616164374651634
"8917","Lamp5","TMEM184C",0.0636971034311698,0.0413954439129427,0.123866142367015,-0.0174364757622457,0.144830682624585,7,0,0,0.486420153219607
"8918","Lamp5","IL3RA",0.0219512458388284,0.0685179699707353,0.748686273813506,-0.11234150759761,0.156243999275266,7,0.00177450354768561,4.87190834017837,0.925194087086923
"8919","Lamp5","FANCM",0.00747354234093768,0.0500234159779432,0.88123731780708,-0.0905705513594964,0.105517636041372,7,0,0,0.972169230111958
"8920","Lamp5","GDA",0.0168517204458732,0.0524963967089789,0.748204947204395,-0.0860393264218524,0.119742767313599,7,0,0,0.925026668419039
"8921","Lamp5","ERRFI1",-0.0345944418887981,0.0621766097051686,0.577944295378132,-0.156458357591732,0.0872694738141359,7,0.00777047720634042,31.6968671193584,0.85805534803564
"8922","Lamp5","ESCO1",-0.00435400042854852,0.0282691580505163,0.877594392614542,-0.059760532080831,0.051052531223734,7,0,0,0.971123304358077
"8923","Lamp5","OSBPL2",-0.0491580480083198,0.0335976973657794,0.143429782296628,-0.115008324808724,0.0166922287920841,7,5.84066726277388e-06,0.0636809234377347,0.519863907097606
"8924","Lamp5","PCGF6",-0.0542312177783191,0.0438333857413609,0.216008159554858,-0.140143075151838,0.0316806395951998,7,0.00191905475878286,13.9488342272095,0.607032545755052
"8925","Lamp5","CTNND2",0.0335457624416576,0.0300352533617351,0.264045798453102,-0.0253222524138788,0.092413777297194,7,0,0,0.65404384915092
"8926","Lamp5","DIPK1B",-0.0109984186400461,0.0437107105100993,0.801336042075991,-0.0966698369784972,0.074672999698405,5,3.52524486566515e-06,0.0323819967835739,0.944777220588441
"8927","Lamp5","COBL",0.0686507675079349,0.0429852724310308,0.110248660660936,-0.0155988183225279,0.152900353338398,7,0.00341540309900158,28.5353212030641,0.46385296790362
"8928","Lamp5","FAM174B",-0.0752983916781394,0.0376377510702595,0.0454346342091944,-0.149067028234932,-0.00152975512134694,7,0.000854304464066579,8.12266884832783,0.320562118293661
"8929","Lamp5","PDE2A",0.0554846560113807,0.0680509539355662,0.414877792196493,-0.0778927628159232,0.188862074838685,6,0.0109735836001268,43.8745142569557,0.772221559047138
"8930","Lamp5","PAAF1",-0.104425844470453,0.0436093737698563,0.0166397146200118,-0.189898646447717,-0.0189530424931889,7,0.000713307214287655,4.93046360869317,0.206238639985863
"8931","Lamp5","MGAT4C",-0.0249259835116487,0.0417668482298874,0.550648456043458,-0.106787501789979,0.0569355347666811,7,1.10670092379374e-07,0.000834111240116855,0.84527298618773
"8932","Lamp5","DYNC2LI1",-0.0492507850764398,0.033852095641165,0.145702091583547,-0.115599673334329,0.017098103181449,7,0,0,0.522269692067356
"8933","Lamp5","GTF2B",0.0106195916550627,0.0337386611686782,0.752943644414409,-0.0555069691221466,0.076746152432272,7,0,0,0.926555528105898
"8934","Lamp5","CELF3",-0.0659109575377133,0.0479377642187442,0.169153875872116,-0.159867248905825,0.0280453338303981,7,0.000224644805688944,1.23609738445694,0.557583021376691
"8935","Lamp5","NEU3",0.0400475702601777,0.0430965027478625,0.352757796508727,-0.0444200229852642,0.12451516350562,7,0.000979301223492354,7.03347556334634,0.730623184965952
"8936","Lamp5","SV2A",0.0662192704820958,0.0477510982504528,0.165515229672711,-0.0273711623110252,0.159809703275217,7,0.00322851903552537,21.0109525403469,0.552132951647406
"8937","Lamp5","IDE",0.0266283603885604,0.036956406935166,0.471196062555912,-0.0458048662023712,0.099061586979492,6,0.00204514963652162,25.9211460396054,0.805234883124629
"8938","Lamp5","GRIN2B",-0.0204109245855152,0.0260704661862199,0.433677804402334,-0.0715080993706754,0.0306862501996451,7,0,0,0.783353965026019
"8939","Lamp5","RTCB",0.0199278375138495,0.0514734672707125,0.698646822303622,-0.0809583044961482,0.120813979523847,7,0.00436851281122501,24.9493849222477,0.906391554342484
"8940","Lamp5","NEO1",0.0448090889774705,0.0667942660433479,0.502314607186511,-0.086105266841278,0.175723444796219,7,0.0176114164295054,67.13082687082,0.822225621043455
"8941","Lamp5","P3H2",0.0190435555287464,0.0457339161534201,0.677118082853059,-0.0705932730039317,0.108680384061424,7,0,0,0.901189309769854
"8942","Lamp5","ADK",-0.000305613619880026,0.0382410228055812,0.993623554618892,-0.0752566410507941,0.074645413811034,7,0.00261874177485047,26.7067431346934,0.998686458313853
"8943","Lamp5","EXOSC1",-0.0412665197997517,0.0401575874801206,0.30413119347487,-0.119973944966805,0.0374409053673013,7,0.000638350448394014,5.22191975211302,0.694103996711063
"8944","Lamp5","UPF2",-0.00108116440851338,0.0659496177596216,0.986920231232649,-0.130340040011555,0.128177711194528,7,0.0189416896732243,72.9772136286943,0.997442851983139
"8945","Lamp5","BCL2L11",0.059963264091348,0.0522441227721908,0.251071213161791,-0.0424333349460349,0.162359863128731,6,0,0,0.64193208701728
"8946","Lamp5","PHF3",0.0831331840342273,0.0282980589042983,0.0033058234314433,0.0276700077494097,0.138596360319045,7,0,0,0.0968978980799766
"8947","Lamp5","NDUFS3",-0.0373842351147612,0.0525489137433111,0.476825342347633,-0.140378213478353,0.0656097432488304,6,0,0,0.808995183884655
"8948","Lamp5","TCP1",0.0589874944373435,0.0531133638509966,0.26674224478437,-0.0451127858083814,0.163087774683068,7,1.21911205791969e-06,0.00535699877166448,0.65583275192769
"8949","Lamp5","LANCL1-AS1",-0.176720370710905,0.163609768532502,0.280082793694617,-0.497389624553543,0.143948883131733,5,0,0,0.670036033165418
"8950","Lamp5","KAT8",0.0141111783478049,0.0395849716338137,0.721482495677371,-0.0634739403835095,0.0916962970791194,7,0.00116341077001254,10.0862200542173,0.915556999767156
"8951","Lamp5","RAB2B",-0.0702393402996811,0.0641111012165334,0.273259203340749,-0.195894789693289,0.0554161090939264,7,0.0117478692573816,50.3617480436452,0.662592622212494
"8952","Lamp5","WASF2",0.0372733833684529,0.0378924641810661,0.325281648330572,-0.0369944817119106,0.111541248448816,7,0,0,0.708716130294416
"8953","Lamp5","NDUFS6",-0.140751930145616,0.0607934412003457,0.0205993304645196,-0.259904885394547,-0.0215989748966847,6,0,0,0.22867109709499
"8954","Lamp5","ELOA-AS1",-0.00978891904066117,0.0620351990452373,0.87461738846673,-0.1313756749431,0.111797836861777,5,0.00530745702227706,28.4975115437794,0.9698237690008
"8955","Lamp5","WDR19",0.0815162878315999,0.0295003728800502,0.00572325849205117,0.0236966194561994,0.139335956207,7,0,0,0.129038690598033
"8956","Lamp5","SLC6A15",0.0116064051569331,0.0321591200073408,0.718170048410724,-0.0514243118319564,0.0746371221458225,7,0,0,0.914812789184011
"8957","Lamp5","PLEKHA6",0.0254362539938837,0.0324778951382586,0.433517511429218,-0.0382192507707716,0.0890917587585391,7,0,0,0.783353965026019
"8958","Lamp5","GDAP1",0.00846421898248539,0.0412153327687475,0.837286353665112,-0.0723163488550932,0.089244786820064,6,0.00159954723383329,15.2647146514384,0.958128261281452
"8959","Lamp5","BTBD2",-0.077181606839573,0.0369974082295788,0.0369663505045406,-0.149695194490873,-0.00466801918827275,7,0,0,0.294720390455867
"8960","Lamp5","GRID2",0.0390936182478428,0.0533561726052327,0.463746562448885,-0.065482558411316,0.143669794907002,7,0.00369421623783285,18.7197754307956,0.800197114949866
"8961","Lamp5","NDUFS1",0.00147291037687229,0.0237177195947425,0.950481854292192,-0.045012965824243,0.0479587865779875,6,0,0,0.990120895882608
"8962","Lamp5","RNF103-CHMP3",0.0812794150423229,0.062107090264407,0.190636722793221,-0.040448245060493,0.203007075145139,5,1.64509251554255e-06,0.00724444756664813,0.585170576972312
"8963","Lamp5","LINC00511",-0.00619447049537,0.0597254319282685,0.917394893769888,-0.123254166035875,0.110865225045135,7,0.00541385228771861,22.4993232683547,0.981834848915198
"8964","Lamp5","S100A6",-0.058804933342486,0.101254787477231,0.561400866102493,-0.257260670060115,0.139650803375143,6,0.0166632506555539,28.0404490096115,0.852328673063312
"8965","Lamp5","TTYH3",-0.0845652956929341,0.0531903061699334,0.111865706501946,-0.188816380112662,0.0196857887267939,7,0.00347851230818028,17.9101476163676,0.466620852478818
"8966","Lamp5","MLLT1",-0.00364250070338369,0.036339069428185,0.920156578492915,-0.0748657680143268,0.0675807666075594,7,0,0,0.982309092211961
"8967","Lamp5","NT5C3B",-0.064274806092392,0.0555035532146182,0.246851600169919,-0.173059771407046,0.0445101592222621,7,0.00360121643141096,16.7538810106514,0.638153542246446
"8968","Lamp5","ABITRAM",0.148531800435675,0.0442932955096858,0.000798339582911234,0.0617185364801011,0.235345064391249,5,0,0,0.0530407948446413
"8969","Lamp5","ACBD3",-0.0464122902132821,0.0295717575348657,0.116536071553076,-0.10437186994117,0.0115472895146057,7,0,0,0.473561011652999
"8970","Lamp5","EXOC7",-0.11670889459893,0.0342838298378667,0.000663589901712313,-0.183903966333249,-0.0495138228646119,7,0,0,0.0480961917247124
"8971","Lamp5","MTHFR",0.0301737601940695,0.0406195895124107,0.457579981295267,-0.0494391723170564,0.109786692705195,7,1.06798188670488e-06,0.00782134975389936,0.798045646246186
"8972","Lamp5","TMEM64",0.104319734135407,0.054500855382088,0.0556082073290225,-0.00249997954011186,0.211139447810925,7,0.0025462732723804,11.8894303911253,0.349457988149122
"8973","Lamp5","PTS",-0.0790734153899755,0.0726758541987561,0.276582436407751,-0.221515472165221,0.0633686413852704,7,0.0186686238516731,59.9762669228115,0.666864789717802
"8974","Lamp5","POGK",-0.0192397959136736,0.0373741729210857,0.606700794318152,-0.0924918287909737,0.0540122369636264,7,0,0,0.87101258094247
"8975","Lamp5","IFNGR1",0.0498290149515928,0.0571425161658688,0.38320130467324,-0.0621682587195078,0.161826288622693,7,0.00872991425911802,44.5207971028135,0.752720087377968
"8976","Lamp5","FASN",0.0227421232500487,0.0664074999798315,0.732002352899039,-0.107414185013765,0.152898431513863,6,0.00645690169998248,25.7298268999461,0.919666801398003
"8977","Lamp5","SNX10",0.054625295930185,0.0283784236674322,0.0542433328873101,-0.000995392396001119,0.110245984256371,7,0,0,0.347490982258515
"8978","Lamp5","C1orf52",-0.0383632036933648,0.0498884467279293,0.441905350992904,-0.136142762524751,0.0594163551380217,7,0.00356866956422734,21.4249459281757,0.789357146008086
"8979","Lamp5","NDUFB10",-0.0343777895182482,0.0744782841237939,0.644381546472992,-0.180352544031225,0.111596964994729,6,0,0,0.886929185222919
"8980","Lamp5","STAC2",-0.00711941562629888,0.045296193028153,0.875107165610714,-0.0958983225982529,0.0816594913456552,7,0,0,0.969866439669418
"8981","Lamp5","NPTXR",-0.085156978457132,0.0484829146169742,0.0790145469895883,-0.180181744971932,0.00986778805766785,7,0.0028167351686506,17.2477962077109,0.405899900106738
"8982","Lamp5","COQ10B",0.00746536349686636,0.0442693123346912,0.866083606434918,-0.0793008942994832,0.094231621293216,6,0,0,0.966974913429347
"8983","Lamp5","ZNHIT3",-0.0570136356295515,0.0487594498047166,0.242289300650737,-0.152580401152785,0.0385531298936816,7,0,0,0.634451006455478
"8984","Lamp5","ELP6",-0.126411223265214,0.047259410278418,0.00747655721600156,-0.219037965341515,-0.0337844811889125,7,0.000347592548354546,1.9394871288795,0.145859947383626
"8985","Lamp5","DESI2",0.0219757073758676,0.0381063125492027,0.56414573301966,-0.0527112928041964,0.0966627075559317,7,0.000568053557245117,5.09888815046956,0.852935819308762
"8986","Lamp5","ZNF100",-0.0354272367839829,0.0885929742676175,0.689239264802063,-0.209066275631797,0.138211802063831,7,0.0165431080451838,32.6586245995333,0.904172731401462
"8987","Lamp5","TIMM17A",-0.160676197373572,0.0492865654969398,0.00111396323870459,-0.257276090669249,-0.0640763040778958,6,0,0,0.058429326191527
"8988","Lamp5","MIR3936HG",-0.0348001808619054,0.0300318461900682,0.246547526294596,-0.0936615177836855,0.0240611560598747,5,0,0,0.637913366424694
"8989","Lamp5","FARSB",-0.0307950393311733,0.0274452695284135,0.261840024779488,-0.0845867791528584,0.0229967004905118,7,0,0,0.652838959376138
"8990","Lamp5","CACNB1",-0.0936394002903615,0.0443895484668418,0.0349021301649855,-0.180641316575367,-0.00663748400535635,7,9.33578326676754e-09,5.60669439546651e-05,0.288056987331306
"8991","Lamp5","HIVEP2",0.0337479362030772,0.0331724252982094,0.308987398443511,-0.0312688226612586,0.0987646950674129,7,0,0,0.696879927838551
"8992","Lamp5","CDC42SE2",0.0543759704084948,0.0342273540092172,0.112134915912926,-0.0127084107356736,0.121460351552663,7,0.00181339080844675,23.2041268389009,0.466929477507899
"8993","Lamp5","SLCO5A1",0.0656794701309164,0.0607330595915142,0.279499166035235,-0.0533551393393763,0.184714079601209,7,4.43024674459732e-06,0.014780681422141,0.669443325979447
"8994","Lamp5","CHP1",-0.0281973019204595,0.0558152116022818,0.61342520237804,-0.137593106450414,0.081198502609495,7,0.00614912342027243,30.5132185642594,0.87460488978286
"8995","Lamp5","SAP30BP",-0.0759527319297701,0.0389147927237675,0.0509654963800266,-0.152224324134196,0.000318860274655622,7,0,0,0.337671119783235
"8996","Lamp5","ZNF148",0.0524602882257128,0.0249608936196513,0.0355796404765362,0.00353783570926053,0.101382740742165,7,0,0,0.290275837467776
"8997","Lamp5","NAV1",-0.0292692301654516,0.0324445717637789,0.366987672724257,-0.0928594223162834,0.0343209619853802,7,0.00120448365264391,16.3159451722626,0.738980565433471
"8998","Lamp5","KIF5B",-0.0145038884405487,0.0261512477651367,0.5791576563925,-0.0657593922110002,0.0367516153299028,7,0,0,0.858378677238391
"8999","Lamp5","DDX6",0.0474170770289271,0.0297067463819558,0.110450395338476,-0.0108070759775717,0.105641230035426,7,0.000851224504251555,13.3769032043539,0.464202431371452
"9000","Lamp5","PTPN13",0.12009765776417,0.0710076545915175,0.0907730371296285,-0.0190747878618647,0.259270103390204,7,0.0125867250712343,38.4218975589047,0.431289134300051
"9001","Lamp5","MIER1",0.0861317004716442,0.0260065373871426,0.00092656393549442,0.0351598238302503,0.137103577113038,7,0,0,0.054585113815654
"9002","Lamp5","UBE2I",-0.0467235731845767,0.0359934919708522,0.194248953146583,-0.117269521125279,0.0238223747561251,7,0,0,0.587583280058094
"9003","Lamp5","TRAFD1",0.0484069642397265,0.0413671689433249,0.241929215700396,-0.0326711970315741,0.129485125511027,7,0,0,0.633785649630018
"9004","Lamp5","CISD2",-0.0125295593358627,0.049886180229137,0.801688141434879,-0.110304675911245,0.0852455572395199,7,0.00174430192506495,9.50806864453861,0.944777220588441
"9005","Lamp5","PSMA7",-0.0488739085321037,0.0551349921271658,0.375380022128534,-0.156936507389248,0.0591886903250407,7,3.74788331919976e-07,0.00153781889501911,0.746577363152359
"9006","Lamp5","UTP20",-0.0160971263283377,0.0586368786382915,0.783683327167756,-0.131023296625235,0.0988290439685596,7,0.00763724925453551,35.9097756016515,0.937863395336655
"9007","Lamp5","GSTO1",-0.0368173297743306,0.0852846742849568,0.665960013879594,-0.203972219806075,0.130337560257414,7,0.0218716351393249,52.2732028457357,0.89627405464491
"9008","Lamp5","ME1",0.0672863884481794,0.0331155124602844,0.0421669035072582,0.00238117669643467,0.132191600199924,7,2.10661197756579e-06,0.0246268928410207,0.31114492884268
"9009","Lamp5","COPS7B",0.0200525459621006,0.0397271283851793,0.613729524025443,-0.0578111948820497,0.0979162868062509,7,0,0,0.874698054799223
"9010","Lamp5","DTNA",0.0182613466664224,0.0444967421742856,0.681514463625348,-0.0689506654245418,0.105473358757387,7,0.00187488131906367,13.3672276519733,0.902295767867157
"9011","Lamp5","RPLP0",0.017671956306065,0.0616765109603643,0.774474881329912,-0.103211783868339,0.138555696480469,7,1.62939569554068e-07,0.00055028729608979,0.934134655151228
"9012","Lamp5","DBP",0.148391539400663,0.11230115344807,0.186377536481702,-0.0717146767798598,0.368497755581187,7,0.0390416416677733,50.9920427667996,0.579579406254291
"9013","Lamp5","GABRA5",-0.0154774882620348,0.0337136727176893,0.646172130586627,-0.0815550725752764,0.0506000960512069,7,0,0,0.887512634625642
"9014","Lamp5","ZNF107",0.084429923602474,0.0469374069822995,0.072053978208064,-0.00756570361053188,0.17642555081548,7,0,0,0.389094275408615
"9015","Lamp5","PIK3CA",0.151574082473445,0.0341317994651902,8.9605693433399e-06,0.084676984794129,0.218471180152762,7,0.000202921982750417,2.26938022597462,0.00824303452130784
"9016","Lamp5","YAF2",0.0221360130869681,0.027200692607473,0.415757651041487,-0.0311763647782239,0.0754483909521601,7,0,0,0.772296636968801
"9017","Lamp5","GNB4",-0.0710524063775977,0.0387721852954936,0.0668678374490396,-0.147044493158679,0.00493968040348317,7,0,0,0.376316455554383
"9018","Lamp5","BCL2",-0.0363039823538018,0.0433853045498188,0.402715888750254,-0.121337616729748,0.0487296520221448,6,0,0,0.765307375427347
"9019","Lamp5","AHR",0.0996286317950373,0.0641445129992131,0.120377691384294,-0.0260923034892817,0.225349567079356,7,2.51409910438313e-07,0.000572574719410316,0.480136856658117
"9020","Lamp5","METTL21A",0.144140941816267,0.0512983906385846,0.00495641174184298,0.0435979436997745,0.24468393993276,7,0,0,0.119503483912702
"9021","Lamp5","DNAJC12",0.0473397464893928,0.0483201768011345,0.327229430788224,-0.0473660597674386,0.142045552746224,7,0,0,0.710412234133167
"9022","Lamp5","NSUN3",-0.00164699078873173,0.0475247135677514,0.972354477703351,-0.0947937177571065,0.0914997361796431,6,0.00261989179374659,19.413100856711,0.996727391459769
"9023","Lamp5","VPS54",0.0495218360884831,0.0358085244552082,0.166676453731412,-0.0206615821832467,0.119705254360213,7,0.00249014649820202,30.6068739956048,0.553963700711425
"9024","Lamp5","IFIT3",0.0137437703257627,0.0800020050608933,0.863600407756018,-0.143057278284579,0.170544818936105,7,0,0,0.966512624578573
"9025","Lamp5","STX12",-0.0107044488192159,0.0280828198597966,0.70307392792702,-0.0657457643287434,0.0443368666903115,7,2.18572663970175e-06,0.0347655806617708,0.909107987358836
"9026","Lamp5","PPFIA3",0.011661060360324,0.034973712297922,0.738814566230114,-0.0568861561492686,0.0802082768699166,7,1.39496965416136e-06,0.014213028575333,0.922091775991018
"9027","Lamp5","NSL1",0.11437350491343,0.0301293855334974,0.000147003119244249,0.0553209943914532,0.173426015435407,7,4.60746781346216e-07,0.00634555979632509,0.0251144329005997
"9028","Lamp5","SEMA5A",-0.117239941902767,0.0835925917207348,0.160761235550796,-0.281078411049768,0.0465985272442346,7,0,0,0.544784249348815
"9029","Lamp5","TXNRD1",-0.00998244629219571,0.0316720527236211,0.752623822203728,-0.0720585289469468,0.0520936363625553,6,0,0,0.926398573849064
"9030","Lamp5","NEIL1",-0.103823185020564,0.0493908599644008,0.0355468960821946,-0.200627491716251,-0.00701887832487756,7,0.00109959092207335,5.81874179266306,0.290275837467776
"9031","Lamp5","C15orf40",-0.00482498312940384,0.0396675005469301,0.903187560190804,-0.0825718555581097,0.072921889299302,7,0.00033078661907336,2.61628775928331,0.978460008363242
"9032","Lamp5","SYNC",0.0283710999395326,0.0671321286401916,0.672575578633324,-0.103205454400753,0.159947654279818,7,0,0,0.899198585229281
"9033","Lamp5","TSGA10",0.0887956101673938,0.046948467159124,0.058578698750562,-0.00322169459385083,0.180812914928638,7,6.55820537077242e-06,0.0383040440725398,0.357419723652026
"9034","Lamp5","TAF5L",-0.0331219264366377,0.040607349212647,0.414692706912433,-0.112710868401067,0.0464670155277913,7,0,0,0.772206678128822
"9035","Lamp5","TMEM181",-0.00442745347429238,0.0401441997650511,0.91218038175212,-0.0831086392019739,0.0742537322533891,7,0.0037843092307476,37.6129313284628,0.980543135750783
"9036","Lamp5","NUAK1",-0.0127386845509004,0.0355191005370292,0.719862010732006,-0.0823548423667349,0.0568774732649342,7,1.35259863248652e-08,0.00013035790368704,0.915252891469092
"9037","Lamp5","ABCA2",-0.0949842208730181,0.0405429194902959,0.019139299386785,-0.174446882902105,-0.0155215588439311,7,0,0,0.22222027317142
"9038","Lamp5","MRPL20",-0.0841622712936248,0.0632010814326462,0.182972359347784,-0.208034114685594,0.0397095720983449,6,0.00355272611430987,14.3546752388153,0.575602130380935
"9039","Lamp5","NMRK1",0.181749085283278,0.0787656785224354,0.0210288837462121,0.0273711921614446,0.336126978405112,7,0.0132698536154617,33.7651179867521,0.229876070128839
"9040","Lamp5","TMEM41A",-0.0358968620166864,0.0592578387690302,0.544664792296412,-0.152040091805667,0.0802463677722941,7,0,0,0.843376602544951
"9041","Lamp5","KRAS",-0.055940011403295,0.0377028277170751,0.137886231976707,-0.129836195844081,0.0179561730374907,7,0,0,0.510858633420544
"9042","Lamp5","RMC1",-0.0505995443294407,0.0372067041468986,0.173843305560873,-0.123523344440799,0.0223242557819176,5,0,0,0.564943503044153
"9043","Lamp5","FAM76A",-0.0805097408355708,0.042185720954684,0.0563318501139476,-0.163192234568608,0.0021727528974665,7,0,0,0.350214090220282
"9044","Lamp5","BCL2L2-PABPN1",-0.0129011574074322,0.0414584684369695,0.755661747543955,-0.094158262398083,0.0683559475832185,7,4.54910505259339e-06,0.0324760192438277,0.926555528105898
"9045","Lamp5","KAT7",0.0799327994342356,0.0352707957091758,0.0234354586296526,0.0108033101381812,0.14906228873029,7,0.00068666095390382,7.29183321329802,0.240777190508604
"9046","Lamp5","PTDSS1",-0.0123189200935391,0.0332556968805703,0.711061848844551,-0.0774988882602379,0.0528610480731596,7,0.000319171114239925,3.77375551648872,0.913088011417587
"9047","Lamp5","TRPM2",-0.097412228062935,0.0364996531871569,0.00761106341513801,-0.168950233757965,-0.0258742223679049,7,1.58934978201119e-06,0.0148063143064346,0.146311626191069
"9048","Lamp5","M6PR",-0.0947767745599072,0.0536343936200044,0.0772132383364648,-0.199898254387761,0.0103447052679464,7,0.00534820547765411,28.9015010958767,0.402700879749578
"9049","Lamp5","RPS8",-0.0821237446667257,0.0679790469779547,0.227018655480054,-0.215360228446873,0.051112739113422,7,0.000744107895166397,2.14300862014237,0.618207929445248
"9050","Lamp5","BRSK1",-0.0820980029207654,0.0388639762990977,0.0346483196442752,-0.158269996763015,-0.00592600907851559,7,0.00128453642778934,11.6256276465382,0.287703178241735
"9051","Lamp5","PBX1",0.0904827936621095,0.0535506891805794,0.091091818239747,-0.0144746284791248,0.195440215803344,7,0.00985950286394295,56.4850558542515,0.431774496365095
"9052","Lamp5","LINC00486",-6.56274285101756e-05,0.0497997370508949,0.998948526640538,-0.097671318487829,0.0975400636308087,7,7.75906571994633e-07,0.00396698337928327,0.999773769742565
"9053","Lamp5","USP2-AS1",0.0423223609240704,0.0534940026038849,0.428850130209574,-0.0625239575684359,0.147168679416577,7,0,0,0.781325214377864
"9054","Lamp5","SLC44A2",-0.0889327783766813,0.0402776911165132,0.0272449024733875,-0.167875602345476,-0.00998995440788646,7,0,0,0.258183514841743
"9055","Lamp5","SMARCAD1",0.0739235470202701,0.0293399327582592,0.0117503591538006,0.0164183355052552,0.131428758535285,7,0,0,0.175873022678725
"9056","Lamp5","GPALPP1",0.016901988484054,0.026764655957975,0.527711005634875,-0.0355557732521825,0.0693597502202904,7,0,0,0.834553810683348
"9057","Lamp5","ITFG2",-0.0913239389320524,0.0403708943426099,0.023689789168664,-0.17044943786724,-0.0121984399968652,7,0.000835812183791684,6.6918131019957,0.242142041596626
"9058","Lamp5","MSANTD2",-0.0857392715067718,0.0382645370921693,0.0250456441351788,-0.160736386092521,-0.0107421569210229,7,0,0,0.250179263646175
"9059","Lamp5","TPI1",-0.0103847393224707,0.0642744872682527,0.871645581058695,-0.136360419493024,0.115590940848083,6,0,0,0.968577940382375
"9060","Lamp5","CNIH4",-0.0171927086329062,0.0411227537621038,0.67588671169296,-0.0977918249517386,0.0634064076859262,7,0,0,0.900103472732306
"9061","Lamp5","FTL",-0.0244531756357879,0.06830660901832,0.720349781824939,-0.158331669217754,0.109425317946178,6,0,0,0.915387356767999
"9062","Lamp5","RNF112",-0.146616718381002,0.0471764118594992,0.00188460357683863,-0.239080786545449,-0.0541526502165549,7,0,0,0.0752136331710811
"9063","Lamp5","FAM120C",-0.0103234140147904,0.0381858858012483,0.786893827024767,-0.0851663749029965,0.0645195468734157,7,0.00143533345234753,13.6897801895776,0.938643357904296
"9064","Lamp5","P2RY14",-0.0853567724533896,0.0959378613996747,0.373622195283542,-0.273391525550547,0.102677980643768,7,6.63150375774948e-07,0.000879024281560659,0.745335842612238
"9065","Lamp5","CAMK2N2",0.0461837680883634,0.099539885381348,0.642667458224562,-0.148910822284324,0.24127835846105,7,0.0271012333381403,44.7119066826535,0.886703736972112
"9066","Lamp5","ZC3H12B",0.0118969904557925,0.0319321340181368,0.70946768175568,-0.050688842169262,0.074482823080847,7,7.88029394750842e-07,0.0094701361920166,0.912274097920567
"9067","Lamp5","PKD1",-0.0750116079611874,0.0521574380383916,0.150383947087269,-0.177238308042314,0.0272150921199395,7,0.00737982919513626,44.2511047863921,0.529888515974262
"9068","Lamp5","ARHGDIG",-0.0850623270799075,0.0683263623423544,0.213153238231646,-0.218979536465556,0.0488548823057409,6,0,0,0.602909076634875
"9069","Lamp5","PTPRG-AS1",0.0598365955016889,0.0773798872761141,0.439354576985408,-0.0918251966872639,0.211498387690642,5,0,0,0.787588206165247
"9070","Lamp5","ERICH1",0.0354921923634642,0.050696887987189,0.483873464861323,-0.0638718822196874,0.134856266946616,7,0,0,0.812496136694637
"9071","Lamp5","TRAPPC4",-0.0210994152296281,0.0851609713002367,0.804320714412424,-0.188011851866541,0.145813021407285,7,0.0170750799797877,39.3159636426136,0.945989699577391
"9072","Lamp5","CCDC7",0.0870434324628998,0.0315053769984282,0.00573057698057974,0.0252940282266239,0.148792836699176,7,8.09492165486058e-06,0.102309954119839,0.129038690598033
"9073","Lamp5","RPS19BP1",-0.0553177462751791,0.0719893742940924,0.442240414011968,-0.196414327161174,0.0857788346108155,7,0,0,0.789483969423664
"9074","Lamp5","TAB3",0.0820410745110729,0.0371142185519321,0.0270703041885735,0.0092985428349377,0.154783606187208,7,0,0,0.257135637641898
"9075","Lamp5","PIK3IP1",0.0303704915151603,0.0532320034160182,0.568317814357891,-0.0739623180051484,0.134703301035469,7,2.95413639459667e-06,0.0124600754278905,0.853511583813389
"9076","Lamp5","MAGI2-AS3",0.0599394434017791,0.0530357091561142,0.258403994686392,-0.044008636438746,0.163887523242304,5,0.00571599108509266,45.1668575798161,0.649758909262945
"9077","Lamp5","KATNAL1",0.0128240403498821,0.035399006910413,0.717149385303222,-0.056556738283012,0.0822048189827761,7,0,0,0.914462798800233
"9078","Lamp5","PPFIA4",-0.0132360270661212,0.0365398127348457,0.717175854178731,-0.0848527440282567,0.0583806898960143,7,0,0,0.914462798800233
"9079","Lamp5","ZFYVE27",-0.0565050192508314,0.0342144912553393,0.0986377912403496,-0.123564189860657,0.0105541513589943,7,0,0,0.444967689718348
"9080","Lamp5","MLLT6",-0.0303719009745119,0.0351067498438651,0.386967464154686,-0.0991798662827447,0.0384360643337209,7,9.53152248859911e-08,0.000941905003137393,0.755827226879962
"9081","Lamp5","LPCAT3",-0.0454483626872032,0.0396542965564558,0.251747795228693,-0.123169355770127,0.0322726303957209,7,0,0,0.64206694031562
"9082","Lamp5","GNA11",-0.0456716098618723,0.0418341929750692,0.274952148351792,-0.127665121415306,0.0363219016915617,7,0,0,0.664306626905474
"9083","Lamp5","WDTC1",-0.0179130233514767,0.0327830306683639,0.584783140606423,-0.082166582765542,0.0463405360625885,7,0,0,0.85971530150792
"9084","Lamp5","DIPK1A",0.0176876396534975,0.0311852228199088,0.570591786346497,-0.0434342739233803,0.0788095532303753,5,0.000218618574098897,3.85565308270767,0.855005079180535
"9085","Lamp5","GALNT14",0.036524763375716,0.0631558310220543,0.563042929756824,-0.0872583908412079,0.16030791759264,7,0.00142265457262233,4.79897984391095,0.852935819308762
"9086","Lamp5","POGZ",0.0120163054179879,0.0297386576507678,0.686166041370523,-0.0462703925260836,0.0703030033620593,7,0.00118488046232197,19.6176164435966,0.903181005962289
"9087","Lamp5","RAB14",0.0436252595758225,0.0353100113691619,0.216647209627354,-0.0255810910014347,0.11283161015308,7,8.45559140948486e-08,0.00082151996968123,0.607283648398929
"9088","Lamp5","FAM216A",-0.0269577620342261,0.0343581047849967,0.432681421209337,-0.0942984099898729,0.0403828859214208,7,0,0,0.783174983539044
"9089","Lamp5","NRGN",-0.0891687057546632,0.0727592459372151,0.220375246782545,-0.231774207333897,0.0534367958245707,6,0,0,0.610910425654255
"9090","Lamp5","PDK1",0.0655374025817165,0.0489915820362306,0.180985176402481,-0.030484333754935,0.161559138918368,6,0,0,0.573186389616442
"9091","Lamp5","HNRNPM",-0.0352346061141258,0.029286825515086,0.228942562159999,-0.0926357293452032,0.0221665171169515,7,0.000744130831606428,11.9531930644462,0.620769977333682
"9092","Lamp5","QSOX1",-0.00240767562369554,0.0353266362092278,0.945662502317864,-0.0716466102887306,0.0668312590413395,7,0,0,0.988650919242883
"9093","Lamp5","SORT1",0.0370736596122936,0.062908745382726,0.555643669331447,-0.0862252156504497,0.160372534875037,7,0.0148348960211865,66.0101016844927,0.849033503044357
"9094","Lamp5","RNF185",-0.0162203909293685,0.034244764861889,0.635742056788282,-0.0833388967177137,0.0508981148589768,7,0,0,0.883845530938277
"9095","Lamp5","FHL1",0.0670287757363539,0.0429442948717197,0.118563691322505,-0.0171404955536848,0.151198047026393,7,0.0034125258209165,29.045278881557,0.475487318754474
"9096","Lamp5","NCLN",-0.064320015512241,0.0409918351112592,0.116626191155957,-0.144662535990513,0.0160225049660316,7,0,0,0.473561011652999
"9097","Lamp5","FECH",0.0377269028093467,0.0373727382168197,0.312746142762797,-0.0355223180992636,0.110976123717957,6,3.58096486809479e-06,0.0379338343229088,0.698925605264866
"9098","Lamp5","KDM1A",0.0278122846627464,0.0257265484543192,0.279664508694233,-0.0226108237542438,0.0782353930797366,7,0,0,0.669571143037904
"9099","Lamp5","ZNF26",-0.144241624971077,0.0414085505951365,0.000495129142234367,-0.225400892789549,-0.063082357152605,7,0,0,0.0450106332181102
"9100","Lamp5","USP10",0.0112690502008548,0.0278678692741814,0.685937494050878,-0.0433509699024111,0.0658890703041207,7,0,0,0.903181005962289
"9101","Lamp5","EIF3M",0.0303834006256343,0.0296974922403132,0.306262217565212,-0.0278226145965372,0.0885894158478058,7,7.14325307876204e-05,1.02892009740609,0.695516494466838
"9102","Lamp5","FOXG1-AS1",0.0322225369578603,0.0630047485285536,0.609049787944734,-0.0912645010131077,0.155709574928828,5,0,0,0.872499570439754
"9103","Lamp5","RPS24",-0.0866944976717288,0.0568234123690429,0.127088902959242,-0.198066339393721,0.0246773440502631,7,0,0,0.490333078882727
"9104","Lamp5","COX7A2",-0.092332873872152,0.0735489606525286,0.209336013223902,-0.236486187851462,0.0518204401071577,6,0,0,0.599198033064777
"9105","Lamp5","DAB2IP",-0.00327120014136957,0.046244009229649,0.943606424676058,-0.0939077927322194,0.0873653924494802,7,0,0,0.988056145057436
"9106","Lamp5","ENO4",-0.0692661191797478,0.0718791297936825,0.335222855081133,-0.210146624815445,0.0716143864559499,7,0,0,0.716904528597152
"9107","Lamp5","PTOV1",0.0312747995775936,0.0430483965184698,0.467530321551522,-0.0530985071908067,0.115648106345994,7,0,0,0.803448069468983
"9108","Lamp5","FIS1",-0.112861940193117,0.0639410516539194,0.0775480383748663,-0.238184098568414,0.0124602181821805,6,0,0,0.403040847859638
"9109","Lamp5","CDH10",0.0447286542349531,0.0684935432015212,0.513733966624691,-0.0895162236135667,0.178973532083473,7,0,0,0.826288159392566
"9110","Lamp5","FAM98A",0.0298327589438913,0.0415829485757236,0.473110236071739,-0.051668322635508,0.111333840523291,7,0,0,0.806286012689692
"9111","Lamp5","TMEM263",0.0518381755793974,0.0392058973160762,0.186100388049976,-0.0250039711416874,0.128680322300482,7,1.47487759551007e-07,0.00117633368143029,0.579530610871752
"9112","Lamp5","NUP188",-0.0569882606182684,0.0356620101215041,0.110040677800087,-0.126884516072719,0.0129079948361825,7,0,0,0.463734401407849
"9113","Lamp5","STAG3",-0.0844237471993384,0.0776447595633141,0.276900833908741,-0.236604679531706,0.0677571851330291,7,3.95239860354865e-06,0.00837175490766526,0.667180619480414
"9114","Lamp5","VGLL4",0.0200033757145874,0.0262305760031721,0.445703384320506,-0.0314076085453705,0.0714143599745453,7,0.000246455986271818,4.68907472635389,0.790240777561324
"9115","Lamp5","PHKA2",-0.0143712201593123,0.0356647261580976,0.686982557968791,-0.0842727989476672,0.0555303586290426,7,4.72937982163126e-07,0.00463067489059496,0.903181005962289
"9116","Lamp5","PLS3",-0.0602191048511024,0.056853088007629,0.28950619003609,-0.171649109755941,0.0512109000537365,7,0,0,0.679396492669073
"9117","Lamp5","PDIK1L",-0.0333506171156547,0.0427103855937214,0.43488779555298,-0.117061434645167,0.0503602004138576,7,0,0,0.783919327619536
"9118","Lamp5","NIPSNAP3B",0.191794009651418,0.045860010987529,2.88749701650862e-05,0.10191003978525,0.281677979517586,6,0,0,0.0118918032882607
"9119","Lamp5","CIAPIN1",-0.00442750131337319,0.0359442790746401,0.901967095716094,-0.0748769937499246,0.0660219911231782,7,0,0,0.977956078464346
"9120","Lamp5","CAMKMT",0.0599618846045056,0.0395916913786437,0.129897358231145,-0.0176364045846609,0.137560173793672,7,0,0,0.496151219276694
"9121","Lamp5","MAGEH1",0.0209002606537708,0.0613608330004128,0.733395392520334,-0.0993647620884151,0.141165283395957,7,0.001157486627663,3.82959878780615,0.920044423350121
"9122","Lamp5","QTRT1",-0.134207003612271,0.0613118857852835,0.0286024291813995,-0.25437609157566,-0.0140379156488818,6,0.00780196682343506,36.9250335578598,0.264340379119287
"9123","Lamp5","ACOT9",-0.0208802841357523,0.0349452226047582,0.550163796807004,-0.0893716618728134,0.0476110936013087,6,0,0,0.845267035472309
"9124","Lamp5","EFL1",-0.0362895244216742,0.0424044546262802,0.392111126903614,-0.119400728273246,0.0468216794298978,7,0,0,0.758201083617192
"9125","Lamp5","MBD1",0.00174717397024751,0.0377697105902063,0.963104135618214,-0.0722800984930578,0.0757744464335529,7,0,0,0.994174534566213
"9126","Lamp5","RING1",-0.0471386794497749,0.0503095902508504,0.348772940000556,-0.145743664418409,0.0514663055188592,7,0.00445541275211371,27.0188597523567,0.728372018550828
"9127","Lamp5","SH3BGRL2",0.0429013547936493,0.0440564110830714,0.330164626644668,-0.0434476242172619,0.12925033380456,7,0.00411146049162033,33.2485443137279,0.712200355346968
"9128","Lamp5","VCAN",-0.0577539492478035,0.0644620921941992,0.370286612465469,-0.184097328316534,0.0685894298209275,7,1.94068494402623e-06,0.00592998627333248,0.742124618480735
"9129","Lamp5","DHTKD1",-0.0647049163604037,0.0382740875116778,0.0909194965514071,-0.139720749424426,0.010310916703619,6,0,0,0.431628763322972
"9130","Lamp5","SEMA6A-AS1",-0.179871692669461,0.084920070559309,0.0341641156683838,-0.346311972530307,-0.0134314128086155,7,0,0,0.287321358732995
"9131","Lamp5","TTLL11",0.00389169170471252,0.0322381492039313,0.903915216826345,-0.0592939196632214,0.0670773030726464,7,0,0,0.978627745611648
"9132","Lamp5","SLC49A4",-0.0893192220217943,0.0345546939868104,0.00974171082142998,-0.157045177732745,-0.0215932663108432,5,0,0,0.163395679822554
"9133","Lamp5","FAM234A",-0.106683758319231,0.0583308683480258,0.0674083403648136,-0.221010159468309,0.00764264282984668,7,0.00589178225101631,26.6344437029882,0.377935462926772
"9134","Lamp5","CHRD",-0.154598238649872,0.0439197885539077,0.000431525203627404,-0.240679442424145,-0.068517034875598,7,0.000299866053552123,2.01607718809016,0.0416178218562913
"9135","Lamp5","TDRP",0.0114582744152787,0.0379391220043237,0.762638810145184,-0.0629010383182668,0.0858175871488241,7,0,0,0.928379227455849
"9136","Lamp5","ZNF160",0.0561999420957105,0.0354722484984636,0.113117394306611,-0.0133243874119332,0.125724271603354,7,0,0,0.46889806534238
"9137","Lamp5","PAWR",0.0633392025811478,0.0765938951080073,0.408266282345377,-0.086782073266185,0.213460478428481,7,0.0188809044710584,50.9077439454176,0.769644856022005
"9138","Lamp5","ADAMTS9-AS2",0.144640096540276,0.0512160945864376,0.00474114985229084,0.0442583957220611,0.24502179735849,7,0.00438891862496926,24.7093740036363,0.118072529571483
"9139","Lamp5","SVEP1",-0.109340918389141,0.0765820587547092,0.153360505358353,-0.259438995410301,0.0407571586320199,7,0,0,0.534237775584196
"9140","Lamp5","HAT1",-0.0231026465034951,0.0520191414276917,0.656957141934077,-0.125058290208466,0.0788529972014761,7,0.00276497887537829,14.4705505292686,0.89268838318255
"9141","Lamp5","ADAM32",0.1663807876475,0.0590393946419945,0.00483039971433728,0.0506657004801438,0.282095874814856,7,0.000757516502776035,2.85644059448066,0.118132413463721
"9142","Lamp5","SEC61G",-0.00197443141205436,0.059351294210019,0.973461778101217,-0.118300830499532,0.114351967675424,7,0,0,0.996727391459769
"9143","Lamp5","ASXL1",-0.0359732633876221,0.0305708870028834,0.239308729088609,-0.0958911008887172,0.023944574113473,7,0.00131547101615702,20.8940363828186,0.629818021824534
"9144","Lamp5","FGF14-AS1",-0.100790083839246,0.161866575479432,0.533498869922466,-0.418042742079767,0.216462574401274,5,0,0,0.837285168688027
"9145","Lamp5","SLC35A5",-0.0537037948795736,0.0541834360618314,0.321613402396398,-0.159901378119392,0.0524937883602447,7,0.00505851832401092,26.569808863567,0.706627719871122
"9146","Lamp5","CSPP1",0.0623758859718317,0.0271248044684695,0.0214715493497199,0.00921224612594031,0.115539525817723,7,0,0,0.23237851463647
"9147","Lamp5","PRDM10",-0.0654682949986608,0.037986802720684,0.0848074657827348,-0.13992106021903,0.0089844702217079,7,0,0,0.417887302552833
"9148","Lamp5","ADARB1",0.00676143793935186,0.035481926819189,0.84887028782502,-0.0627818607283445,0.0763047366070482,7,5.69188083878523e-06,0.057891799643944,0.960210404787944
"9149","Lamp5","NME4",-0.0735970745093563,0.060859722341684,0.226551319591761,-0.192879938408165,0.0456857893894519,6,0.00450454551845923,20.3761927228564,0.617721666894179
"9150","Lamp5","MAGEF1",-0.0147953300576425,0.0673262256485198,0.826061327493687,-0.146752307543758,0.117161647428473,7,0.00404923597333462,12.3574722904643,0.954415053359983
"9151","Lamp5","CCSER2",0.0268127866270717,0.0244010044227751,0.271838095150084,-0.0210123032281702,0.0746378764823135,7,0,0,0.661223251865873
"9152","Lamp5","CNOT9",-0.0241662387597329,0.0339968478459754,0.477184858902889,-0.0907988361257328,0.042466358606267,7,0,0,0.809454429449595
"9153","Lamp5","CHMP7",-0.121003414523238,0.0723086232287326,0.0942426893073912,-0.26272571182323,0.0207188827767547,7,0.0168545312957095,55.7035930991022,0.43681170653242
"9154","Lamp5","SLC19A2",-0.0366155376943031,0.0569015913173814,0.519906968680754,-0.148140607339388,0.0749095319507814,7,0.0066897459945356,32.767640691655,0.829927838376108
"9155","Lamp5","TMEM175",-0.059754548646674,0.0361336667369957,0.0981867726109774,-0.130575234080559,0.0110661367872105,7,0,0,0.444220848429946
"9156","Lamp5","HEXB",0.0140992602688596,0.0458165872326583,0.758285765690063,-0.0756996006016883,0.103898121139407,7,0.00439750357077446,34.0379108682303,0.926555528105898
"9157","Lamp5","DHX57",-0.0595691723042511,0.043670554153938,0.172549286482359,-0.145161885630876,0.0260235410223734,7,0.00362551789021554,29.3482449509458,0.563117247989338
"9158","Lamp5","PMPCB",0.0592927527322712,0.0324885049299024,0.0679953106001961,-0.00438354684188951,0.122969052306432,6,0,0,0.379614415443311
"9159","Lamp5","SLC35F2",0.119725546321979,0.090647178659047,0.186572648826469,-0.0579396591499213,0.297390751793878,7,0.0207493568504367,40.0618736662443,0.579579406254291
"9160","Lamp5","GALNT2",-0.0196235246038053,0.0286165264808039,0.492876466793966,-0.0757108858688176,0.036463836661207,7,0,0,0.816718467937254
"9161","Lamp5","ZNF397",0.0598905199697245,0.0373800309382937,0.109110003870531,-0.0133729944103241,0.133154034349773,7,0.000742787479167117,6.85619880011051,0.463734401407849
"9162","Lamp5","BCCIP",-0.00869555681809231,0.0363479443671482,0.810926428815621,-0.0799362186897683,0.0625451050535837,7,0,0,0.948446861829439
"9163","Lamp5","DZIP1",0.00326422374168878,0.0266034330168491,0.902345184473794,-0.0488775468364593,0.0554059943198368,7,0,0,0.978079041160346
"9164","Lamp5","SARM1",-0.0601071175832877,0.0343467360279914,0.0801166581934723,-0.127425483184655,0.00721124801807974,7,6.28170723593244e-06,0.064407183537164,0.408134253348768
"9165","Lamp5","LINC01563",-0.0551051786661526,0.0503665454126076,0.27391859882133,-0.153821793700564,0.0436114363682593,7,0.00398116812270101,23.6079442535338,0.663423949149007
"9166","Lamp5","MMS19",-0.0342506936230043,0.0294318163021495,0.244533364593113,-0.0919359935748162,0.0234346063288075,7,0,0,0.636425355205449
"9167","Lamp5","ZNF471",0.0653785254528836,0.0390220059074102,0.0938504669186855,-0.0111032007301496,0.141860251635917,7,1.4427892899621e-06,0.0118455160014834,0.436545209599595
"9168","Lamp5","PHYHIPL",-0.0142067942040813,0.0316949167543559,0.653983077583062,-0.0763276895356141,0.0479141011274514,7,0,0,0.891077090670597
"9169","Lamp5","PNMA3",-0.112351850718997,0.045697032266403,0.0139470343997148,-0.201916388161512,-0.0227873132764826,7,0,0,0.189356874685344
"9170","Lamp5","SLC25A5",-0.110835306179514,0.117304972013398,0.344736752265132,-0.340748826533254,0.119078214174225,5,0.0299742328734661,47.7669003998658,0.72450700855724
"9171","Lamp5","MAL2",-0.00632188019723276,0.0454835161365158,0.889455857082507,-0.09546793371505,0.0828241733205845,7,1.16202639590243e-06,0.00698869123210845,0.975045063217302
"9172","Lamp5","CHCHD2",-0.0354372342384061,0.0706829339533601,0.616121384608854,-0.173973239108615,0.103098770631803,6,0,0,0.876113317081905
"9173","Lamp5","ERCC8",-0.0119296636259897,0.0359690055146229,0.740142160372506,-0.0824276189943731,0.0585682917423937,7,0,0,0.922699531904995
"9174","Lamp5","MGMT",0.0213379603510282,0.0406045280902394,0.599230846483474,-0.0582454523150859,0.100921373017142,7,0,0,0.866844283669513
"9175","Lamp5","PDPK1",-0.0392803021808909,0.0328263533351035,0.231459081842185,-0.10361877246148,0.0250581680996983,7,0,0,0.62258640570191
"9176","Lamp5","KAT6B",-0.0351937667045587,0.0287730241821088,0.221272492998046,-0.0915878578277919,0.0212003244186746,7,0,0,0.61174351975652
"9177","Lamp5","DCAKD",-0.0447730105629435,0.0558909350522615,0.423086366286014,-0.154317230327643,0.0647712092017563,6,0.00644216751432161,37.2351776991434,0.777218103596689
"9178","Lamp5","CA13",0.120367952420468,0.051935462808961,0.0204686363343653,0.0185763157944854,0.222159589046451,7,0,0,0.228556883214449
"9179","Lamp5","IGLON5",-0.0317123776279607,0.0417773660265769,0.447804492931214,-0.113594510408999,0.0501697551530772,7,0.000959404012907584,7.21431163777292,0.791570730454328
"9180","Lamp5","ARHGEF17",-0.0252812285955434,0.0399976420630417,0.52734246099784,-0.103675166505629,0.0531127093145426,7,0,0,0.834322309829333
"9181","Lamp5","NBEA",0.0555432854718609,0.0284782358606492,0.0511312461129405,-0.000273031158248477,0.11135960210197,7,0,0,0.338216049570876
"9182","Lamp5","RPL34",-0.0729924318262052,0.0773138019116073,0.345115433605042,-0.22452469908082,0.0785398354284091,7,0.00350879920596911,7.9021455426569,0.724843181846504
"9183","Lamp5","NARF",-0.122340262651997,0.0366854296851357,0.000853466151581864,-0.19424238359224,-0.0504381417117549,7,1.36635174992128e-06,0.0124041729632911,0.054585113815654
"9184","Lamp5","NIT2",-0.0735538301193313,0.0476028554592918,0.122308572931205,-0.166853712380809,0.0197460521421466,6,0.00219653238553725,15.878311071169,0.483792114801566
"9185","Lamp5","PPP1R3E",-0.0406361235390783,0.041858092801065,0.331644467042183,-0.122676477890701,0.0414042308125444,7,0,0,0.713820774310415
"9186","Lamp5","METTL4",-0.0547048387458622,0.0452229747846791,0.22640586132009,-0.143340240597596,0.033930563105872,6,0,0,0.617606682373849
"9187","Lamp5","TBC1D12",-0.0410708029447448,0.0405060354307946,0.310610047455005,-0.120461173545605,0.0383195676561159,7,0.0022710736938898,20.4809606041597,0.69744377722764
"9188","Lamp5","SH3GL1",-0.0790552982515173,0.0406070646525557,0.0515543908124152,-0.158643682488416,0.000533085985381349,7,7.38707675671206e-06,0.0564643755548805,0.339684156716161
"9189","Lamp5","SRGAP2",0.0418852493211523,0.0259178474862781,0.106077565296804,-0.00891279830875484,0.0926832969510594,7,3.58659231020946e-07,0.00665970036312824,0.459697846575712
"9190","Lamp5","ABCD4",0.0930916111632419,0.0413470662247928,0.0243558890163005,0.0120528504962556,0.174130371830228,7,0,0,0.246359408555331
"9191","Lamp5","FGGY",0.0954292711017013,0.0458182867425503,0.0372715603777573,0.0056270792529738,0.185231462950429,7,0.00335524209909309,24.0696219373682,0.296758049638881
"9192","Lamp5","TUBGCP4",-0.0472215322462587,0.0493230543196322,0.338369080638486,-0.143892942320251,0.0494498778277331,7,0,0,0.719260025788051
"9193","Lamp5","INKA2",0.0282956058275263,0.0735369680372539,0.700399901558414,-0.115834203057764,0.172425414712817,5,0,0,0.907582882515665
"9194","Lamp5","IWS1",0.0263557936042274,0.0322328131530874,0.413545835177959,-0.0368193592962328,0.0895309465046877,7,0,0,0.771625852727355
"9195","Lamp5","FH",-0.082846452373258,0.0557836341351329,0.137506998498663,-0.192180366204878,0.0264874614583617,6,0.00542268540758565,31.2562410236643,0.510539023609287
"9196","Lamp5","MCM9",0.0311750450783176,0.0532342118659783,0.558130577864341,-0.0731620929243746,0.13551218308101,7,0.00448150972071602,23.9605254329511,0.850476296218435
"9197","Lamp5","TRAF5",0.0146973703313551,0.039435060809509,0.709373186693703,-0.0625939285834294,0.0919886692461396,7,0.000379796869871539,3.15451034026407,0.912274097920567
"9198","Lamp5","BCL7C",0.0169457816152852,0.06300814002262,0.787971306265573,-0.106547903561907,0.140439466792477,7,0.009098639950259,35.7409483998369,0.938643357904296
"9199","Lamp5","PTK2",0.0148199645914569,0.024014070072878,0.537144546093357,-0.0322467478736052,0.061886677056519,7,0,0,0.839104775803267
"9200","Lamp5","AGFG1",0.0062626170943776,0.0320231197651906,0.84495027397544,-0.0565015443180087,0.0690267785067639,7,0.00135791910649013,19.5052401960861,0.959421815061179
"9201","Lamp5","NDUFS2",-0.070288644023226,0.0409086310498636,0.0857626636608426,-0.150468087537796,0.00989079949134354,6,0,0,0.419873237186504
"9202","Lamp5","TAPBP",-0.0258684601898864,0.0400862074299269,0.518719368849312,-0.104435983029345,0.0526990626495723,7,0,0,0.829106552615597
"9203","Lamp5","TGFBRAP1",-0.0430689254838767,0.0339165510478097,0.204138138495459,-0.109544144017398,0.0234062930496446,7,0,0,0.593908097926263
"9204","Lamp5","NPTN",0.0504648833783972,0.0304470431711114,0.0974256654743117,-0.00921022467271732,0.110139991429512,7,0.0010999072239429,17.1519111964102,0.443352505841624
"9205","Lamp5","ZNF678",0.023559244272185,0.043880544050273,0.591340151655817,-0.0624450416883733,0.109563530232743,7,0.00223801801326456,16.7544151990831,0.863156760231449
"9206","Lamp5","HS6ST1",-0.0210814895172779,0.0388491386321296,0.587370727459879,-0.0972244020666555,0.0550614230320997,7,0,0,0.860829231579987
"9207","Lamp5","ZMAT1",0.0573287319368612,0.0385369906979187,0.13684885015124,-0.0182023819036145,0.132859845777337,7,5.02277942945827e-06,0.0411629459947635,0.509388083895069
"9208","Lamp5","EXOSC10",-0.156455373449575,0.039254816843755,6.72998887408487e-05,-0.233393400683052,-0.0795173462160993,7,0,0,0.0174965080315611
"9209","Lamp5","DYRK1A",0.0501724706489764,0.0380055467795854,0.186789789574771,-0.0243170322517632,0.124661973549716,7,0.00354965279989651,39.0612615399495,0.579579406254291
"9210","Lamp5","ANKMY1",-0.0212918047999314,0.0502113567447752,0.671534011676724,-0.119704255634583,0.0771206460347203,7,0.00185363947774578,10.1018726590807,0.898591731149468
"9211","Lamp5","TAF4",0.00302536468858725,0.0381322647933267,0.936763217398064,-0.0717125009552777,0.0777632303324523,7,2.51476897104361e-06,0.0218528787699128,0.986142275678281
"9212","Lamp5","WASHC2C",-0.0883737507205781,0.0438537022520066,0.0438842469919262,-0.174325427723254,-0.00242207371790205,5,0,0,0.316151632395449
"9213","Lamp5","OLA1",0.0314945128784361,0.0255515546346759,0.217729906981812,-0.0185856139545362,0.0815746397114083,7,0,0,0.607397120257931
"9214","Lamp5","GLCE",-0.0898208564764013,0.0502636291069132,0.0739382884013498,-0.18833575925823,0.0086940463054278,7,0,0,0.392543094646022
"9215","Lamp5","TRPM3",-0.0190114258018615,0.0729648473335221,0.794434955997556,-0.162019898713028,0.123997047109305,7,5.98034500655577e-06,0.0147708991621459,0.94233759559361
"9216","Lamp5","ZNRF3",0.0683864950777496,0.0681889483594424,0.315910536648384,-0.0652613878504191,0.202034378005918,7,0.0144687755882128,51.9344674412884,0.701443391715191
"9217","Lamp5","PIP5K1C",0.0228518470007727,0.0376657376927542,0.544049247811493,-0.0509716423281584,0.0966753363297038,7,4.11489447702789e-06,0.0365125090658341,0.843046349616818
"9218","Lamp5","OCIAD1",-0.0134596965591414,0.0246503575778739,0.585049169037725,-0.0617735096178083,0.0348541164995254,6,0,0,0.859850437817642
"9219","Lamp5","NBR1",-0.0416358887965246,0.0309559194229682,0.178623386293916,-0.102308375973866,0.0190365983808171,6,0,0,0.571167565594486
"9220","Lamp5","HEATR4",-0.0203052093571656,0.0439208908925909,0.643856706566697,-0.106388573675557,0.0657781549612259,7,0,0,0.886929185222919
"9221","Lamp5","POR",0.0199413499357021,0.0383594209765035,0.603164402890609,-0.0552417336460551,0.0951244335174593,7,0.000599827544597817,5.36179172413634,0.868633169033008
"9222","Lamp5","IFT74",0.0322612697118043,0.0520206157577435,0.535150369792257,-0.0696972636269697,0.134219803050578,7,0.00608042709550456,35.5999007120062,0.838267412387412
"9223","Lamp5","NDUFB1",-0.155669122344112,0.0475129817208767,0.00105158431912643,-0.248792855315141,-0.0625453893730842,6,0,0,0.0573576821673018
"9224","Lamp5","ZNF430",0.0077938187867304,0.0463182606293856,0.866373505165817,-0.0829883038734048,0.0985759414468656,7,0.00411667486110596,29.8721102865505,0.966974913429347
"9225","Lamp5","SS18L2",0.125349326220176,0.0616215145487834,0.0419333296478951,0.00457337703174923,0.246125275408602,7,0.00413466118129208,15.4953335038085,0.31114492884268
"9226","Lamp5","EDEM3",0.0339455979136384,0.0274783917280007,0.21669801598504,-0.0199110602263262,0.087802256053603,7,4.76279780663052e-06,0.0779091778510444,0.607283648398929
"9227","Lamp5","SPHKAP",-0.0765045215412252,0.045301701197731,0.0912619593769387,-0.165294224327173,0.0122851812447225,6,1.08623598831364e-06,0.00804912550909241,0.431896229595888
"9228","Lamp5","YTHDC2",-0.0103557000079674,0.0240395862678718,0.666630550306981,-0.0574724232962398,0.0367610232803049,7,0,0,0.89646179592052
"9229","Lamp5","NAA16",0.0633197273567436,0.034157192845142,0.0637714521316457,-0.00362714043272402,0.130266595146211,7,0,0,0.369929187650575
"9230","Lamp5","CD247",0.0842854290565563,0.0691182674250738,0.222678064345842,-0.0511838857703963,0.219754743883509,7,0.00311468953227426,8.92194513547572,0.613454727369713
"9231","Lamp5","SPHK2",-0.064638541174838,0.0455162507144037,0.155572728108275,-0.153848753286365,0.0245716709366887,6,0,0,0.538026100476248
"9232","Lamp5","HNRNPD",-0.042894990850751,0.0243903690073931,0.0786309238960671,-0.0906992356748835,0.00490925397338151,7,0,0,0.405671794164394
"9233","Lamp5","ZFP2",-0.0832298663180972,0.0413788550353806,0.044282107989014,-0.164330931908947,-0.00212880072724742,7,0.000935895665656001,7.25320645468916,0.317621447622866
"9234","Lamp5","ANKMY2",0.0830043233966922,0.0311370242850675,0.00768109165839063,0.0219768772122108,0.144031769581174,7,0,0,0.14673829894999
"9235","Lamp5","RNPS1",-0.0439578464548867,0.0323738733852837,0.174521261061185,-0.107409472330102,0.0194937794203292,7,0.00059529060799926,7.40209358841044,0.565544848484534
"9236","Lamp5","PEX13",0.0295521967279145,0.0415394068494621,0.476820550490468,-0.0518635446361877,0.110967938092017,7,0,0,0.808995183884655
"9237","Lamp5","TFRC",-0.131543574196081,0.0402437989994186,0.0010805542388492,-0.21041997083601,-0.0526671775561513,7,0,0,0.057432658410656
"9238","Lamp5","FBH1",-0.0811115616389115,0.0373891393903981,0.0300532162868607,-0.15439292825704,-0.00783019502078337,5,0.000428993369285135,5.54577278763784,0.269410856803269
"9239","Lamp5","LYPLA1",0.0421837680297826,0.0409686727734852,0.303170046688135,-0.038113355100655,0.12248089116022,6,0.00312870673414775,33.0446393213683,0.692703589672029
"9240","Lamp5","SLC2A3",-0.00575636610074332,0.0535379508854258,0.914376968983497,-0.110688821642252,0.0991760894407655,7,2.67870960549235e-06,0.011545041999061,0.980734315041589
"9241","Lamp5","DLGAP1-AS5",-0.166826842175432,0.130357377270841,0.20062770689231,-0.422322606745379,0.0886689223945161,7,0.0305328084155475,28.2842317707605,0.591415610548944
"9242","Lamp5","NCL",0.00713113541206198,0.0481063999749501,0.882155945868662,-0.0871556759647187,0.101417946788843,7,8.02044575791827e-06,0.0413520417400031,0.972681445384781
"9243","Lamp5","GPLD1",-0.0877733732169161,0.0321748294553848,0.00637169756849579,-0.150834880158189,-0.0247118662756434,7,8.27075725032918e-08,0.00101609288535729,0.134153400038101
"9244","Lamp5","GLS",-0.0179819854712677,0.0243272292596191,0.459803090852897,-0.0656624786637702,0.0296985077212348,6,0,0,0.799114769561592
"9245","Lamp5","FSIP2-AS1",0.0316709338159711,0.0791532916234592,0.689067028922449,-0.123466667023805,0.186808534655747,5,0.00158394260735472,4.11613767900286,0.904065013591176
"9246","Lamp5","PUS10",0.0513600479665997,0.0449625110451118,0.253335148700324,-0.0367648543363038,0.139484950269503,7,0.000874184296226125,5.6821999603951,0.643644581114761
"9247","Lamp5","OXSR1",0.00996207558606781,0.0288774504267758,0.730111157592393,-0.0466366872157536,0.0665608383878892,7,0,0,0.91930803926833
"9248","Lamp5","ZNF155",0.0704996935011146,0.0449525537227791,0.116808004321586,-0.0176056928086342,0.158605079810863,7,0.00048629522027882,3.0626824413587,0.473561011652999
"9249","Lamp5","SEC16A",-0.0677667919876823,0.0353838208903445,0.0554680897696863,-0.137117806568174,0.00158422259280898,7,2.18917967904551e-06,0.0213272385247741,0.34921088932443
"9250","Lamp5","FAT4",0.1873896460971,0.0935550551427555,0.045178584198361,0.00402510744564025,0.370754184748559,7,0.0253135543924573,47.1449844034571,0.320052903425606
"9251","Lamp5","ABCD2",0.0665429271259741,0.0430881523271576,0.12250503204961,-0.0179082995956305,0.150994153847579,6,4.48581860228008e-06,0.03679287518141,0.483792114801566
"9252","Lamp5","ACADVL",-0.12591964537235,0.0439924212031752,0.00420574437273843,-0.212143206523289,-0.03969608422141,6,0,0,0.110057980204768
"9253","Lamp5","SEC11A",-0.0552228853799479,0.0399605921982567,0.166992087331252,-0.133544206889423,0.0230984361295275,7,0.00180850075097822,16.2315718243926,0.554430419876304
"9254","Lamp5","VWC2",-0.035974840216316,0.0339180835074771,0.288854017819396,-0.102453062315593,0.0305033818829611,7,2.33814264140717e-06,0.0261538371415563,0.678931839446179
"9255","Lamp5","POC5",-0.00351545846317558,0.0446455183981138,0.937238175559349,-0.0910190665945991,0.0839881496682479,7,0,0,0.986229902547244
"9256","Lamp5","PTPN3",-8.6543257264127e-05,0.054140007608554,0.998724575365692,-0.106199008292754,0.106025921778226,7,0.00266957838709143,12.7121767255377,0.999773769742565
"9257","Lamp5","ECHS1",-0.0702373376914529,0.0438983189271899,0.109598444892169,-0.156276461770598,0.0158017863876922,6,0,0,0.463734401407849
"9258","Lamp5","EIF4H",0.0632446207793958,0.0468417574313708,0.176959506596048,-0.0285635367586524,0.155052778317444,7,0.00117633120531591,7.06914962873981,0.569386022035856
"9259","Lamp5","ABCB10",-0.0813699883915957,0.0321419777150097,0.0113549906973141,-0.144367107104904,-0.0183728696782876,6,0,0,0.172986412419337
"9260","Lamp5","NEK4",0.0315651168933808,0.0298170328824002,0.289769672907391,-0.02687519368197,0.0900054274687317,7,2.5273148500045e-06,0.0346161733804718,0.679711913966886
"9261","Lamp5","ST3GAL5",0.0423911745812655,0.0359974146868394,0.238949250885031,-0.0281624617414928,0.112944810904024,7,0.00218517690215415,25.7188808961289,0.629426011307067
"9262","Lamp5","PFDN4",-0.0660443867909549,0.0467963186442184,0.158151499414317,-0.157763485942683,0.0256747123607733,7,0,0,0.54200010238964
"9263","Lamp5","ATAD5",-0.0308286451664561,0.0485197901975917,0.525178715745905,-0.125925686491175,0.0642683961582633,7,0,0,0.833638877814301
"9264","Lamp5","C1orf131",-0.0798372910380871,0.0908599888467434,0.379572202937866,-0.257919596813415,0.098245014737241,5,0.00466959932728827,10.3218159265413,0.749678608577033
"9265","Lamp5","SNX32",0.0243188042039431,0.0485152921579977,0.616187733922226,-0.0707694211251709,0.119407029533057,7,0.00418642342676592,27.1274473340729,0.876113317081905
"9266","Lamp5","ENC1",-0.0974891963182879,0.0665507722607994,0.142952425926303,-0.227926313092782,0.0329479204562062,6,0,0,0.519863907097606
"9267","Lamp5","AMD1",0.0458212117149519,0.0437460012290405,0.294897743161096,-0.0399193751616124,0.131561798591516,7,0.00222351030684255,16.6445717035978,0.685669064004994
"9268","Lamp5","ZNF337-AS1",0.00545644689597139,0.0550911750633563,0.921103384559811,-0.102520272094198,0.113433165886141,7,0,0,0.982375103729229
"9269","Lamp5","LIN7A",0.110744323673828,0.0493404936540536,0.0248007886192198,0.0140387331324558,0.2074499142152,7,3.42833648079269e-06,0.0181785664987595,0.249657096883207
"9270","Lamp5","THY1",0.0284005190419091,0.0642589559307892,0.658511046887558,-0.0975447202665843,0.154345758350402,7,0.00739913067883242,28.2806603736533,0.892964921996311
"9271","Lamp5","SNW1",0.0116337158237036,0.0378386493230748,0.758496388306816,-0.0625286740731639,0.085796105720571,7,0.000864562250608128,8.03690948384463,0.926555528105898
"9272","Lamp5","SPCS1",-0.0331418745711311,0.0852587730873291,0.697482554352331,-0.200245999188369,0.133962250046107,7,0.0173325640589732,38.1819811849164,0.906391554342484
"9273","Lamp5","ATG12",-0.00241771047132568,0.0293434783267023,0.934333842940204,-0.0599298711727938,0.0550944502301424,7,1.06199429978143e-08,0.00015032071706072,0.985315638798959
"9274","Lamp5","DOCK11",0.0416130556667276,0.0740354988688046,0.574069037438357,-0.103493855693585,0.18671996702704,7,0.0159798350952504,48.1636458226942,0.856247790013208
"9275","Lamp5","SETD7",0.0481965465619773,0.0335382979034556,0.150700944173017,-0.0175373094315708,0.113930402555525,7,0,0,0.53025405672169
"9276","Lamp5","USP53",0.0316197312066994,0.0436759032738706,0.469088545629313,-0.053983466202342,0.117222928615741,7,0.00171307229884363,12.4795950040552,0.804490285569502
"9277","Lamp5","TFG",0.0275451863489052,0.0280298929604997,0.325751412904908,-0.0273923943441869,0.0824827670419974,7,0,0,0.708817530372962
"9278","Lamp5","ANKLE2",-0.0500586126897144,0.0378276529046131,0.185724387110309,-0.124199450002438,0.0240822246230092,7,0,0,0.579008849179403
"9279","Lamp5","BRD7",0.017444594153984,0.0558951621757005,0.754968414491646,-0.0921079106204146,0.126997098928382,7,0.00885687324196272,50.1380278359348,0.926555528105898
"9280","Lamp5","FIG4",0.073515221770638,0.0337085238404422,0.0291901506501529,0.0074477290713616,0.139582714469914,7,0,0,0.265463887167436
"9281","Lamp5","APBA2",-0.0768859159521178,0.0297897886491275,0.00985292251741331,-0.135272828811468,-0.0184990030927678,7,0.000401400983208735,5.96736819539445,0.16411016766817
"9282","Lamp5","CCM2",-0.0621033035543198,0.0407225174896278,0.127250128636804,-0.141917971193793,0.0177113640851532,7,0.00199172200605773,17.3190107059605,0.490702040218088
"9283","Lamp5","FEZ2",-0.0117502232743223,0.0283176940080234,0.678183776134434,-0.0672518836552738,0.0437514371066292,7,0,0,0.901378558730513
"9284","Lamp5","PKN2",-0.0982669115547509,0.0270226411429537,0.000276404273383439,-0.15123031496209,-0.0453035081474114,7,0,0,0.0320924146154616
"9285","Lamp5","ARFGEF1",0.0175400487655069,0.0211620261460162,0.407191874721326,-0.0239367603205798,0.0590168578515935,7,0,0,0.768319285230725
"9286","Lamp5","LINC00158",0.149467033272732,0.0899191235722282,0.0964649540579904,-0.0267712104502418,0.325705276995706,7,0.0290518582315509,59.0768351727158,0.441334922410919
"9287","Lamp5","ELAVL1",0.00884645549222324,0.0420756949950583,0.833471803787583,-0.0736203913225832,0.0913133023070297,7,0.0024728429234029,20.6362271562305,0.956927024870186
"9288","Lamp5","KIAA0513",-0.0546458803331134,0.0270018355948606,0.0429923907746833,-0.107568505615512,-0.00172325505071495,7,2.05199326534132e-07,0.00344640658154801,0.312931224147558
"9289","Lamp5","PFKM",-0.0986996664506985,0.0436730976853087,0.0238234313439966,-0.184297365007203,-0.0131019678941937,7,0.000760321544681663,5.04520569760651,0.242885264657166
"9290","Lamp5","CIAO1",-0.0697380837445852,0.0396887121409066,0.0788962673705908,-0.14752653013354,0.0080503626443694,7,0.00117743627848432,10.0073299394928,0.405843321379927
"9291","Lamp5","HUNK",-0.0446886699377292,0.0524517791087271,0.394216693685264,-0.147492267915885,0.0581149280404262,7,0.00413254364155796,22.1614686895335,0.75908083400383
"9292","Lamp5","PSTK",0.025186428319296,0.0339609181589563,0.458311674280286,-0.0413757481541706,0.0917486047927626,7,3.30932779178815e-06,0.0350556735861069,0.798390285902103
"9293","Lamp5","DZANK1",0.0122467663273773,0.0373976729936336,0.743309389434721,-0.0610513258457508,0.0855448585005054,7,0,0,0.923731562184063
"9294","Lamp5","PRSS51",-0.275032806405926,0.107328000906164,0.0103908192858397,-0.485391822714691,-0.0646737900971615,7,0.0170245847901642,21.950092569332,0.1674714391366
"9295","Lamp5","UBE4A",0.00836654526328768,0.0295689575966383,0.7772149396804,-0.0495875466865153,0.0663206372130907,7,0,0,0.935065277503179
"9296","Lamp5","UBR1",-0.0377765263316396,0.0237159642525122,0.111188616277361,-0.0842589621252029,0.00870590946192362,7,0,0,0.464976377514909
"9297","Lamp5","GGA3",-0.0529570714956956,0.0528001184581517,0.31587408708004,-0.156443402053121,0.0505292590617301,7,0.00634525697370404,37.2584148006678,0.701443391715191
"9298","Lamp5","MT-ATP8",-0.0646704770760695,0.196878480569672,0.74254940209038,-0.450545208323596,0.321204254171457,5,0.0648073348699739,35.000144885355,0.923668431412404
"9299","Lamp5","CFAP36",-0.0618650113999496,0.0347282200884978,0.0748463754973118,-0.129931072020586,0.00620104922068649,7,0.000189182131680201,1.95337325625751,0.395007857269352
"9300","Lamp5","NDUFB2",-0.133197270661587,0.0636926702422741,0.0365056958979655,-0.25803261041563,-0.00836193090754371,6,0.000138209203110145,0.480140462752405,0.29202777480579
"9301","Lamp5","DNMT1",-0.0921618429010141,0.0310070569964217,0.00295591147171559,-0.152934557880581,-0.0313891279214467,7,0,0,0.0904594452672365
"9302","Lamp5","DOCK7",0.0565354205817005,0.029111418205274,0.0521327488930348,-0.000521910639520097,0.113592751802921,7,0.0008287183581233,13.812358051364,0.340651666887092
"9303","Lamp5","RPS27L",0.159505435119901,0.0482908714592324,0.000956515372944154,0.0648570662777527,0.25415380396205,7,0,0,0.0552800335763802
"9304","Lamp5","GAK",-0.0827084029210137,0.0325662624714656,0.0110948894538277,-0.146537104476165,-0.0188797013658628,7,0.000293999748283709,3.53750026385006,0.171119586305417
"9305","Lamp5","RBBP7",0.0219274416828327,0.0583937461335124,0.70728113342076,-0.0925221976612266,0.136377081026892,7,0.00963708078435453,49.0058551425233,0.910972005878176
"9306","Lamp5","ZNF493",-0.0179749671361463,0.0373006327930584,0.629880943941749,-0.0910828640110943,0.0551329297388018,7,0,0,0.882571319109476
"9307","Lamp5","APTR",0.110560799405656,0.0421974130107633,0.00879079105958956,0.0278553896637982,0.193266209147514,7,0,0,0.155286662158983
"9308","Lamp5","RNF180",0.0398103303285664,0.0301682950446309,0.186965854738764,-0.0193184414338883,0.0989391020910211,7,0,0,0.579691343250854
"9309","Lamp5","ATG5",-0.00953655547931631,0.0426634661489318,0.823123203257677,-0.0931554125868663,0.0740823016282337,7,0.00408442621140661,35.9562223435582,0.952672928022565
"9310","Lamp5","MAEA",-0.0357678729525086,0.0471273549742783,0.447875271330291,-0.128135791388729,0.0566000454837114,7,0.00393755963954648,27.2447280573434,0.791570730454328
"9311","Lamp5","ZNF680",0.0786117013551948,0.0722088853394044,0.276299104970471,-0.0629151132738202,0.22013851598421,7,0.0192475407277851,62.8813959438661,0.666633271212208
"9312","Lamp5","MORC3",0.00137894897805156,0.0296814251896465,0.962944958618572,-0.0567955754034755,0.0595534733595787,7,0,0,0.994163912108515
"9313","Lamp5","CASC2",0.16390534791217,0.0963982375888799,0.0890756327649433,-0.0250317259351696,0.35284242175951,7,0.0364295008957052,63.191471503272,0.426614133855009
"9314","Lamp5","LAPTM4A",-0.00865011877076202,0.0510198205653791,0.865368545638983,-0.108647129576601,0.091346892035077,7,0.00230898424231302,12.1633567435723,0.966919782985761
"9315","Lamp5","PDPR",-0.117634606587351,0.0456704016511728,0.0100028829789378,-0.207146948983128,-0.0281222641915732,6,0,0,0.16565412875215
"9316","Lamp5","GFOD2",-0.054552209174741,0.0425130496334959,0.199426432960091,-0.137876255329357,0.0287718369798746,7,0,0,0.591146851544706
"9317","Lamp5","RBM10",-0.0842123187032259,0.034284201726724,0.0140375528028594,-0.151408119326311,-0.0170165180801409,7,0,0,0.190119019217889
"9318","Lamp5","ZNF462",0.0574057043063198,0.0317855197992436,0.0709131525126334,-0.00489276973008249,0.119704178342722,7,0,0,0.386390666476352
"9319","Lamp5","B4GALNT1",-0.0615686746483833,0.0547130671351971,0.26046146363728,-0.168804315717092,0.045666966420325,7,0.00493153948412137,25.1112360291846,0.651489759092311
"9320","Lamp5","FAM131A",-0.16489539664893,0.0624811993608125,0.00831214981894977,-0.28735629710699,-0.0424344961908706,7,0.00910420349157389,39.2209468746042,0.151071428092432
"9321","Lamp5","GNL3",-0.0703212070334329,0.0543741742285241,0.19591312266179,-0.176892630210446,0.0362502161435804,7,0.00226374461374512,10.492373531939,0.588272573234939
"9322","Lamp5","DNAJA2",0.0323367042861041,0.0449843953506587,0.472237843859895,-0.0558310904674981,0.120504499039706,7,0,0,0.805854730251114
"9323","Lamp5","GTF2F2",0.00449477758931788,0.0377865062413345,0.905313444961558,-0.0695654137452957,0.0785549689239315,7,0,0,0.979255018840021
"9324","Lamp5","RBBP6",0.0418730899471214,0.0306166799786384,0.171419739065234,-0.0181345001371984,0.101880680031441,7,7.22095303616011e-06,0.0955414657198808,0.562108214828936
"9325","Lamp5","CARM1",-0.0355032156453137,0.0362357045991057,0.327192042436911,-0.106523891613993,0.0355174603233658,7,0,0,0.710412234133167
"9326","Lamp5","XPC",-0.108303665989484,0.0405822117133012,0.00761347183405809,-0.187843339360534,-0.0287639926184345,7,0,0,0.146311626191069
"9327","Lamp5","CARNMT1",-0.00587999437707402,0.0371844054958904,0.874353845721646,-0.0787600899355525,0.0670001011814044,7,2.34743967696865e-06,0.0214734911709825,0.969621442969692
"9328","Lamp5","GIGYF2",-0.0219644748786759,0.0237950255875003,0.355970713961459,-0.0686018680413855,0.0246729182840337,7,0,0,0.732294203682725
"9329","Lamp5","TIMMDC1",0.0426059234487616,0.0444247408427321,0.337529296530705,-0.0444649686255188,0.129676815523042,6,0.00301430974743218,26.2612245164181,0.718581654119746
"9330","Lamp5","ZBTB25",0.0363105009540627,0.0334701713444769,0.277982993193381,-0.0292898294374965,0.101910831345622,7,0.00104717954965642,13.0053530043046,0.668106652398611
"9331","Lamp5","GLRA3",0.125374781919146,0.0901559257967928,0.164333458470504,-0.0513275856354333,0.302077149473725,7,0,0,0.550591979769544
"9332","Lamp5","DPF2",-0.0138303810655163,0.0344097138602391,0.687733730309678,-0.0812721809499137,0.053611418818881,7,0,0,0.903181005962289
"9333","Lamp5","TMED2",-0.00454644796674089,0.0501230113230629,0.927726359897569,-0.102785744956637,0.0936928490231557,7,0.00149173578336403,7.76477181156372,0.983884112435921
"9334","Lamp5","CTPS1",-0.0135089116179512,0.036897881458689,0.714278380359181,-0.0858274303828099,0.0588096071469075,7,0,0,0.91414776398771
"9335","Lamp5","DFFA",0.0606181444629859,0.0397248838623516,0.127022580869514,-0.0172411971972596,0.138477486123231,7,0,0,0.490333078882727
"9336","Lamp5","ZNF350-AS1",0.00813609580961479,0.0474203729092778,0.863772569536916,-0.0848061272260286,0.101078318845258,7,0,0,0.966512624578573
"9337","Lamp5","EIF2B1",-0.00850907423387065,0.0418224654897187,0.83877783545234,-0.0904796003383887,0.0734614518706474,7,0,0,0.958356578693386
"9338","Lamp5","SMAP1",-0.00916946501547506,0.0238053551622468,0.700100378043329,-0.0558271037726633,0.0374881737417132,7,0,0,0.907391397097667
"9339","Lamp5","TCHP",-0.029542693467441,0.0488469308122807,0.545310945267573,-0.125280918614831,0.0661955316799491,7,0,0,0.843410767063583
"9340","Lamp5","SH3RF1",-0.0679425648189031,0.0445798429138087,0.127492550227538,-0.155317451366421,0.019432321728615,7,0.00183316495431987,12.9441003863027,0.491041355288606
"9341","Lamp5","SLC27A1",-0.050438919816563,0.0470497933449259,0.283705318027169,-0.14265482025267,0.041776980619544,7,0.0040281187739701,28.295143623959,0.67313605349053
"9342","Lamp5","PPM1D",-0.0131292002058358,0.0376877658113957,0.727564058488528,-0.0869958638539512,0.0607374634422797,7,0,0,0.91835025721977
"9343","Lamp5","MEG3",-0.0977622308908676,0.0478818448109464,0.0411774260123035,-0.191608922233659,-0.00391553954807651,7,0.00395536713150043,26.8796672817553,0.308934026148769
"9344","Lamp5","C12orf76",-0.0230169541246361,0.0400860156508188,0.565839829742068,-0.10158410108395,0.0555501928346777,7,0.0015992550576356,14.086477893811,0.853218827876106
"9345","Lamp5","DNAJB1",0.190141550980616,0.136179886803726,0.162638375833955,-0.0767661225734289,0.457049224534661,7,0.055329734552805,51.0093104447003,0.548503197010228
"9346","Lamp5","MAX",-0.0203315760017476,0.034065412847028,0.550614699269228,-0.0870985583004106,0.0464354062969153,7,1.43586383696393e-06,0.0155357692811399,0.84527298618773
"9347","Lamp5","CEP250",-0.0432848682977905,0.0339776625656154,0.202691306429582,-0.109879863205252,0.0233101266096706,7,0,0,0.593144491400319
"9348","Lamp5","AGAP3",0.032142781775135,0.0315598498032996,0.308454326448051,-0.0297133871968256,0.0939989507470957,7,1.1748255587425e-06,0.0144663575197418,0.696395184064987
"9349","Lamp5","PLEKHA8",0.0644673106011449,0.0411802236466702,0.117467592165532,-0.0162444446216333,0.145179065823923,7,0,0,0.474592883347162
"9350","Lamp5","LIMA1",-0.0211909355726584,0.0633009350731478,0.737802387877486,-0.145258488503736,0.10287661735842,7,0.0135723330157796,56.4660074748832,0.921597948258498
"9351","Lamp5","HSPA1A",0.138544085662988,0.195349627525938,0.478193608752623,-0.244334148681164,0.52142232000714,7,0.11796044865955,49.7223009747922,0.809816702180502
"9352","Lamp5","MTHFD2L",0.121669074068926,0.0403519394480799,0.00256811819787339,0.0425807260443485,0.200757422093504,6,0,0,0.0851710404717688
"9353","Lamp5","RNF217-AS1",-0.0134406951488512,0.0645435308965877,0.835039759769277,-0.139943691141211,0.113062300843509,7,0.00804904557824251,29.8937824604459,0.957453546220593
"9354","Lamp5","GBA2",-0.109016548632729,0.0469482587561112,0.0202298485679872,-0.201033444931574,-0.0169996523338838,7,0.00177149387576794,10.9173831627067,0.227301561081054
"9355","Lamp5","RBFOX2",0.0119900820036808,0.0270155005166859,0.657171052897145,-0.0409593260333469,0.0649394900407084,7,0.00092868553422063,18.3468717336483,0.892722976646316
"9356","Lamp5","RPA3",0.01598117484905,0.0934422655348723,0.864202329262307,-0.167162300233128,0.199124649931228,7,0.00402452236897747,6.11965405723625,0.966519747091361
"9357","Lamp5","CCNT2-AS1",0.0828647322117259,0.0963829596577268,0.389929825951772,-0.106042397440796,0.271771861864247,5,0.0107865797987207,22.3941388448466,0.756630141601695
"9358","Lamp5","RIMKLB",0.0374254508023088,0.025691302450646,0.145189207758124,-0.012928576716883,0.0877794783215006,7,2.90995261371449e-06,0.0539257852229649,0.521886905794832
"9359","Lamp5","BCAS2",-0.0306730851715473,0.050681087081133,0.545034432482739,-0.130006190547906,0.0686600202048116,7,0,0,0.843376602544951
"9360","Lamp5","SEMA4D",0.00915966535568009,0.0358434302327068,0.798300985989928,-0.0610921669827994,0.0794114976941595,7,0,0,0.94359509133559
"9361","Lamp5","RASA2",0.00943770584895835,0.0260543683343592,0.717179244915744,-0.0416279177263266,0.0605033294242432,7,0,0,0.914462798800233
"9362","Lamp5","FDPS",-0.00324072167593358,0.0671697545535553,0.961519600495552,-0.134891021451297,0.12840957809943,6,0.00870101082249167,35.6397076792056,0.994105031756402
"9363","Lamp5","OSBPL11",0.00974113251461924,0.0435478650016374,0.823000125293096,-0.0756111144922023,0.0950933795214408,7,0.0028751627486691,22.719814322923,0.952672928022565
"9364","Lamp5","FBXO33",0.0274924464161275,0.0303098970042447,0.36438289830019,-0.0319138600873105,0.0868987529195655,7,0,0,0.737658430833555
"9365","Lamp5","SNRPF",0.12891667588091,0.044824271432965,0.00402690756674185,0.0410627182390512,0.216770633522769,7,0,0,0.107495061586308
"9366","Lamp5","RNF2",0.0409217149016252,0.0399689655221097,0.305912162844201,-0.0374160180210329,0.119259447824283,7,0,0,0.695381782066869
"9367","Lamp5","SPTBN2",-0.0947205249398716,0.0359092551428675,0.00834520037024431,-0.165101371731552,-0.0243396781481916,7,0.000278204296773688,2.70592661845034,0.151441959374434
"9368","Lamp5","PTPRN",-0.0601170385678349,0.033450547390778,0.0723052276332574,-0.12567890671691,0.00544482958124021,7,0,0,0.389156123730696
"9369","Lamp5","PREP",0.0108340343426636,0.0364972077878509,0.766584415041789,-0.0606991784577988,0.0823672471431261,7,0,0,0.93055735379163
"9370","Lamp5","PRMT8",-0.116352513369143,0.0341519643475599,0.000657038840301364,-0.183289133491656,-0.0494158932466299,7,0,0,0.0479117529949025
"9371","Lamp5","SEC22C",-0.0514000535580291,0.033610890300026,0.126198059164239,-0.117276188034407,0.0144760809183486,7,1.55704412639616e-06,0.0169232083790256,0.489206674082702
"9372","Lamp5","SYT17",0.041701368461672,0.056453430357047,0.460097583409135,-0.0689453218418802,0.152348058765224,7,0,0,0.799114769561592
"9373","Lamp5","TRAPPC3",-0.00296068721876517,0.0397466273801921,0.940621279729743,-0.0808626453908753,0.0749412709533449,7,0,0,0.987071639145024
"9374","Lamp5","SEC23IP",0.0334941191430537,0.031994598452746,0.295160493477524,-0.0292141415241493,0.0962023798102567,7,0,0,0.685669064004994
"9375","Lamp5","GAPDH",0.0318283447143892,0.0771528272054441,0.679946352894701,-0.119388417913723,0.183045107342502,7,0,0,0.901733822525915
"9376","Lamp5","ADAL",0.0823474891276943,0.0677767465499212,0.224373170231514,-0.0504924930994507,0.215187471354839,5,0,0,0.615080495135071
"9377","Lamp5","CEBPZ",0.0142659582624559,0.0525601788780312,0.786066931200706,-0.0887500993594682,0.11728201588438,7,0.00526670853593884,29.8611048807873,0.938571838713851
"9378","Lamp5","GCLC",0.00291990538099987,0.054952179259397,0.957624035508931,-0.104784386839407,0.110624197601407,7,0.00742297778917834,39.0743623211713,0.993217221014664
"9379","Lamp5","POLR3B",-0.0687771215887535,0.0412762868130498,0.0956611773708426,-0.149677157157877,0.0121229139803697,7,0,0,0.440512907269121
"9380","Lamp5","SPDYE3",-0.12175577360213,0.0854040307593742,0.153971028670062,-0.289144598025055,0.0456330508207943,7,0,0,0.534806718520265
"9381","Lamp5","NMRAL1",-0.101291357715109,0.0445174518364478,0.0228868627892327,-0.188543959998043,-0.0140387554321752,7,0,0,0.239461060451823
"9382","Lamp5","KNDC1",0.0696345888640544,0.0351041044949127,0.0472938161297851,0.000831808344494936,0.138437369383614,7,0,0,0.32561125336563
"9383","Lamp5","RPS28",-0.0138919853982551,0.0696997328689178,0.842018779925018,-0.150500951553397,0.122716980756886,7,0,0,0.958821007634427
"9384","Lamp5","TIMM9",0.0211436746172372,0.0654303473877945,0.746583290425933,-0.107097449758784,0.149384798993259,6,0.0126624238026029,55.7628891919336,0.923981530672427
"9385","Lamp5","TMCO1",0.0103729512704746,0.0417249485621872,0.803667815684778,-0.0714064451681987,0.0921523477091479,7,0.00256461098695705,21.9148502179454,0.945598524967952
"9386","Lamp5","TRIM26",0.0697062406085811,0.0425324782012943,0.10123525290311,-0.0136558848391906,0.153068366056353,7,2.45623502918998e-07,0.00176769877529329,0.450734624382296
"9387","Lamp5","GAS8",-0.223434986101457,0.079258093079853,0.00481613596173514,-0.378777994021292,-0.0680919781816219,5,0,0,0.118132413463721
"9388","Lamp5","WAPL",0.0399139169936344,0.0262618589920732,0.128550300840222,-0.0115583807978985,0.0913862147851673,7,2.65205643418921e-07,0.0046314593846881,0.493209190807896
"9389","Lamp5","PTPN9",-0.0864628556472886,0.0374833615697517,0.021071571820142,-0.159928894343495,-0.0129968169510826,7,0,0,0.229932811304991
"9390","Lamp5","FAM193A",-0.0432094222498475,0.0364896919630282,0.236352025518069,-0.114727904304343,0.0283090598046484,7,0.00223812754814768,25.6713180287818,0.626447177645301
"9391","Lamp5","GKAP1",0.0979526503357104,0.0363715910947312,0.00707891743534858,0.0266656417296195,0.169239658941801,7,1.05998587301252e-06,0.0100643770024836,0.141334906850271
"9392","Lamp5","LRRFIP1",-0.067582470779145,0.024759516315172,0.00634197974317634,-0.116110231031514,-0.0190547105267759,7,0,0,0.133778891851704
"9393","Lamp5","ZNF891",0.0242442295347773,0.0400263969531831,0.544709986745423,-0.0542060669243652,0.10269452599392,7,0.00222450369422781,20.5787109177961,0.843376602544951
"9394","Lamp5","C3orf70",0.150732913117577,0.0368976348596601,4.40455747416998e-05,0.0784148776779341,0.223050948557221,7,3.33130647758234e-06,0.0313367796378761,0.014365296134931
"9395","Lamp5","ZNF667-AS1",0.00753286196256348,0.0389082061447741,0.846484403718368,-0.0687258207842539,0.0837915447093808,7,0,0,0.959421815061179
"9396","Lamp5","NDUFB3",-0.05026470413589,0.0768842305399181,0.513259152828518,-0.200955026973204,0.100425618701424,6,0,0,0.826138184151139
"9397","Lamp5","SNX1",0.0528126778053296,0.0259994783225233,0.0422248151375875,0.00185463667635407,0.103770718934305,7,1.68041521624315e-06,0.030892482634365,0.31114492884268
"9398","Lamp5","KIF1B",-0.0204094651567109,0.0196061283209996,0.297887725738376,-0.0588367705421408,0.0180178402287191,7,0,0,0.687746200571181
"9399","Lamp5","NLN",-0.0598123141991443,0.0443773759894017,0.177719188534619,-0.146790372866764,0.0271657444684756,6,4.20459803283086e-06,0.0325095222024321,0.570278864484246
"9400","Lamp5","CMTR1",-0.0840297251544756,0.0353789349814922,0.0175425618017605,-0.153371163529585,-0.0146882867793667,7,0,0,0.212554707788504
"9401","Lamp5","ZMYM4",-0.00588588185449608,0.0243498613089555,0.80899606902903,-0.0536107330485942,0.041838969339602,7,0,0,0.947393653497666
"9402","Lamp5","AREL1",-0.0733304445267336,0.0341455930077916,0.0317470148013144,-0.140254577052768,-0.00640631200069947,7,0,0,0.276858605411434
"9403","Lamp5","CCDC126",-0.0429471768128164,0.0521658560069621,0.410348011821071,-0.145190375809164,0.0592960221835317,7,0,0,0.770505868011963
"9404","Lamp5","TUBGCP2",-0.108438550918918,0.0344004995598247,0.00162024329408321,-0.175862291106361,-0.0410148107314758,7,0,0,0.0709709000283925
"9405","Lamp5","MAN2C1",-0.0725702170653043,0.0413317061097412,0.0791225334995966,-0.153578872459991,0.00843843832938267,7,3.85576426877974e-06,0.0288767627516659,0.405910944345904
"9406","Lamp5","TUT4",0.0307358568163508,0.0246418560915995,0.212286480518465,-0.0175612936354032,0.0790330072681047,5,0,0,0.602309376161405
"9407","Lamp5","CHFR",-0.100733267695716,0.0359468373872626,0.00507420933933159,-0.171187774332868,-0.0302787610585631,7,0.00150481429033227,16.7452051623833,0.121269453919904
"9408","Lamp5","NECTIN2",-0.129935145280774,0.0396931378576731,0.00106227624418591,-0.207732265915197,-0.0521380246463517,7,1.18868457632665e-06,0.00947203719483535,0.0573576821673018
"9409","Lamp5","LAPTM4B",-0.0649115371778323,0.0411641440998663,0.114819663926195,-0.145591777067987,0.0157687027123226,7,0.000449396197031895,3.35358480971852,0.470894499620497
"9410","Lamp5","RASGEF1A",-0.0510579366593156,0.034829649650432,0.142666510460562,-0.11932279556831,0.0172069222496792,7,0,0,0.51969198860733
"9411","Lamp5","UBA2",-0.00328526157329931,0.0255193213959917,0.897566355851194,-0.0533022124193455,0.0467316892727469,7,0,0,0.976797411674409
"9412","Lamp5","IFRD1",0.0308514225046253,0.0595134492480698,0.60418331224119,-0.0857927946173438,0.147495639626594,7,0,0,0.868754145856967
"9413","Lamp5","ALDH2",0.0532358627436426,0.0549431658358259,0.332582104316405,-0.0544507634911877,0.160922488978473,6,0.00439398759654388,25.1274015064697,0.714489691112083
"9414","Lamp5","GSTA4",0.057437512602903,0.0303646610926602,0.0585455268650483,-0.0020761295414756,0.116951154747282,7,0.000878303065553225,13.392439195296,0.357419723652026
"9415","Lamp5","LINC02018",-0.0892538343871489,0.0798572861728272,0.263709343899685,-0.245771239188999,0.0672635704147008,5,0.00793269466953181,25.4138477364998,0.653887630872142
"9416","Lamp5","MAPK10",0.0819542801949588,0.0313300059223785,0.00890082761820839,0.0205485969516703,0.143359963438247,7,0,0,0.156460886119483
"9417","Lamp5","UROS",-0.081681248883486,0.05177620489583,0.114661492621575,-0.183160745735479,0.0197982479685073,7,0.00524372585493708,30.8712834953331,0.470729373142631
"9418","Lamp5","CIRBP",-0.145302320449289,0.0424882241325431,0.000626612730556346,-0.228577709516139,-0.0620269313824391,7,1.29514511827841e-06,0.00912464470576235,0.0477310537533186
"9419","Lamp5","PAPOLG",0.0216536183462509,0.0481187546616067,0.652707762052242,-0.0726574077714171,0.115964644463919,7,0.00522526530602051,36.7705802247959,0.890455410264974
"9420","Lamp5","CYB5D2",-0.0399600192093982,0.0388513294437227,0.303697424053335,-0.116107225670595,0.0361871872517988,7,5.32282054689575e-06,0.0441972742608789,0.693378673969804
"9421","Lamp5","VAPB",0.0259006682638627,0.0376732477777439,0.491762510193588,-0.0479375405611689,0.0997388770888943,7,0.000813176557390093,7.77483936919443,0.816204797966937
"9422","Lamp5","DNAJC19",-0.045619885682104,0.0816976147698267,0.576571794312535,-0.205744268253792,0.114504496889584,6,0.0189001897941502,51.6349682731607,0.857671876115575
"9423","Lamp5","SIRT2",-0.00968836796236584,0.0514720928353303,0.850699768612541,-0.110571816128515,0.0911950802037837,7,0.00654215788156914,40.7838799299318,0.960721774113098
"9424","Lamp5","WDR73",-0.0572622293508258,0.0578085887818461,0.321905939719258,-0.17056498136033,0.0560405226586788,7,0.00461962743266649,20.3626000882888,0.706734763099365
"9425","Lamp5","SETD2",-0.0296133934840943,0.023780763775833,0.21303372798363,-0.0762228340095816,0.016996047041393,7,0,0,0.602909076634875
"9426","Lamp5","PDIA6",0.0668901372110111,0.0433971302269009,0.123231791156375,-0.0181666750661092,0.151946949488131,7,0,0,0.48484342100801
"9427","Lamp5","TGFB1",-0.00714888921033735,0.0662236219691739,0.914034765000544,-0.136944803195714,0.122647024775039,7,0.00138897235333809,4.03502021174493,0.980734315041589
"9428","Lamp5","STX8",-0.0156783412715134,0.0321237203487098,0.625506497788821,-0.0786396762044212,0.0472829936613943,7,0,0,0.880065680713561
"9429","Lamp5","FERMT2",0.124486485673274,0.0373363945902984,0.000855494174203411,0.0513084969637131,0.197664474382835,7,0,0,0.054585113815654
"9430","Lamp5","QRSL1",0.020154892471565,0.0404536289470272,0.618327498475483,-0.0591327633085552,0.0994425482516852,6,0,0,0.877278271950208
"9431","Lamp5","RTCA",-0.0304848717746623,0.0424595054458003,0.472772580376348,-0.113703973249813,0.0527342297004887,7,0,0,0.806067831720807
"9432","Lamp5","ZNF92",0.0454823451849888,0.0498555841185341,0.361620359158116,-0.0522328041155452,0.143197494485523,7,0.0040616905939016,25.0645367691288,0.736264102753927
"9433","Lamp5","NDUFB6",0.00173157051732984,0.0352954204493198,0.960871995393315,-0.0674461823825356,0.0709093234171952,6,0,0,0.99402737661308
"9434","Lamp5","MAP3K1",0.0230560635417642,0.0340944329701591,0.498887457364467,-0.0437677971530625,0.089879924236591,7,0,0,0.820760741706713
"9435","Lamp5","USF2",-0.0512497086314202,0.0411524922569066,0.212999084771121,-0.13190711132902,0.0294076940661801,7,1.48472952474064e-06,0.0108174300030837,0.602909076634875
"9436","Lamp5","ARMH3",-0.0164692334530832,0.0372894354594707,0.658735620266043,-0.0895551839574766,0.0566167170513102,5,0.00170245174022024,24.8319388903033,0.892964921996311
"9437","Lamp5","WTAP",0.00455273362542247,0.0282068794343799,0.871774366046182,-0.0507317341822256,0.0598372014330706,7,0,0,0.968577940382375
"9438","Lamp5","SLC30A6",0.039325809444208,0.0339998374326963,0.247416617858673,-0.0273126474040936,0.10596426629251,7,0,0,0.638509998483355
"9439","Lamp5","MRE11",0.106015126700066,0.0609561521733169,0.0819990505049223,-0.0134567361957781,0.22548698959591,5,0.00681567590785889,40.8385971538756,0.412681031691782
"9440","Lamp5","DNAJC27-AS1",0.0508345877047891,0.0446653682223859,0.255070014969051,-0.0367079253673071,0.138377100776885,7,0.00119139618897786,8.06901153797309,0.645993712201372
"9441","Lamp5","PLEC",-0.0505752802682884,0.0362567946255075,0.163040361982593,-0.121637291929148,0.0204867313925717,7,8.7505222520453e-07,0.00828582004003655,0.549239348999952
"9442","Lamp5","YY1",-0.00295404870974957,0.028506495621302,0.917465190623184,-0.0588257534529502,0.052917656033451,7,0,0,0.981834848915198
"9443","Lamp5","PLS1",0.0764713749085724,0.0760358392367988,0.314546415164691,-0.0725561315298308,0.225498881346976,7,0.0145204858870918,39.7120792511889,0.699713649359104
"9444","Lamp5","CNTRL",0.053252406161008,0.0310928115006094,0.0867692375363884,-0.00768838455827934,0.114193196880295,7,0,0,0.421204051916033
"9445","Lamp5","DFFB",0.0138313320383123,0.0381286100360816,0.716788143144096,-0.0608993704129801,0.0885620344896046,7,0,0,0.914462798800233
"9446","Lamp5","UNKL",-0.0259511418752793,0.0398627949419379,0.515038999481975,-0.104080784284583,0.0521785005340245,7,0,0,0.826822012668583
"9447","Lamp5","PTPN2",-0.0017060063191172,0.0324950846807636,0.958129942898378,-0.0653952019679931,0.0619831893297587,7,0,0,0.993225608412454
"9448","Lamp5","FDX1",0.0515747771318526,0.0383182257160615,0.178315601739785,-0.0235275652231044,0.12667711948681,6,0.00102173875207861,11.0473774649554,0.570791295826041
"9449","Lamp5","CCS",-0.0926228842999887,0.0501843899190335,0.0649428532180779,-0.190982481127409,0.00573671252743195,7,0,0,0.371880205906429
"9450","Lamp5","AAMDC",0.0425270901347963,0.0426666228659365,0.318895730269042,-0.0410979540243924,0.126152134293985,7,0,0,0.703741581079091
"9451","Lamp5","STAG2",0.0526830049287976,0.0247478875669684,0.0332718080364766,0.00417803660409303,0.101187973253502,7,4.20552856714729e-06,0.0847723913849247,0.283240512106319
"9452","Lamp5","EMSY",0.0597018816019112,0.0381801991267236,0.11789108866973,-0.0151299336090347,0.134533696812857,7,0.00353875428028579,39.1649409382701,0.475020057075911
"9453","Lamp5","PRPF6",-0.0461735441473051,0.033992127667041,0.174349502471567,-0.112796890132593,0.0204498018379827,7,2.29554188724917e-06,0.0240122235284059,0.565544848484534
"9454","Lamp5","COL4A4",0.0627406705418,0.0465952293857279,0.178139977354159,-0.028584300905609,0.154065641989209,7,0,0,0.57065616396384
"9455","Lamp5","ZNF420",0.0559092077528006,0.0372462722618261,0.133337833243778,-0.0170921444387519,0.128910559944353,7,0,0,0.503337448771391
"9456","Lamp5","MPHOSPH10",0.00550096030623408,0.0446023987485538,0.901843185303795,-0.0819181348650258,0.0929200554774939,7,0,0,0.977956078464346
"9457","Lamp5","DNAJC11",-0.0428967515958069,0.0397134571176144,0.280072464660623,-0.120733697247907,0.0349401940562931,6,0.00215755272478983,23.3061645638657,0.670036033165418
"9458","Lamp5","ACADL",-0.0316133550228892,0.0424953855891385,0.456922201574486,-0.114902780286743,0.0516760702409647,6,0,0,0.797829261005881
"9459","Lamp5","MAP2K7",-0.0426298958114968,0.0420668744860844,0.310876798339589,-0.125079454746389,0.0398196631233955,7,0.000807436091586974,5.95762199549597,0.69751888017695
"9460","Lamp5","CLUAP1",-0.0672974738315264,0.034284477079694,0.049656188797668,-0.134493814136516,-0.000101133526537192,7,0,0,0.333242627290298
"9461","Lamp5","LAMTOR1",-0.00455686255407358,0.0675972366710597,0.946253744147375,-0.137045011883781,0.127931286775634,7,0.00583373449800303,18.7293502437973,0.988865030560056
"9462","Lamp5","NEK11",0.0881126071314037,0.0384691308926203,0.0219937592382147,0.0127144960653108,0.163510718197497,7,0,0,0.235042239454417
"9463","Lamp5","DUT",-0.0246090949974593,0.0353066476680809,0.485796384876575,-0.0938088528417428,0.0445906628468243,6,0,0,0.813788901350183
"9464","Lamp5","LSAMP-AS1",-0.0322393579575467,0.110131352495553,0.769724323004261,-0.248092842417517,0.183614126502423,7,1.94311571567505e-06,0.00191966970500443,0.932100292964428
"9465","Lamp5","DDX52",-0.0238075002636309,0.0324188485288303,0.462721941212506,-0.0873472758003976,0.0397322752731359,7,0,0,0.800102097417133
"9466","Lamp5","C9orf85",0.0139122294295074,0.0346188353059097,0.687780593350668,-0.0539394409567992,0.0817638998158139,7,0,0,0.903181005962289
"9467","Lamp5","SLC10A4",-0.182658850035189,0.061828180887584,0.00313381582108013,-0.303839857804481,-0.0614778422658962,7,0,0,0.0936932585107432
"9468","Lamp5","IGBP1",-0.0698533910398592,0.0376155630944001,0.0633062737107393,-0.143578539963077,0.00387175788335907,7,0,0,0.369127122041312
"9469","Lamp5","MBOAT7",0.0652305218885138,0.0427150575841417,0.126734066394947,-0.0184894525739583,0.148950496350986,7,0,0,0.490218958413481
"9470","Lamp5","TMEM94",-0.0512466919352236,0.0336221718653708,0.127460410080526,-0.117144937873366,0.0146515540029192,7,0,0,0.491041355288606
"9471","Lamp5","RPS6KA5",0.175413959070998,0.0682338255166779,0.0101470600480551,0.0416781185309188,0.309149799611077,7,0.00966129800342468,32.598715880761,0.165924524905528
"9472","Lamp5","ZNF254",-0.0048839875225893,0.0601411586906213,0.935275951563493,-0.122758492544715,0.112990517499536,7,0.0145462475073163,67.0724714306264,0.985546312868782
"9473","Lamp5","MAP3K20",0.055452437461036,0.0820127121541165,0.49894895829148,-0.105289524635483,0.216194399557555,5,0.0107023572702031,33.4749307230561,0.820760741706713
"9474","Lamp5","PAK2",-0.0376876880199047,0.0260086145110807,0.147324638040243,-0.0886636357494087,0.0132882597095993,7,0,0,0.525326275456135
"9475","Lamp5","PWP1",-0.121738149611587,0.0587130074205162,0.0381309512925152,-0.236813529579831,-0.00666276964334202,7,0.0100281171736866,49.5627515179824,0.299808051615509
"9476","Lamp5","PDGFD",0.0340085710239338,0.0624657410001182,0.586141777256556,-0.0884220316039048,0.156439173651772,7,3.85539826603838e-06,0.012934127813526,0.860479719427699
"9477","Lamp5","PCSK5",0.203997529630753,0.0631475429960528,0.0012357806668084,0.0802306196462951,0.327764439615211,7,0,0,0.0615299124393153
"9478","Lamp5","ZNF790-AS1",0.0077072645269639,0.0570227181708795,0.892484347023002,-0.104055209388538,0.119469738442466,5,0.00609100261114032,41.3817067567503,0.975916378147624
"9479","Lamp5","EGFR",-0.0466006546893173,0.0329638060254379,0.157452481627612,-0.11120852729254,0.0180072179139054,7,0.000588957059494892,7.25160430033021,0.541136397937743
"9480","Lamp5","SCG3",0.0172873490479789,0.0545068003124495,0.751122585751995,-0.0895440164769386,0.124118714572896,7,0.00351240725697401,16.9773545257212,0.925975950944022
"9481","Lamp5","RBM17",0.0284111566148822,0.0305782366523871,0.352821725743792,-0.0315210859345391,0.0883433991643035,7,0.000510634380004387,7.26956819552032,0.730623184965952
"9482","Lamp5","FBXO38",0.00385342591928591,0.0307584917087858,0.900301831634319,-0.0564321100487081,0.0641389618872799,7,0,0,0.977956078464346
"9483","Lamp5","MED1",-0.0331760889707412,0.0482454041703241,0.49167142763248,-0.127735343564155,0.0613831656226726,7,0.00466463261730151,31.3494710408894,0.816204797966937
"9484","Lamp5","ZNF224",0.0668011475729085,0.0404878472513011,0.0989621357480928,-0.0125535748512006,0.146155869997018,7,0,0,0.445255147257879
"9485","Lamp5","SPEN",0.010427976494557,0.0259467315392559,0.687758045687848,-0.040426682838914,0.061282635828028,7,0,0,0.903181005962289
"9486","Lamp5","KCNK3",-0.0997081362766788,0.0360996980084578,0.00574447236256431,-0.170462244226028,-0.0289540283273292,7,0,0,0.129038690598033
"9487","Lamp5","PSMA3",-0.0513330955437772,0.0444745848202781,0.248413300422019,-0.138501680018894,0.0358354889313397,7,0,0,0.639288715245734
"9488","Lamp5","ABHD17B",0.0172335616814463,0.0390912028562763,0.659317798262959,-0.0593837880292045,0.093850911392097,7,0,0,0.892964921996311
"9489","Lamp5","BRAP",-0.0180249407115388,0.0354188851159937,0.610816974904038,-0.0874446799114483,0.0513947984883707,7,0.000204249598744573,2.0450266229854,0.873984231021463
"9490","Lamp5","SEMA4B",-0.0136959492573028,0.0325533710451164,0.67395742397625,-0.0774993840810999,0.0501074855664943,7,0,0,0.899637999032479
"9491","Lamp5","SEC11C",-0.153351895891318,0.0782648540963134,0.0500663482646898,-0.306748191175375,4.43993927379815e-05,7,0.013947095771967,36.0179817835668,0.334379106357185
"9492","Lamp5","NUCB1",-0.00510685714737348,0.0433048477928542,0.906124651320372,-0.0899827991773566,0.0797690848826097,7,0,0,0.979410581352243
"9493","Lamp5","FAM13A",0.104069736701934,0.0438248408917689,0.0175644267206435,0.018174626925869,0.189964846477999,7,0,0,0.212604229911108
"9494","Lamp5","SAMD8",0.00850962231201837,0.0283103475591415,0.763732143131153,-0.0469776392937104,0.0639968839177472,7,0.000380712587003159,6.24982894507635,0.929426345752056
"9495","Lamp5","MYO6",-0.0162693007505392,0.0307630766074973,0.596903923682885,-0.0765638229548805,0.0440252214538021,7,0.000376683836129286,5.1911799572196,0.865992238665974
"9496","Lamp5","AVL9",0.0358028468243257,0.0277760607560056,0.19740428833574,-0.0186372318898417,0.0902429255384931,7,0.00041753234305372,7.2779730740961,0.589599871180598
"9497","Lamp5","KCNN3",0.136670357072464,0.0821604303361794,0.0962209570803483,-0.0243611273407595,0.297701841485688,7,0.014096909470845,32.7537564682631,0.441076021281022
"9498","Lamp5","KBTBD12",0.127717619843454,0.0451561709382377,0.00467880917512913,0.0392131511247738,0.216222088562134,7,0,0,0.118072529571483
"9499","Lamp5","ASH2L",-0.0866487406364427,0.0352025898910956,0.0138384072443792,-0.155644548985524,-0.0176529322873616,7,0,0,0.188846835739611
"9500","Lamp5","MOB3B",-0.0527017203821005,0.0367598764887473,0.151664995035994,-0.124749754376186,0.0193463136119848,7,0,0,0.531613109772583
"9501","Lamp5","NACA",-0.0142787280504166,0.0663753907311438,0.829673126942637,-0.144372103343232,0.115814647242399,7,0.00385352843998225,12.3479767996149,0.955480430439053
"9502","Lamp5","LYRM4",-0.0372161514827303,0.0360316736940679,0.301663224209859,-0.107836934225803,0.0334046312603421,6,0,0,0.691374185190821
"9503","Lamp5","EFHC1",-0.0351676469272745,0.0459620142993493,0.444184668674964,-0.125251539610914,0.0549162457563651,7,0.00155891971875501,10.1698193822205,0.789771699774591
"9504","Lamp5","CORO2A",-0.0280337962712322,0.0404340001079981,0.488107275507896,-0.107282980233797,0.0512153876913328,7,0,0,0.814652322725058
"9505","Lamp5","SYP",-0.138150843210183,0.0346511308928689,6.69401931895179e-05,-0.206065811783789,-0.0702358746365766,7,0,0,0.0174965080315611
"9506","Lamp5","FAM151B",0.0590574676986305,0.0453444813570506,0.192773540326791,-0.0298160826588367,0.147931018056098,7,0,0,0.58690905518536
"9507","Lamp5","WDR33",0.0251823648553322,0.0311538715198026,0.418905146412016,-0.035878101302469,0.0862428310131334,7,0.00163177583881738,25.9512465480185,0.774175034143301
"9508","Lamp5","RPL38",-0.0881778497539445,0.0704361862777746,0.210612574841953,-0.226230238066737,0.0498745385588481,7,0,0,0.600838688581803
"9509","Lamp5","RBM39",-0.0229617451438443,0.0195557590195528,0.240327767595053,-0.0612903285125121,0.0153668382248236,7,0,0,0.631527086941165
"9510","Lamp5","ARSG",-0.0954394905563019,0.0734208467148116,0.19363649675089,-0.239341705831769,0.0484627247191649,7,0.0163446623243196,49.6948830899129,0.587583280058094
"9511","Lamp5","MGST1",0.0288202202052354,0.0906018115527751,0.750410892404989,-0.148756067372289,0.20639650778276,6,0,0,0.925975950944022
"9512","Lamp5","MTOR",-0.0814803134278046,0.0259855705532305,0.00171503882828386,-0.132411095829861,-0.0305495310257484,7,0,0,0.0727215420469265
"9513","Lamp5","ZFAS1",-0.0574752709871068,0.0727795778593188,0.429693052121887,-0.2001206224014,0.0851700804271868,7,0.0141952441514599,44.8618682029575,0.781980608660896
"9514","Lamp5","SACM1L",0.0451054879376142,0.0291958452480971,0.122363604214359,-0.012117317246861,0.102328293122089,7,0.000226525477528354,3.39406947568672,0.483792114801566
"9515","Lamp5","ENTPD3-AS1",0.0183637836353016,0.129192569219826,0.886967272349029,-0.234848999105756,0.271576566376359,6,0.0389953083092225,43.7563356010293,0.974011298943957
"9516","Lamp5","ATAD2",0.0608207697513775,0.0395617964622039,0.124204889284066,-0.0167189264782462,0.138360465981001,7,0,0,0.486676597412247
"9517","Lamp5","SMURF2",0.0174856727480556,0.0407470561405291,0.667830611609973,-0.0623770897634131,0.0973484352595243,7,0.00349239439171105,33.6531627889313,0.897383922366512
"9518","Lamp5","RPS2",0.028583349769622,0.0620278560303918,0.644931532293545,-0.0929890140881815,0.150155713627425,7,0,0,0.886929185222919
"9519","Lamp5","EMC7",-0.157957026301903,0.0759206364727105,0.0374746968926788,-0.306758739471774,-0.00915531313203249,7,0.00953644624608174,25.0994363732467,0.297232151226089
"9520","Lamp5","ZNF618",0.108360734411674,0.0665873536328331,0.103663407573983,-0.0221480805345115,0.238869549357859,7,0.0143614538113876,53.3432918713,0.455085911390479
"9521","Lamp5","TTC39C",0.0915355863590323,0.0609285888684037,0.133008771856315,-0.0278822534518869,0.210953426169951,7,0.0158464347026449,70.4886512212677,0.50275709468139
"9522","Lamp5","VSNL1",-0.0283943934867623,0.0425340933547714,0.504409482140031,-0.111759684577179,0.054970897603654,7,0,0,0.822278216591144
"9523","Lamp5","RPTOR",0.011693692635539,0.0437406266152625,0.789206097634778,-0.0740363601915897,0.0974237454626677,7,0.0043164422804145,35.8830081134472,0.93930291815429
"9524","Lamp5","RCAN1",0.0281274737280464,0.0620993195868042,0.650589535829409,-0.0935849561265327,0.149839903582625,5,0,0,0.889738157224085
"9525","Lamp5","SYT13",-0.0405002859466947,0.0495065675429801,0.413312048276488,-0.137531375329135,0.0565308034357458,7,0.00149622741712135,8.21538191240962,0.771625852727355
"9526","Lamp5","USP4",-0.0324931825482393,0.030163590787392,0.28137667233829,-0.0916127341359317,0.0266263690394531,7,0,0,0.670716289514374
"9527","Lamp5","RCN2",-0.0763590044978608,0.0509937995877405,0.134284674856327,-0.176305015124686,0.023587006128964,7,0.0056751964395667,35.2931446884193,0.504296621235883
"9528","Lamp5","ZRSR2",0.0522957733081376,0.0339202646869481,0.123140052606519,-0.0141867238243465,0.118778270440622,7,0,0,0.48484342100801
"9529","Lamp5","CEPT1",0.090895058835853,0.029885829308808,0.00235472982777737,0.0323199097424777,0.149470207929228,7,1.45106931798631e-06,0.0198896565608108,0.0833125240184361
"9530","Lamp5","DHX8",0.0128586953219822,0.0330148160517217,0.696919203745469,-0.0518491550956071,0.0775665457395715,7,5.04742486716873e-06,0.0557357926796359,0.906391554342484
"9531","Lamp5","STX17",0.0123034937105814,0.0302340823934598,0.684051176573112,-0.0469542188862164,0.0715612063073793,6,0,0,0.903032125029015
"9532","Lamp5","GLOD4",-0.0133450221290867,0.0394718733950664,0.735295815691215,-0.0907084723857415,0.0640184281275682,6,0,0,0.920968020512279
"9533","Lamp5","KCNA2",0.0214973366134455,0.0448825270830217,0.631960722048652,-0.0664708000044206,0.109465473231312,7,0.00109058946883755,7.1685800859031,0.882993296421211
"9534","Lamp5","TSPAN14",0.0121358580202377,0.0366398453060584,0.740478139883629,-0.0596769191787556,0.0839486352192311,7,0,0,0.922875596707924
"9535","Lamp5","CCDC191",-0.0245416912401379,0.042848367213635,0.566809411677851,-0.108522947775209,0.0594395652949335,7,5.47133134448967e-06,0.0371823743447102,0.853478978335213
"9536","Lamp5","CWF19L1",-0.0429603818161329,0.0646256925758048,0.50620592680957,-0.169624411740668,0.083703648108402,7,0.0134820839136432,55.5031667107792,0.822824639047686
"9537","Lamp5","ADGRB2",-0.0734395673286271,0.051004259562229,0.149903826403432,-0.173406079128729,0.0265269444714744,7,0,0,0.52928841451392
"9538","Lamp5","GTF2E2",-0.0123503159108329,0.0294173858675322,0.674609279830617,-0.0700073327305137,0.0453067009088479,7,0,0,0.899813794094343
"9539","Lamp5","FAM227B",0.0157147511342122,0.0784537069543597,0.841241241322361,-0.138051688949992,0.169481191218417,7,0.00968463354993487,23.5050180437918,0.958772896690567
"9540","Lamp5","GLRB",-0.0431027021294845,0.0280322088382347,0.124143150006718,-0.0980448218595299,0.0118394176005609,7,0,0,0.486603713841473
"9541","Lamp5","RHBDL2",0.0398348968191926,0.0731802009346017,0.586207655384926,-0.103595661394031,0.183265455032416,7,8.45655432004366e-07,0.00195788245631208,0.860479719427699
"9542","Lamp5","GNAO1",0.00919167397420755,0.0385491135918144,0.811539377038902,-0.0663632003016922,0.0847465482501072,7,0.00210520657076074,20.8865792589383,0.948625551243823
"9543","Lamp5","SUMO3",0.0472626480150346,0.08132437918507,0.561131199886323,-0.112130206252781,0.206655502282851,7,0.0123178084558551,29.6316382134478,0.852135621516259
"9544","Lamp5","ANKRD27",0.0396878714182069,0.0566945465326909,0.483908701489455,-0.0714313979056974,0.150807140742111,7,0.00783729274440378,40.1479713049148,0.812496136694637
"9545","Lamp5","TNRC6B",0.0202254349294124,0.0253926669313244,0.425737454947737,-0.0295432777274046,0.0699941475862294,7,0.000114588461384524,2.2791476488211,0.778374496725226
"9546","Lamp5","TTL",-0.0750486614214245,0.0330751875596939,0.0232663754726491,-0.139874837820332,-0.0102224850225172,7,0,0,0.240278570187747
"9547","Lamp5","GPCPD1",-0.000628625159295519,0.0453647157054446,0.988943956776744,-0.0895418341108655,0.0882845837922745,7,5.62605865459764e-06,0.0343199677982598,0.997764323743684
"9548","Lamp5","SUPT6H",-0.0400858912605447,0.0352587297664114,0.255577229819929,-0.109191731743341,0.029019949222252,7,0.00116327948455603,13.0007040125966,0.646730446766088
"9549","Lamp5","METTL24",-0.0543465236258428,0.0471285214444063,0.248846478570344,-0.146716728301503,0.0380236810498171,7,0,0,0.639852727848365
"9550","Lamp5","LPCAT1",-0.102466562483736,0.0518323880662212,0.0480548662986749,-0.204056176326233,-0.000876948641238842,7,0.00578477909462347,35.1493759694667,0.328018348211103
"9551","Lamp5","CTNND1",0.0352589819812887,0.0523848674508498,0.500899124538731,-0.0674134715572814,0.137931435519859,5,0,0,0.821845066799594
"9552","Lamp5","LCLAT1",0.0233905852018335,0.032838272314185,0.476281214182561,-0.0409712458484879,0.0877524162521548,7,8.37529299156255e-06,0.0980090037104244,0.808947731010291
"9553","Lamp5","TMEM241",0.0333053613107207,0.0579655182490662,0.565580821734132,-0.0803049668026483,0.14691568942409,5,0,0,0.852935819308762
"9554","Lamp5","SUPT7L",0.0119752908362309,0.0355175593180121,0.735992245236159,-0.0576378462458379,0.0815884279182996,7,0,0,0.92139162463356
"9555","Lamp5","TRAP1",-0.0392901290395581,0.0402713870834449,0.329245936214475,-0.118220597330582,0.0396403392514655,6,0.00232970894257591,24.7740165119864,0.711524222792903
"9556","Lamp5","CIT",0.0275110361440044,0.0293703302464776,0.348915562584794,-0.030053753353139,0.0850758256411479,7,0,0,0.728372018550828
"9557","Lamp5","JMY",0.0089531586298214,0.0298080978943801,0.76390261354246,-0.0494696396908077,0.0673759569504505,7,0.000969281683915499,15.5824127538584,0.929520698143993
"9558","Lamp5","CPNE4",0.131947772804691,0.15097624557253,0.382137969806416,-0.163960231038542,0.427855776647925,7,0.0995603691807183,72.1449385513451,0.752253147050733
"9559","Lamp5","MYT1",0.0277669830208681,0.0426554578481539,0.515072517358872,-0.05583617810558,0.111370144147316,7,0,0,0.826822012668583
"9560","Lamp5","TMEM168",0.0289869341080439,0.029793453592411,0.330588272043628,-0.0294071619081472,0.087381030124235,7,0,0,0.712857040275828
"9561","Lamp5","STAU2",0.0359149907279417,0.0284181272317585,0.206299780511722,-0.0197835151543819,0.0916134966102654,7,0,0,0.595208462036111
"9562","Lamp5","VSIG10",-0.0221698603253809,0.0738341352491207,0.763974473340308,-0.166882106243317,0.122542385592555,7,0.0174855928873281,53.5855633030369,0.929520698143993
"9563","Lamp5","PHTF2",0.0388979933441519,0.0315526357935183,0.217651527509381,-0.0229440364284533,0.100740023116757,7,0.000317024838249205,4.12108004775874,0.607397120257931
"9564","Lamp5","RTRAF",-0.013380789604626,0.0543331125048202,0.805470752722966,-0.119871733282036,0.0931101540727843,5,0.00178020035564567,11.3478316903729,0.946083351042798
"9565","Lamp5","ZNF721",-0.0531414518786324,0.0314054639755565,0.0906252920937377,-0.114695030188493,0.00841212643122854,7,8.41448504155791e-06,0.110053610261837,0.431245291446094
"9566","Lamp5","RAMP1",0.124057023390457,0.0741368615429295,0.0942581331095705,-0.0212485551605176,0.269362601941431,7,0.0127836474570864,36.9280915872382,0.43681170653242
"9567","Lamp5","LAS1L",-0.00719522138531082,0.043189388358312,0.867687175261614,-0.0918448670819159,0.0774544243112943,7,0.00105628996788649,7.58531706613499,0.967279253523521
"9568","Lamp5","CA8",0.257280235895782,0.0864139106675048,0.00290798211985635,0.0879120832242111,0.426648388567353,7,0,0,0.0900947102885028
"9569","Lamp5","PLEKHH1",-0.0998389439608528,0.0383766936201658,0.00928031363557835,-0.175055881302106,-0.0246220066195997,7,0,0,0.158547529668402
"9570","Lamp5","EEFSEC",-0.0354744357403822,0.0368623180131868,0.335874038685295,-0.10772325143289,0.036774379952126,7,0,0,0.717302587286027
"9571","Lamp5","MPPE1",-0.0502635060218547,0.0432728853492729,0.245419372295977,-0.135076802813561,0.0345497907698512,7,3.51766674161628e-06,0.0230078667498408,0.636791120262007
"9572","Lamp5","STAMBPL1",0.0980974514226686,0.0420212159967269,0.0195708969814123,0.0157373814825055,0.180457521362832,7,0,0,0.224415510465475
"9573","Lamp5","ODR4",-0.00688939278451548,0.0285608379394505,0.809386036522056,-0.0628676065141237,0.0490888209450927,5,0,0,0.947571963853868
"9574","Lamp5","LRRTM1",-0.0951568625701492,0.074514769155558,0.201595129271138,-0.241203126431359,0.0508894012910606,7,0.0112910985646394,31.7914516997593,0.592262531366811
"9575","Lamp5","ETF1",-0.0133573558254326,0.0361953233941653,0.712101335100126,-0.0842988860867766,0.0575841744359115,7,0,0,0.913273398592575
"9576","Lamp5","OSBP",-0.0913792574454383,0.0507072006025573,0.0715302592973631,-0.190763544383298,0.00800502949242166,7,0.00644847923663031,41.519010667886,0.387226212610451
"9577","Lamp5","FARS2",0.011544355064822,0.0316689664064816,0.715460702415194,-0.0505256785194908,0.0736143886491347,6,0,0,0.914456932811391
"9578","Lamp5","AUTS2",0.0452460553322375,0.0339204050842929,0.182240235993413,-0.0212367169739859,0.111728827638461,7,0.000936364139911089,11.3942387017107,0.575260279028009
"9579","Lamp5","PIK3C2B",0.000248324573773282,0.0437286867044008,0.99546903203586,-0.0854583264580877,0.0859549756056343,7,0.0026940637372501,20.9146967097183,0.998977440137354
"9580","Lamp5","OTUD6B-AS1",0.0255751074227929,0.0783414262801803,0.744078613642843,-0.12797126658386,0.179121481429446,7,0.0158189296675385,42.2919631204051,0.923731562184063
"9581","Lamp5","RALGDS",-0.0304179986194995,0.0365172326498763,0.404857952411923,-0.101990459428327,0.0411544621893281,7,0,0,0.766819172140353
"9582","Lamp5","RBMS3-AS2",-0.0324505818584139,0.0954840068942723,0.733966793585366,-0.219595796470762,0.154694632753934,7,0,0,0.920170760508166
"9583","Lamp5","KRR1",0.0467930024144841,0.040839538488727,0.251887449123192,-0.0332510221686581,0.126837026997626,7,0.00186726828394217,15.98043500331,0.642149222780697
"9584","Lamp5","BEX4",-0.0524019137449744,0.0623579508500776,0.400717480375555,-0.174621251560845,0.0698174240708965,7,0.00102262885289776,3.40650453793795,0.763207572513339
"9585","Lamp5","BTBD10",0.0593542139886294,0.0285888236926842,0.0378816075512693,0.00332114919060294,0.115387278786656,7,8.00170267058002e-05,1.25364496156823,0.298239726600151
"9586","Lamp5","BCL2L1",-0.125765498510652,0.0363581928412576,0.000542045982678982,-0.197026247022479,-0.0545047499988251,6,0,0,0.0456931072784739
"9587","Lamp5","ZNF510",0.047459109554184,0.0356046956365667,0.182549774973768,-0.0223248115739971,0.117243030682365,7,0,0,0.575260279028009
"9588","Lamp5","RAB27A",0.0655589848228598,0.0846070076830225,0.438419604559861,-0.100267703075568,0.231385672721288,7,0.0203661353102746,45.3373364343036,0.786945560426783
"9589","Lamp5","ZNF75D",0.121841703832334,0.0417902845452502,0.00355061127380939,0.0399342512199626,0.203749156444705,7,0,0,0.100859287941773
"9590","Lamp5","TAB2",0.148814943095654,0.0443764411439024,0.000798058507772355,0.0618387166915441,0.235791169499765,7,0.00347256644663501,26.6593939613268,0.0530407948446413
"9591","Lamp5","ADAM12",-0.0508289153003605,0.104600428492346,0.627013888775737,-0.255841987912816,0.154184157312095,7,0,0,0.881137709605479
"9592","Lamp5","SLC35E2B",-0.0576736079609402,0.0439447689067308,0.189381421754866,-0.143803772327068,0.0284565564051877,7,0.000574778046027051,3.7718629004193,0.583094352079918
"9593","Lamp5","XPO7",0.0660714502438826,0.0300739018925247,0.0280226125809477,0.00712768565994325,0.125015214827822,7,0,0,0.261610010816201
"9594","Lamp5","SPCS3",-0.011458074192383,0.0371501241742092,0.757757995823853,-0.0842709795950239,0.0613548312102579,7,0,0,0.926555528105898
"9595","Lamp5","CYGB",0.0654011884577829,0.104086965535598,0.529786364525897,-0.138605515252051,0.269407892167616,7,0.0330692117144349,53.6819926187922,0.83539935843094
"9596","Lamp5","BDNF-AS",0.0243855609949033,0.0430088376282541,0.570721289299516,-0.0599102117734057,0.108681333763212,7,0,0,0.855005079180535
"9597","Lamp5","BCL9",0.0742156785617758,0.0452813400559078,0.101215273245069,-0.0145341171195144,0.162965474243066,7,0.0023806582536122,16.6853235890143,0.450734624382296
"9598","Lamp5","COX10",-0.0151188911920128,0.0377631801814748,0.688890906036787,-0.0891333642894001,0.0588955819053746,6,0,0,0.904056972981151
"9599","Lamp5","KCNJ4",-0.195321925505485,0.0706606334429954,0.00570580907261617,-0.333814222178542,-0.0568296288324272,7,0.00980720221953651,31.3975799501733,0.129038690598033
"9600","Lamp5","ARG2",0.0378212390538722,0.0368504612735899,0.304729601957047,-0.034404337856052,0.110046815963796,6,0,0,0.694164386896801
"9601","Lamp5","UBE2N",0.00427917294514381,0.0360724309228999,0.905570682791564,-0.066421492498549,0.0749798383888366,7,0.00146675980133165,16.1608819992795,0.979396073933803
"9602","Lamp5","RMND1",0.120651592647058,0.0329222483909588,0.000247586680820174,0.0561251715106965,0.185178013783419,6,0,0,0.0320924146154616
"9603","Lamp5","TSN",0.0272078060310554,0.0371900087157872,0.464419386320392,-0.0456832716366183,0.100098883698729,7,0,0,0.800596104093666
"9604","Lamp5","CYP2U1",0.0111162380296646,0.0356712324920184,0.755321479648735,-0.0587980929388465,0.0810305689981756,7,0,0,0.926555528105898
"9605","Lamp5","HACD3",-0.0399017639072075,0.0278257026836607,0.151575275370535,-0.094439139011702,0.0146356111972869,7,0,0,0.531613109772583
"9606","Lamp5","NOP58",0.0391619574898775,0.0545836231006743,0.473085887704626,-0.0678199779331526,0.146143892912908,7,0.00962595525233396,54.7806122609671,0.806286012689692
"9607","Lamp5","TRIM24",0.0540071992499447,0.0283561225390344,0.0568314981801058,-0.0015697796677672,0.109584178167657,7,0,0,0.351602631523996
"9608","Lamp5","SCML1",-0.0186076820763877,0.0626909222439753,0.766606827456739,-0.14147963183218,0.104264267679405,7,0.00796090720525776,32.4749589219123,0.93055735379163
"9609","Lamp5","GNE",-0.0674867996038564,0.0603805315323266,0.263698825634549,-0.185830466774602,0.0508568675668889,7,0.00951748541540041,43.0207157180193,0.653887630872142
"9610","Lamp5","PURG",0.0717817054285444,0.0431791024781631,0.09642904681802,-0.0128477803134195,0.156411191170508,7,0.00198914244151261,15.1752582955902,0.441334922410919
"9611","Lamp5","PRKCA-AS1",0.1387054951451,0.462540179572167,0.764270428404503,-0.767856598219036,1.04526758850924,5,0.875714656871636,85.7769567014474,0.929545591921719
"9612","Lamp5","UBE2G1",-0.0210566635301505,0.0346528367451415,0.5434221721284,-0.0889749755127741,0.0468616484524731,7,0.00124501505882081,14.6508109379206,0.842684875062699
"9613","Lamp5","ECSIT",-0.0747003233080187,0.0367208343632912,0.0419237446667292,-0.14667183614233,-0.00272881047370707,6,0,0,0.31114492884268
"9614","Lamp5","NPLOC4",-0.0716087232605523,0.0326486160764597,0.0282846389676875,-0.135598834915489,-0.00761861160561592,7,0,0,0.262825172816297
"9615","Lamp5","TRIP4",-0.0325327738793415,0.0445254348635823,0.464989328425413,-0.119801022607947,0.0547354748492638,7,0.00260687031294415,19.1885868691435,0.800708976211741
"9616","Lamp5","THUMPD3-AS1",0.0164358338828542,0.0415654811244431,0.692532750084154,-0.0650310121211337,0.0979026798868421,7,0,0,0.905268111563042
"9617","Lamp5","EWSR1",0.0153090636278872,0.0260156901393467,0.556226912401641,-0.0356807520781862,0.0662988793339605,7,0,0,0.849257985192773
"9618","Lamp5","PIGB",-0.0288620880903249,0.0419504424392308,0.49145002391535,-0.111083444406738,0.0533592682260881,7,0,0,0.816204797966937
"9619","Lamp5","NARS2",0.0677168707244637,0.03545323061234,0.0561288545004929,-0.00177018441131553,0.137203925860243,6,0,0,0.350034493553454
"9620","Lamp5","FBXO3",0.0693503342101801,0.0327311958678499,0.0341087252659911,0.0051983691382681,0.133502299282092,7,0.000830082905529333,10.5398754132154,0.287321358732995
"9621","Lamp5","DPH7",-0.117769332703931,0.0451648008951035,0.00911935995999954,-0.206290715827256,-0.0292479495806053,7,0.00119282519444024,7.70483103450055,0.157995546441175
"9622","Lamp5","PRKAG1",-0.0854183697173135,0.117302399088084,0.46649762184071,-0.315326847230103,0.144490107795476,5,0.0354441068333141,56.2321500025046,0.802249792866416
"9623","Lamp5","FAM8A1",0.108740972722097,0.0390889662439538,0.00540443406171935,0.0321280066910454,0.185353938753148,7,0,0,0.125255090976941
"9624","Lamp5","PSMB1",0.0607870972920064,0.0646550772887121,0.34712772376865,-0.0659345256115229,0.187508720195536,7,0.0132114106594964,55.1029980180665,0.727134052964415
"9625","Lamp5","GIPC1",-0.0807261603956945,0.0678024838217033,0.233807621142797,-0.213616586748593,0.0521642659572037,7,0.0121912764508442,41.49139747117,0.623991372739726
"9626","Lamp5","TWSG1",0.00109666684422911,0.0497518463321947,0.982413864929678,-0.0964151601312437,0.098608493819702,7,0.0044263588665469,27.0208899041124,0.997296915565468
"9627","Lamp5","PRKAA1",-0.0398608074112277,0.0367746490954788,0.278399912203254,-0.111937795182465,0.0322161803600091,7,0,0,0.668106652398611
"9628","Lamp5","ZSCAN5A",-0.0473369216734601,0.0570674121890975,0.406826460223432,-0.159186994254993,0.064513150908073,7,0.00779057850162589,37.2071987983017,0.767765001900282
"9629","Lamp5","DHX32",-0.0638529591031878,0.0345594160804206,0.0646561163859487,-0.131588169947547,0.00388225174117093,7,0,0,0.371880205906429
"9630","Lamp5","CTSA",-0.0443728513759092,0.0441836813384218,0.31524297427015,-0.13097127550361,0.042225572751792,7,0.000405212647773253,2.62043593808588,0.700788385002868
"9631","Lamp5","KCND2",0.0589979088831293,0.0472705971624745,0.211998492944462,-0.033650759083022,0.151646576849281,7,0.000400374163357366,2.38833518629998,0.60179542163244
"9632","Lamp5","ERCC3",-0.0612911036083466,0.0352139634225752,0.0817652803786083,-0.130309203669505,0.00772699645281161,7,4.55135526286055e-06,0.0464898160757184,0.412239033746955
"9633","Lamp5","PEX26",-0.0582950189031897,0.0560635272042762,0.298431475459733,-0.168177513069853,0.0515874752634731,5,1.93068139907841e-06,0.00744734990845842,0.687922516388386
"9634","Lamp5","PINK1",-0.0687928827006568,0.050344621786614,0.171801040021416,-0.167466528217711,0.0298807628163972,6,0.000242635209025131,1.35510219291975,0.56276410520658
"9635","Lamp5","RNF114",-0.0410805566760361,0.0335982339663448,0.221443071914539,-0.106931885194222,0.0247707718421501,7,1.45309597579911e-06,0.0158239626928231,0.61174351975652
"9636","Lamp5","PPP1R16B",0.034702011448238,0.0423205139717213,0.412227018367368,-0.0482446717435599,0.117648694640036,7,0.00292848061399945,24.8060672963547,0.771490283670635
"9637","Lamp5","CNOT4",0.0509479130282253,0.0274886780075086,0.0638229777742219,-0.00292890584910968,0.10482473190556,7,0,0,0.369929187650575
"9638","Lamp5","SFI1",-0.0374378303354609,0.037848157542445,0.322585552869189,-0.111618855999851,0.0367431953289293,7,0,0,0.706734763099365
"9639","Lamp5","ZSCAN16-AS1",0.00703138781162496,0.0404117263102303,0.861870373955562,-0.0721741403095162,0.0862369159327661,7,0,0,0.965627487552423
"9640","Lamp5","ZNF213",-0.0709501435659706,0.0801446615742019,0.376007803391629,-0.228030793804557,0.0861305066726162,7,0.00306640657479487,6.32216390784994,0.746832307052066
"9641","Lamp5","N4BP2L1",0.0239410513479334,0.035862740322883,0.504405232291844,-0.0463486280718295,0.0942307307676964,7,2.89576657673819e-06,0.0285621145437081,0.822278216591144
"9642","Lamp5","RNF19A",0.0563397409288436,0.0270709699445106,0.0374168261054477,0.00328161481103654,0.109397867046651,7,0,0,0.297123388708532
"9643","Lamp5","OMG",-0.092708076201051,0.0680118379402185,0.172845715373804,-0.226008829086254,0.0405926766841521,7,2.48810545594342e-06,0.0068383606003882,0.563117247989338
"9644","Lamp5","SRP19",0.0420440383526063,0.0426894695443778,0.324682631932448,-0.0416257844734936,0.125713861178706,7,0,0,0.708296168420312
"9645","Lamp5","RPN1",-0.0269982411865838,0.0576823593273583,0.639748674101982,-0.140053588011504,0.0860571056383365,7,0,0,0.885628960895936
"9646","Lamp5","PKD1L1",0.0736076348894709,0.0806092280623442,0.361168103821446,-0.0843835489342992,0.231598818713241,5,0.0170249575129151,60.4302616288377,0.735810792776946
"9647","Lamp5","DLEU7",0.0196283080162838,0.0444735883841175,0.658961427635153,-0.0675383234798455,0.106794939512413,7,0,0,0.892964921996311
"9648","Lamp5","RASSF4",-0.0901902528693378,0.0426138190558253,0.0343060837946659,-0.173711803462462,-0.00666870227621356,7,0,0,0.287703178241735
"9649","Lamp5","BTF3L4",-0.0764369690047509,0.0679312319041872,0.260499635294604,-0.209579736962396,0.0567057989528942,7,0.0192798995055722,70.5063503704074,0.651489759092311
"9650","Lamp5","ERCC6",0.022840994954032,0.0312146729831293,0.464327860826486,-0.0383386398820968,0.0840206297901608,7,0,0,0.800596104093666
"9651","Lamp5","PARP11",-0.012143149979788,0.0359136687949561,0.735272333735432,-0.0825326473706019,0.0582463474110259,7,5.97148146951966e-06,0.055682035305029,0.920968020512279
"9652","Lamp5","PDK3",0.10104027540363,0.0358491464556666,0.00482508912170609,0.0307772394740219,0.171303311333239,6,0,0,0.118132413463721
"9653","Lamp5","AKIRIN1",-0.0742753044290777,0.0335657139534148,0.0269091922262618,-0.140062894893144,-0.00848771396501123,7,0,0,0.256837270550256
"9654","Lamp5","OSBPL5",-0.0313856721730117,0.0371400976963724,0.398076419866517,-0.104178926040201,0.0414075816941772,7,9.13091672407201e-07,0.00827623188987209,0.762061134173792
"9655","Lamp5","IRAK1BP1",0.101937323988581,0.0336434556361597,0.0024461022139638,0.0359973626262373,0.167877285350926,7,0,0,0.0833125240184361
"9656","Lamp5","TMEM62",-0.0511646497969059,0.039539284005635,0.195658289770692,-0.128660222422451,0.0263309228286393,7,0,0,0.588272573234939
"9657","Lamp5","CSRNP2",0.000738858132370318,0.0363638551808534,0.983789316813966,-0.0705329883611325,0.0720107046258731,7,6.97488124664186e-06,0.064822270365478,0.997296915565468
"9658","Lamp5","KSR2",0.0426438441391588,0.0311136660089596,0.170505161428647,-0.0183378206654101,0.103625508943728,7,0,0,0.560749909237924
"9659","Lamp5","LPP",0.0506443038022304,0.0367298223551521,0.167946143283656,-0.0213448251724218,0.122633432776883,7,0,0,0.555746521175771
"9660","Lamp5","PPDPF",0.102347541738686,0.0869771626129733,0.239308315531184,-0.0681245644602251,0.272819647937598,7,0.00587587939071883,10.7260995006186,0.629818021824534
"9661","Lamp5","SLC25A16",-0.0685906434033972,0.0390866389655193,0.079287354117975,-0.145199048052535,0.00801776124574061,6,0.00201782637665913,22.3954204872273,0.405910944345904
"9662","Lamp5","BLMH",0.00485412892890382,0.0333652855389213,0.884328422679193,-0.0605406290612771,0.0702488869190847,7,0,0,0.973192565272888
"9663","Lamp5","LINC01237",0.0438492376063732,0.0642802791655542,0.495139728406723,-0.0821377944742935,0.16983626968704,5,0.00408718981826979,19.5424818792553,0.818019118653114
"9664","Lamp5","POLB",0.00775985291914028,0.0420578148950558,0.853617756752248,-0.0746719495436214,0.090191655381902,6,0.00182165579339965,16.9449391165209,0.961750329791511
"9665","Lamp5","CHSY3",-0.0151608607352841,0.0425474866985023,0.721594944516902,-0.0985524022970456,0.0682306808264774,7,1.26455939679807e-06,0.00931270010753163,0.915602540209828
"9666","Lamp5","CSGALNACT2",0.0502714144645363,0.0307663495235964,0.102264315043979,-0.0100295225374837,0.110572351466556,7,7.23573530982225e-06,0.0962141971932585,0.45322728894802
"9667","Lamp5","DHDDS",-0.185831980474203,0.0431851682758273,1.68391630039999e-05,-0.270473354961126,-0.10119060598728,7,1.51736934130474e-06,0.0101249552706513,0.0102083092122784
"9668","Lamp5","ZMYM2",0.0396182552740866,0.02429373734402,0.102932280593115,-0.00799659497006836,0.0872331055182416,7,0,0,0.454364549536114
"9669","Lamp5","RAD9A",-0.0150002465628171,0.0480577298962048,0.754941928305333,-0.109191666338132,0.0791911732124981,7,0.00423064514155989,28.1986976206063,0.926555528105898
"9670","Lamp5","TMEM184B",-0.132378902975864,0.0436128221680599,0.00240280023498399,-0.217858463689411,-0.0468993422623166,7,0.00361138643747633,29.9642543570599,0.0833125240184361
"9671","Lamp5","TUFM",-0.0321591401845995,0.0576842722704189,0.577183983525223,-0.145218236309023,0.0808999559398241,6,0,0,0.857671876115575
"9672","Lamp5","BEX3",-0.108517842135549,0.0655168171161494,0.0976538577583903,-0.2369284440649,0.0198927597938006,7,0,0,0.443709150810254
"9673","Lamp5","EIF2S1",0.0189964244472024,0.0548606904441856,0.7291423713238,-0.088528552990402,0.126521401884807,7,0.00792543164751624,44.7175552049729,0.919132878534976
"9674","Lamp5","EDRF1",0.0130335035716605,0.0357025236996259,0.715067867523984,-0.056942157036794,0.0830091641801151,7,0.000682702800731589,7.1241356023126,0.914305209849174
"9675","Lamp5","TAF11",-0.0276201984760401,0.0448674982208146,0.538161985852324,-0.115558879065252,0.0603184821131714,7,0.00278485833951311,20.3168843223611,0.839248783091326
"9676","Lamp5","HK1",-0.0448905220139609,0.0272868987568758,0.0999428066999771,-0.0983718608272282,0.00859081679930648,7,0,0,0.44791325196165
"9677","Lamp5","ERMP1",0.0558838078183751,0.0369954337961581,0.130900692684245,-0.0166259100145306,0.128393525651281,7,0.00144218715273638,14.9571407587279,0.499015392327047
"9678","Lamp5","RAP1GAP2",-0.0922501492235909,0.0537181630389146,0.0859245493839014,-0.197535814095514,0.0130355156483325,7,0,0,0.420005390513245
"9679","Lamp5","RNF168",0.0235823331819815,0.0325395896756549,0.468619264138187,-0.0401940906540136,0.0873587570179765,7,0,0,0.804007247832028
"9680","Lamp5","DHRS7B",0.0212617015022433,0.0416214504351232,0.609466466566131,-0.0603148423349171,0.102838245339404,6,0.000626011370122765,5.68362811345688,0.872887362115492
"9681","Lamp5","GOPC",0.0150392190800449,0.0344008489414328,0.661983849778247,-0.0523852058827663,0.0824636440428562,7,0.00115374876577576,13.7393888428548,0.894134273717874
"9682","Lamp5","SRSF3",0.0304123607593437,0.0369327614182823,0.41025093329884,-0.0419745214701,0.102799242988787,7,0,0,0.770505868011963
"9683","Lamp5","GPR161",-0.0176503458524495,0.0499496243282852,0.723816369363264,-0.115549810577194,0.0802491188722952,7,0,0,0.916541762286275
"9684","Lamp5","SPSB3",-0.0374810521217215,0.0508207024681661,0.460808964699276,-0.137087798628353,0.0621256943849099,7,2.6448190904437e-06,0.0126398856546612,0.799485491699775
"9685","Lamp5","CUL2",-0.0131392161757582,0.0280704500970748,0.639727383780491,-0.0681562873958537,0.0418778550443372,7,0,0,0.885628960895936
"9686","Lamp5","TBC1D22B",-0.0456937156026324,0.0523953345119436,0.383156487490057,-0.14838668420397,0.0569992529987055,7,0.00628907547222311,36.1567041733986,0.752720087377968
"9687","Lamp5","ZNF398",-0.0191602274168088,0.0305829334831521,0.530986616886433,-0.0791016755853711,0.0407812207517535,7,0,0,0.836099985789352
"9688","Lamp5","SERTAD2",-0.0523281701743419,0.0509553383436295,0.304447839550116,-0.152198798147909,0.0475424577992248,7,0.00345514636102064,19.4654328009917,0.694164386896801
"9689","Lamp5","EYA4",0.0197398387072713,0.04442801556636,0.656818031194743,-0.0673374717073793,0.106817149121922,7,0,0,0.892600776711128
"9690","Lamp5","ZNF135",-0.087741989423911,0.0376060059924378,0.0196381303933122,-0.161448406771487,-0.0140355720763354,7,0,0,0.224415510465475
"9691","Lamp5","GTF2H5",-0.0585453248806911,0.0865332899984534,0.498682508880458,-0.22814745674142,0.111056806980038,7,0.02520195675151,55.727672176384,0.820696115264096
"9692","Lamp5","JAK2",-0.0644113370063422,0.0514441155207067,0.210546459592044,-0.165239950643445,0.036417276630761,7,0.00911082835749272,56.486704594674,0.60080774843497
"9693","Lamp5","ZNF708",-0.0370251678535592,0.0318501522815194,0.245040507966945,-0.0994503192274535,0.0253999835203351,7,0.000978564360994627,13.5033858124402,0.636602338199387
"9694","Lamp5","PRPF38B",-0.036776538108331,0.0329952319990473,0.265021187917749,-0.101446004488007,0.0278929282713452,7,0,0,0.654477926053113
"9695","Lamp5","SH3GL2",0.0434076751032664,0.04399285554113,0.323790571196764,-0.0428167373344217,0.129632087540955,7,0.00326289990434158,25.2345199550101,0.707640979704331
"9696","Lamp5","GOLGA3",-0.00254073109197414,0.0325586342879069,0.937799770529767,-0.0663544816820825,0.0612730194981342,7,0.000759832044029351,9.71270099618336,0.986380602969699
"9697","Lamp5","NFIX",-0.00198535933736368,0.0371908793294644,0.957426779365504,-0.074878143376489,0.0709074247017617,7,0.0017503161454682,18.5252768146617,0.993217221014664
"9698","Lamp5","SWT1",0.0957615205910473,0.0346647716493051,0.00573601110999316,0.0278198166261042,0.16370322455599,7,0,0,0.129038690598033
"9699","Lamp5","MTERF2",-0.0102614756611271,0.053944283046636,0.849133919486594,-0.115990327604368,0.0954673762821139,6,0.00426583833809004,25.1555187021507,0.960210404787944
"9700","Lamp5","NECAB2",-0.184128719611812,0.047590079041582,0.000109257183322777,-0.277403560554727,-0.0908538786688972,7,0,0,0.0221289547120744
"9701","Lamp5","IFI6",0.12292369956259,0.117837631247332,0.296873424984927,-0.108033813705693,0.353881212830872,7,0.0391415178110325,43.6816006960289,0.687324824177916
"9702","Lamp5","RMND5B",-0.16440451734326,0.0491395541967878,0.000820853186357991,-0.260716273785318,-0.0680927609012019,7,0.00291555641545884,17.4603779222824,0.0536425314516679
"9703","Lamp5","EID1",-0.00297198553019797,0.0591689421438664,0.959940053768891,-0.11894098113551,0.112997010075114,7,0,0,0.993933458145851
"9704","Lamp5","CCT8",0.0186028571221083,0.0414348642575812,0.653455977272545,-0.0626079845270567,0.0998136987712734,7,0,0,0.891077090670597
"9705","Lamp5","PHF12",-0.00270782433693074,0.0340947931931959,0.93669819116494,-0.0695323910559361,0.0641167423820747,7,0,0,0.986142275678281
"9706","Lamp5","YWHAQ",0.0662439406378139,0.0427361025103167,0.121124770578738,-0.0175172811220187,0.150005162397646,7,0.00208420591610582,16.4054445382031,0.48107975136205
"9707","Lamp5","C2CD2",0.0430772665169815,0.0497129177180074,0.386204743047287,-0.0543582617767161,0.140512794810679,7,0.00275660707324871,15.8540906211914,0.75514448539619
"9708","Lamp5","TECR",0.0871551101287733,0.0485972194962716,0.0729061709260789,-0.00809368983270667,0.182403910090253,7,0,0,0.389808779700079
"9709","Lamp5","KCNMB2-AS1",-0.101583510772041,0.0864837903561324,0.240156400309812,-0.271088625116573,0.0679216035724915,5,0,0,0.631215470616493
"9710","Lamp5","SRD5A1",0.0481622006131049,0.0417647527743969,0.248837267268607,-0.0336952106479323,0.130019611874142,7,0.000202955272277914,1.49145764688927,0.639852727848365
"9711","Lamp5","RASGRF2",-0.0347181409475922,0.0503591209692555,0.490564550649566,-0.133420204340429,0.0639839224452444,7,0,0,0.815933061061596
"9712","Lamp5","TAF7",-0.0870299895725994,0.0448075615535588,0.0521000835141985,-0.174851196452636,0.000791217307437378,7,0,0,0.340651666887092
"9713","Lamp5","WDR48",0.0165136116847417,0.0289245378184144,0.568053531942228,-0.0401774407088172,0.0732046640783007,7,0.000100857692748788,1.48637824296043,0.853511583813389
"9714","Lamp5","ZEB1-AS1",0.0871925021128549,0.0952564804985698,0.360010768244913,-0.0995067689583838,0.273891773184094,7,0.0377976480626479,66.6337268043554,0.73483363923243
"9715","Lamp5","LSM4",-0.0015177255356607,0.0678217407164643,0.982146304484605,-0.134445894708744,0.131410443637423,7,0.0049750173883344,15.4204729687734,0.997296915565468
"9716","Lamp5","NEPRO",-0.245800284843143,0.0962127797261904,0.0106261913475646,-0.434373867958961,-0.057226701727324,5,0.0127835312955574,28.0598531200125,0.168803505780448
"9717","Lamp5","RABEPK",-0.0782320194758729,0.0456372439031001,0.0864893620207277,-0.167679373879619,0.0112153349278734,7,0,0,0.420799951344948
"9718","Lamp5","ZNF717",0.0573958655781581,0.034237790021192,0.0936619592264315,-0.009708969773623,0.124500700929939,7,8.18074218345106e-07,0.00886501123031758,0.436347242068132
"9719","Lamp5","MYO1D",-0.0716887011863806,0.0414452238007054,0.0836800174266199,-0.152919847166965,0.00954244479420417,7,0,0,0.415930726685348
"9720","Lamp5","CCDC112",-0.00479604404618411,0.0369665657083201,0.896772095818906,-0.0772491814666249,0.0676570933742567,7,0,0,0.976532292201911
"9721","Lamp5","ADIPOR2",-0.00499718729449388,0.0360586443905564,0.889778095835823,-0.0756708316313216,0.0656764570423338,7,0,0,0.975210395071715
"9722","Lamp5","PSMC1",-0.101289854005117,0.0398487646359047,0.0110265334028673,-0.179391997519903,-0.0231877104903299,7,0,0,0.170590314314217
"9723","Lamp5","INTS12",-0.0795942189680991,0.0482083409055954,0.0987290530104351,-0.174080830897495,0.0148923929612969,7,0,0,0.445196960699655
"9724","Lamp5","SMDT1",-0.143732849250012,0.0843102250519121,0.0882300108636496,-0.308977853880227,0.0215121553802022,6,0.0116403869738353,28.6128614322269,0.42455383172005
"9725","Lamp5","C1GALT1",0.0748244855263031,0.0373003053636622,0.0448560392871821,0.00171723040117912,0.147931740651427,7,0,0,0.319463236097947
"9726","Lamp5","ZMIZ1",0.0553685414233461,0.0510150178271785,0.277771946650721,-0.0446190561885925,0.155356139035285,7,0,0,0.667847750300759
"9727","Lamp5","AGBL3",0.0281187470562078,0.0543322186853388,0.604783741576341,-0.0783704447672104,0.134607938879626,7,0.00136475835713531,6.09876440640436,0.869095021090057
"9728","Lamp5","ATP6V1A",0.00286206574093268,0.030148978117807,0.924369815070225,-0.0562288455406551,0.0619529770225205,7,0,0,0.98245099701607
"9729","Lamp5","FRMD3",0.0959898258234251,0.0425581203610749,0.0241019838644405,0.0125774426659976,0.179402208980853,7,0.000188644522395631,1.33884553825876,0.245306914923272
"9730","Lamp5","DPH6-DT",0.172476173323719,0.103355657123933,0.0951642106614317,-0.0300971922376605,0.375049538885099,5,0.0131654118048058,24.8551912979269,0.43961971682965
"9731","Lamp5","SLC37A3",-0.0643891041368036,0.0333703312218751,0.053664917593011,-0.129793751483851,0.001015543210244,7,0,0,0.34489145703069
"9732","Lamp5","CSNK1A1",0.0608297944908183,0.0258457222500357,0.0185939556598503,0.0101731097263227,0.111486479255314,7,0.000657021031171842,13.791938749453,0.218648098068978
"9733","Lamp5","KMT2D",-0.081850045960414,0.0479197397976049,0.0876242218948955,-0.17577101011225,0.0120709181914224,7,0.00172073774268909,10.293080530358,0.423564296540443
"9734","Lamp5","ARHGAP17",0.0312466966807765,0.0411971324594253,0.448171007878408,-0.0494981992060232,0.111991592567576,7,0.00322341818685501,29.7859941303871,0.791570730454328
"9735","Lamp5","TOP1",0.0826073034968857,0.0273610801404008,0.00253481984767248,0.0289805718435861,0.136234035150185,7,0,0,0.0844398622794294
"9736","Lamp5","ZFP82",0.0384218158064612,0.0335129094377222,0.251597395162648,-0.0272622797086269,0.104105911321549,7,5.22799303778811e-06,0.0581904202193936,0.641957168497996
"9737","Lamp5","COPS9",-0.00712890988447754,0.0739322487912815,0.923183114902587,-0.152033454811444,0.137775635042489,6,0,0,0.982375103729229
"9738","Lamp5","GEMIN5",0.0423611493635238,0.0537153514732034,0.430332517498499,-0.0629190049408654,0.147641303667913,7,0.00719625128324939,39.9427253257539,0.782197070656728
"9739","Lamp5","RER1",-0.0215717693420193,0.044200251020818,0.62551704039345,-0.108202669450452,0.0650591307664136,7,0.00138929074733092,9.56552963135443,0.880065680713561
"9740","Lamp5","KDELR1",-0.0688080345999029,0.0521709003984854,0.187203609635822,-0.171061120421961,0.0334450512221548,7,0,0,0.579691343250854
"9741","Lamp5","SMARCAL1",0.00149051411737442,0.0349428298698579,0.965975919555067,-0.0669961739454574,0.0699772021802063,7,0,0,0.994629554420852
"9742","Lamp5","LINC01322",0.102236286492431,0.056200109102735,0.0688889339450112,-0.00791390327615166,0.212386476261013,7,6.04130416509357e-07,0.00238834842145045,0.381859308516838
"9743","Lamp5","SLC30A9",-0.0276585921604624,0.0256550097211933,0.280990415600514,-0.0779414872370261,0.0226243029161014,6,0,0,0.670330017986544
"9744","Lamp5","CDON",0.019245482854092,0.0557268376749761,0.72982830127907,-0.089977111961171,0.128468077669355,7,0.00596016657262824,29.4764339002741,0.91930803926833
"9745","Lamp5","MIOS",0.0180451418215688,0.0326597242306398,0.580592324592338,-0.0459667414154954,0.082057025058633,7,0,0,0.858378677238391
"9746","Lamp5","TMEM126B",-0.0915819323525758,0.071366384509076,0.199399500933277,-0.231457475697202,0.0482936109920504,6,0.0125119323020619,46.7878101382275,0.591146851544706
"9747","Lamp5","UBE2H",0.0845197638463237,0.0302615989640006,0.00522263977224585,0.0252081197622878,0.14383140793036,7,0,0,0.122706383175419
"9748","Lamp5","ARMC2",0.00308421811909562,0.0356434293681646,0.931045283439533,-0.0667756197280042,0.0729440559661955,7,0.00180349700879756,21.0247438811747,0.984877831080086
"9749","Lamp5","SLC1A4",0.0721466783218447,0.036118494406893,0.0457709372938163,0.00135573010852309,0.142937626535166,7,0,0,0.321538367206224
"9750","Lamp5","SHPRH",0.120124806820807,0.0367320822856794,0.00107434742081074,0.048131248463714,0.192118365177901,7,0.0032154585009672,37.8597140339036,0.0573576821673018
"9751","Lamp5","DNAJC27",-0.0591516700789262,0.0359884841124412,0.100253124504687,-0.129687802797503,0.0113844626396505,7,2.40367053778529e-06,0.0229838052361708,0.448532404022277
"9752","Lamp5","NCAPD3",-0.108899920982343,0.0336358132123931,0.0012053199818752,-0.17482490346935,-0.0429749384953361,7,3.52371332582991e-06,0.0375320523857561,0.0603806592028799
"9753","Lamp5","RPL36AL",-0.0104297697952626,0.0846899416222423,0.901986415708817,-0.176419005227657,0.155559465637132,7,0,0,0.977956078464346
"9754","Lamp5","MBIP",0.051731173980955,0.0400970318034982,0.196998682893134,-0.0268575642408585,0.130319912202769,7,0.00156940861718508,13.6480590770466,0.589418876336999
"9755","Lamp5","NETO2",-0.0361223852991421,0.0460380130049346,0.43267589659386,-0.126355232708601,0.0541104621103163,7,2.7682354042632e-06,0.016824136523961,0.783174983539044
"9756","Lamp5","LMAN2L",0.0907838791375589,0.0410614774598847,0.0270409770189824,0.0103048621641817,0.171262896110936,7,0,0,0.257135637641898
"9757","Lamp5","SSR3",-0.00468094930887979,0.0565070683899319,0.933980117228991,-0.115432768225088,0.106070869607328,7,0.00602613874409323,29.9891184197567,0.985315638798959
"9758","Lamp5","FREM1",-0.158700397887262,0.0459961049942291,0.000559962246311857,-0.248851107105074,-0.0685496886694499,7,0,0,0.0462348784888574
"9759","Lamp5","IGSF11",-0.0216152548455697,0.0451846636894565,0.632382672720479,-0.110175568330459,0.0669450586393199,7,0.00226782757835846,15.84131775698,0.882993296421211
"9760","Lamp5","LSM7",0.0220550867546742,0.0640117005583605,0.730434399960504,-0.103405540928875,0.147515714438223,7,0.00154911151243794,4.81246268417147,0.91930803926833
"9761","Lamp5","KCNIP2",-0.0709769569866629,0.0448346569122701,0.11340268088806,-0.158851269793922,0.0168973558205963,7,0.001220352420769,8.13672317702544,0.469429789110527
"9762","Lamp5","NFYC",0.0906910550790131,0.0358463960469895,0.0114065491511679,0.0204334098513548,0.160948700306672,7,0.00110273402493508,11.9430369167592,0.173110306216773
"9763","Lamp5","EVI5L",-0.0280300388060877,0.0359128267232775,0.435095357014259,-0.0984178857667392,0.0423578081545638,7,0,0,0.783940902291424
"9764","Lamp5","CDC42SE1",-0.113385647851564,0.0685190217299377,0.0979639762244854,-0.247680462698159,0.020909166995031,7,0.0135243714039167,50.7052722304421,0.444220848429946
"9765","Lamp5","AZIN2",0.0730390970148852,0.0646650326959067,0.258687343893723,-0.0537020381281969,0.199780232157967,7,0.0119400451173737,47.3171200198175,0.650171499247925
"9766","Lamp5","EXD2",0.0170538614193947,0.0328877930286329,0.604076782540066,-0.0474050284477333,0.0815127512865226,6,0,0,0.868754145856967
"9767","Lamp5","CORO6",-0.0833063543614044,0.0410260214654652,0.042298272345684,-0.163715878862683,-0.00289682986012549,7,0.000170041815998236,1.22530751998198,0.31114492884268
"9768","Lamp5","YBX1",-0.00804684819707698,0.0392184764827957,0.837431470961249,-0.0849136496318877,0.0688199532377338,7,0.00147353292835798,13.4130200845223,0.958174795371754
"9769","Lamp5","NGLY1",0.0333174858874286,0.0327381664177615,0.308822668388471,-0.0308481412112626,0.0974831129861199,7,0,0,0.696879927838551
"9770","Lamp5","ADGRA3",0.10857287521273,0.0487961649219066,0.0260793007922478,0.0129341493821164,0.204211601043344,7,6.37457518842695e-07,0.00341785820134691,0.252332004995544
"9771","Lamp5","PIAS2",0.0591550238210313,0.0258522114275352,0.0221258910578215,0.0084856205023475,0.109824427139715,7,0,0,0.235622022404708
"9772","Lamp5","EIF1",0.00451776431859907,0.0559722924721158,0.935669165413771,-0.10518591305889,0.114221441696088,7,0,0,0.985766990805125
"9773","Lamp5","COX7A2L",-0.0718440597801844,0.0351794429551497,0.0411300015301787,-0.140794500968459,-0.00289361859190965,6,0,0,0.308910339384172
"9774","Lamp5","SNX6",-0.04402616963852,0.0287292339156466,0.125410953898291,-0.100334433416614,0.012282094139574,7,0,0,0.487700427066708
"9775","Lamp5","VBP1",-3.08490775379009e-05,0.0562537128114109,0.999562446632966,-0.110286100184563,0.110224402029487,7,0.00333649325896177,14.9588020186025,0.999975696265529
"9776","Lamp5","ARFIP1",-0.0113633051628402,0.0297777564606733,0.702755261643276,-0.0697266353661648,0.0470000250404844,7,0,0,0.909107987358836
"9777","Lamp5","BSDC1",0.0352454194955904,0.048821878104208,0.470344555119522,-0.0604437032462619,0.130934542237443,7,0.00671059921583547,48.4467970598006,0.804834027168301
"9778","Lamp5","FAM234B",0.00499454542278445,0.036090100878037,0.889931403576326,-0.0657407524965854,0.0757298433421543,7,0,0,0.975230427505661
"9779","Lamp5","EIF2B3",-0.057151732175799,0.027757759196482,0.0394993948274248,-0.111555940492439,-0.00274752385915885,7,0,0,0.305062331986465
"9780","Lamp5","KIAA0232",-0.024212613117251,0.0245001365444021,0.323023168116215,-0.0722319983605927,0.0238067721260906,7,0.000445804075757787,10.1572410566086,0.707249658191134
"9781","Lamp5","CASC15",0.0101088818444556,0.0555798674191805,0.855676680703221,-0.0988256565626493,0.119043420251561,5,0,0,0.96254048230817
"9782","Lamp5","MORF4L2",0.0318598021385663,0.0335313145420637,0.342035682357736,-0.0338603667181628,0.0975799709952953,7,0,0,0.723197440826762
"9783","Lamp5","HPS5",-0.01305277466771,0.0429251450437783,0.761065229720027,-0.0971845129846735,0.0710789636492535,7,0.00250633269364987,19.9521154752923,0.927177276484799
"9784","Lamp5","PRPF3",0.029322834206158,0.0384447294208515,0.445626208191356,-0.0460274508540983,0.104673119266414,7,0,0,0.790240777561324
"9785","Lamp5","DCP1B",0.12762846430463,0.0503653911428492,0.0112752355366962,0.0289141115973725,0.226342817011887,7,0.00341458817524763,19.655722342184,0.172210142762899
"9786","Lamp5","MAPK14",0.0556602690982387,0.0293393343819403,0.0578119624828026,-0.00184376962074214,0.113164307817219,7,0,0,0.355096692004025
"9787","Lamp5","XPNPEP3",0.011892473434298,0.0371324898905107,0.748762623938225,-0.0608858694074007,0.0846708162759966,6,0.00118304309626371,13.9764935510346,0.925194087086923
"9788","Lamp5","NR2F1-AS1",0.0506353788388962,0.0437703825758514,0.247337274289204,-0.0351529945993121,0.136423752277105,7,0.00427563986806967,34.879181770112,0.63848183354828
"9789","Lamp5","RAB11A",0.0135352004369883,0.0511842411923046,0.791440295054875,-0.0867840688759401,0.113854469749917,7,1.39460316496541e-06,0.00663973128395389,0.940651410113422
"9790","Lamp5","USP28",0.00268804878393551,0.0323591167890182,0.933796446243216,-0.0607346546940656,0.0661107522619366,7,0,0,0.985315638798959
"9791","Lamp5","GPSM2",-0.0940701633461428,0.0813400919980949,0.247474955882235,-0.253493814161584,0.0653534874692979,7,0,0,0.63852276103466
"9792","Lamp5","ELMOD3",0.0298246759525148,0.0506016427064581,0.555592078700731,-0.0693527213107069,0.129002073215737,7,0.00533236956814456,32.9750785803614,0.849033503044357
"9793","Lamp5","CLTB",-0.101599411721631,0.0435822598868785,0.0197422750151426,-0.187019071464778,-0.0161797519784844,7,0,0,0.224914151202738
"9794","Lamp5","FAM107A",0.120795124778576,0.111864122197116,0.280214346951606,-0.0984545258899588,0.340044775447111,7,0.0408591043817063,57.4184297651381,0.670082658507149
"9795","Lamp5","ULK1",-0.065864735147605,0.0385797837485559,0.0877784878160071,-0.141479721826118,0.00975025153090828,7,0.00136470746606161,12.7228774952162,0.423796098422135
"9796","Lamp5","INPP1",-0.0305414935385177,0.0449261403020381,0.496621192263331,-0.118595110494906,0.0575121234178704,7,0,0,0.819129506265478
"9797","Lamp5","SLC18B1",0.0796242290847219,0.0422562689587785,0.0595220352684075,-0.00319653619552185,0.162444994364966,7,0,0,0.360417225202474
"9798","Lamp5","DENND4C",0.0253374275688183,0.0264976691100637,0.338964406603014,-0.0265970495611661,0.0772719046988027,7,7.42905064773005e-07,0.0127652420657224,0.719885515639397
"9799","Lamp5","APPBP2",-0.025583671137797,0.0261454482619043,0.327820473499941,-0.0768278080907848,0.0256604658151907,7,0,0,0.710604502915678
"9800","Lamp5","RHOQ",0.119824023856774,0.0419414234175806,0.00427750104718564,0.0376203444979716,0.202027703215577,7,1.1018769059616e-06,0.00795198364974332,0.110733744220427
"9801","Lamp5","ECHDC2",-0.039748043915895,0.0524553255426102,0.448600420581807,-0.142558592776735,0.0630625049449449,6,0,0,0.792088059905187
"9802","Lamp5","UBTF",0.00562966462185458,0.0404599056072157,0.889338087539874,-0.0736702931861783,0.0849296224298875,7,0,0,0.975026970011858
"9803","Lamp5","VPS8",0.0454679388517012,0.0286771800285275,0.112850640125449,-0.0107383011823839,0.101674178885786,7,0,0,0.468309218452526
"9804","Lamp5","ZUP1",-0.0341935967834547,0.0543900964420901,0.529563017262232,-0.140796226925611,0.0724090333587019,5,0.00501748216426246,36.7029009076596,0.83539935843094
"9805","Lamp5","CCDC90B",0.0820721387000224,0.0525925169264445,0.11863496340986,-0.0210073003321219,0.185151577732167,6,0.00455727945955643,28.728555400263,0.475596460502308
"9806","Lamp5","COPS3",-0.0407362335098886,0.0381745947717623,0.285925221970448,-0.115557064386954,0.0340845973671767,7,0,0,0.675582079502415
"9807","Lamp5","NEK9",-0.0451124384490269,0.0287839658989948,0.117050034306882,-0.101527974943286,0.0113030980452321,7,0,0,0.473706044086634
"9808","Lamp5","ARMCX3",-0.106488663336874,0.0441378733204411,0.0158375870309643,-0.192997305399129,-0.0199800212746177,6,0,0,0.202785549575269
"9809","Lamp5","CLIC4",0.223169618865841,0.0631798319854027,0.000411974083492848,0.0993394236251598,0.346999814106522,7,0.00560116972768332,20.6561916318261,0.0414016644074872
"9810","Lamp5","SPPL2A",0.0506088503875574,0.0294964786541385,0.0862061507922954,-0.00720318544530847,0.108420886220423,7,0,0,0.420219835304873
"9811","Lamp5","MINPP1",0.0972243922407837,0.0419835884258777,0.020570755019441,0.0149380709843109,0.179510713497257,7,0.00209974189912309,17.1415233473933,0.22867109709499
"9812","Lamp5","RAB40C",-0.0537625549256002,0.0421651664738691,0.202292725190964,-0.136404762616519,0.0288796527653191,7,0.000943033005367723,7.01913308851582,0.592800465709077
"9813","Lamp5","SCPEP1",-0.062158509566611,0.0425303927897152,0.143876080027917,-0.145516547682795,0.0211995285495727,7,6.06129092519904e-07,0.00415293273369834,0.520137255457636
"9814","Lamp5","ZPBP",-0.138548090051064,0.105977591248224,0.191099360174243,-0.34626035206589,0.0691641719637632,7,0.0132976964352739,17.0763798415656,0.585538623705809
"9815","Lamp5","SMG7",0.00683870093784533,0.0276158564575194,0.804415473878613,-0.0472873831211206,0.0609647849968112,7,0,0,0.945989699577391
"9816","Lamp5","GNG12",0.132352155151434,0.0518876957824638,0.0107493687841786,0.030654140177034,0.234050170125834,7,0.00575189943916937,33.6113646685132,0.168803505780448
"9817","Lamp5","PCNP",0.0410713334836431,0.0275938481824353,0.136639229643463,-0.0130116151487961,0.0951542821160822,7,0,0,0.509366960409923
"9818","Lamp5","FAM85B",0.138299588336993,0.159129290466541,0.384791330056393,-0.173588089862841,0.450187266536826,5,0.0796672296067854,67.6515198531253,0.754115488360726
"9819","Lamp5","NBPF1",0.0232016634468805,0.0481612002472005,0.629983475184319,-0.071192554489854,0.117595881383615,7,0,0,0.882611572133232
"9820","Lamp5","SIAH3",-0.0820168549421359,0.0388481459309495,0.0347536889742037,-0.158157821832953,-0.0058758880513186,7,1.49073347351936e-07,0.00127817626098019,0.287703178241735
"9821","Lamp5","STARD3NL",0.0119895405790764,0.0361031917099575,0.73982063908468,-0.0587714148993854,0.0827504960575381,7,0,0,0.922699531904995
"9822","Lamp5","IPO8",-0.0157276281578307,0.0302049161224297,0.602577427534174,-0.0749281759138461,0.0434729195981847,7,0,0,0.8686316111174
"9823","Lamp5","LINC01473",0.10623234922614,0.0585970753602317,0.0698427411678104,-0.00861580807929321,0.221080506531574,5,4.07918429077093e-07,0.00183518226911453,0.384164494857583
"9824","Lamp5","PAXIP1",-0.000963801299215444,0.0480046673416021,0.983981755140421,-0.0950512203785817,0.0931236177801508,7,0.0048758179403129,34.2213802465898,0.997296915565468
"9825","Lamp5","MCTP1",-0.03622805979372,0.0345519525527172,0.294403803752368,-0.103948642392582,0.0314925228051424,7,0,0,0.684975698263536
"9826","Lamp5","GLMN",-0.0304573542416062,0.0293282364521811,0.299037641706123,-0.087939641417956,0.0270249329347436,7,0,0,0.688669251234218
"9827","Lamp5","CSMD3",0.0913068813973122,0.0355312521717439,0.0101768241507102,0.0216669068150836,0.160946855979541,7,0,0,0.166036343817658
"9828","Lamp5","PRCP",0.00221990411369154,0.0364007345708912,0.951371038779876,-0.0691242246560572,0.0735640328834403,7,0,0,0.9903765888552
"9829","Lamp5","FAXC",0.0245926111256156,0.0259336195273206,0.342981466168717,-0.0262363491366974,0.0754215713879286,7,0,0,0.72433889877292
"9830","Lamp5","NUP214",-0.035273886003218,0.0374298025742654,0.345987339528044,-0.108634950997223,0.0380871789907868,7,0.00224180379570603,24.305402094243,0.726287974972069
"9831","Lamp5","MBNL2",0.0574985827851354,0.0398574641702487,0.149131733875127,-0.0206206115036476,0.135617777073918,7,0,0,0.528329084038001
"9832","Lamp5","PLAA",-0.0362851386255777,0.03589782755506,0.312117303550992,-0.106643587756725,0.0340733105055695,7,0.00120494399467737,13.0178476900717,0.698598321760493
"9833","Lamp5","NPM2",-0.0547280452580624,0.0423005025684594,0.195737330338881,-0.137635506820187,0.0281794163040621,7,0,0,0.588272573234939
"9834","Lamp5","BCL2L14",-0.323103812655618,0.137977151979752,0.0191951256739467,-0.593534061225342,-0.0526735640858947,7,0.0489099015341278,42.3185704191045,0.222436538696442
"9835","Lamp5","DRAM2",0.0137095101564694,0.0346618056646829,0.69245761519874,-0.0542263805854354,0.0816454008983742,7,0,0,0.905268111563042
"9836","Lamp5","UBE2D1",0.154323226439592,0.0421550667904637,0.000251383390416499,0.0717008137644023,0.236945639114781,7,0,0,0.0320924146154616
"9837","Lamp5","LAMP1",-0.0247719957109411,0.0467270156490681,0.596012855031796,-0.116355263488154,0.0668112720662717,7,0.00465282335546563,34.2760417906157,0.865749755049829
"9838","Lamp5","ZNF337",0.0210313760934701,0.0340465160674216,0.536756785251066,-0.0456985691977404,0.0877613213846807,7,0,0,0.839104775803267
"9839","Lamp5","KITLG",0.0264017603614167,0.0514585551902516,0.607903450834411,-0.0744551545079432,0.127258675230777,7,3.33396858899249e-06,0.0163008639347406,0.871748258707968
"9840","Lamp5","TUBE1",0.0197809388351412,0.0290370199607323,0.495724884708466,-0.0371305745062648,0.0766924521765472,7,0,0,0.818610038142578
"9841","Lamp5","MAML2",0.010795009661824,0.0662762938008055,0.870613786323457,-0.11910413921655,0.140694158540198,7,1.38621850082265e-06,0.00407821215468144,0.968577940382375
"9842","Lamp5","STAT3",-0.0616579091347086,0.047003564508194,0.189597438969842,-0.153783202715774,0.0304673844463568,7,0.00397513603330761,28.0087624926363,0.583096081135402
"9843","Lamp5","ANKRD7",0.0399903480007873,0.0481404106312572,0.406141848247038,-0.054363123037446,0.134343819039021,7,3.04114212790841e-07,0.00168767843510027,0.767306534468615
"9844","Lamp5","SEMA6B",-0.0571287317328263,0.034391548629862,0.0966879327404019,-0.124534928419914,0.010277464954261,7,0,0,0.442007258273114
"9845","Lamp5","ATP6V1C1",-0.00042331738660499,0.0372125997971218,0.990923742913666,-0.0733586727600663,0.0725120379868563,7,0.00203967433127186,21.9871361646663,0.998620547550507
"9846","Lamp5","KMT2A",0.0461806769971759,0.023654131274211,0.05089900335668,-0.000180568385860135,0.092541922380212,7,0,0,0.337671119783235
"9847","Lamp5","GFPT1",-0.00639299958337198,0.0408226243024425,0.875556692596411,-0.0864038729705689,0.0736178738038249,7,0.00397852937584617,39.046050018479,0.9700558168205
"9848","Lamp5","RNF10",0.0102679364811278,0.0262550361046801,0.69573481070525,-0.041190988696844,0.0617268616590996,7,0,0,0.906391554342484
"9849","Lamp5","AK5",-0.0845304415164928,0.038722730952107,0.0290382446750246,-0.160425599565657,-0.00863528346732866,7,9.6635256593526e-08,0.000819707494944787,0.265227822244642
"9850","Lamp5","ZSCAN30",0.00511446354178681,0.0346578833247554,0.882682139208951,-0.0628137395551251,0.0730426666386987,7,0,0,0.972956491417898
"9851","Lamp5","FAM13B",0.0359955731366415,0.0316189514111821,0.254946117219411,-0.0259764328581972,0.0979675791314803,7,0.00196506633205751,30.9529671964336,0.645993712201372
"9852","Lamp5","LCP2",0.234797798349156,0.0998164741901204,0.0186579685093979,0.0391611038727482,0.430434492825564,7,0.0271648392307663,43.9938616825233,0.219185309827003
"9853","Lamp5","ABCB7",-0.0411040029982689,0.0338456526146749,0.224574238565611,-0.107440263156286,0.0252322571597477,6,0,0,0.615202419363644
"9854","Lamp5","BICC1",0.192165982236138,0.10836082090686,0.0761641262057747,-0.0202173240765025,0.404549288548778,7,0.0550952187670744,75.1154934028604,0.399669497716042
"9855","Lamp5","PRPF39",-0.0322005329948409,0.0282865071846762,0.254965693708573,-0.0876410683252397,0.0232400023355578,7,0,0,0.645993712201372
"9856","Lamp5","DGUOK",-0.000424811968798046,0.0328088863999318,0.989669218386451,-0.0647290476855303,0.0638794237479342,6,0,0,0.998109602858278
"9857","Lamp5","MRS2",0.034297630407666,0.0303985102593099,0.259207253029865,-0.0252823548842528,0.0938776156995848,6,2.65935632319686e-06,0.0405561267384574,0.650411149598018
"9858","Lamp5","ICA1L",-0.0032407031260309,0.0249866689862773,0.896805930766077,-0.0522136744327583,0.0457322681806966,7,0,0,0.976532292201911
"9859","Lamp5","PPP1CB",0.0651719809112362,0.0352663995530145,0.0646036779026029,-0.00394889207707165,0.134292853899544,7,0,0,0.371880205906429
"9860","Lamp5","TRAPPC6B",-0.00936472798942153,0.0271206578371779,0.729869821254474,-0.0625202405873242,0.0437907846084812,7,8.71146769269963e-05,1.47138126016645,0.91930803926833
"9861","Lamp5","FTH1",-0.0173680239268164,0.0645238996190261,0.787797364048622,-0.143832543322185,0.109096495468553,6,0,0,0.938643357904296
"9862","Lamp5","ADAR",0.0191329085781793,0.0266240519691729,0.472367393516206,-0.0330492744039223,0.0713150915602808,7,0,0,0.805854730251114
"9863","Lamp5","DGKZ",-0.0570768653054748,0.0284574354795099,0.044889064417579,-0.112852413937687,-0.00130131667326301,7,0,0,0.319463236097947
"9864","Lamp5","SYAP1",-0.0556277705439723,0.0409388778525397,0.174209792798518,-0.135866496702435,0.02461095561449,7,0,0,0.565544848484534
"9865","Lamp5","JADE2",-0.0527125983821847,0.0397815872137092,0.185154516121148,-0.130683076568894,0.0252578798045245,7,0,0,0.577834775128605
"9866","Lamp5","NDUFA12",-0.0808655629574707,0.059587519675825,0.174752957356963,-0.19765495545016,0.0359238295352181,6,0.00325359300836168,14.9152814511331,0.565747324589041
"9867","Lamp5","CLK4",0.0384406455060773,0.0330150500643172,0.244287453475392,-0.0262676635677711,0.103148954579926,7,0,0,0.636382241124551
"9868","Lamp5","HDAC6",-0.0707564935600034,0.0350600174689559,0.043575287371809,-0.139472865096502,-0.00204012202350475,7,0,0,0.314874236664328
"9869","Lamp5","TNK2",-0.105214617563676,0.0319952184078916,0.00100741330070249,-0.167924093320636,-0.0425051418067153,7,0.000670257925416119,8.8928585155385,0.0571318543814165
"9870","Lamp5","RPAP2",0.0369995943566612,0.0251669902850289,0.141517436340398,-0.012326800201265,0.0863259889145873,7,0,0,0.517380506058275
"9871","Lamp5","THOC1",0.015187241402306,0.0282805693403976,0.591253553514569,-0.0402416559671611,0.070616138771773,7,0,0,0.863156760231449
"9872","Lamp5","RASSF8-AS1",-0.0287773351061538,0.0571310852160728,0.61446719554291,-0.140752204527345,0.0831975343150376,7,0.005217315910963,23.8293317258262,0.87512951866861
"9873","Lamp5","SCCPDH",-0.0470547643553499,0.0369962630602988,0.203416169124317,-0.119566107516105,0.0254565788054052,7,0,0,0.593161131697475
"9874","Lamp5","PDZD8",-0.0288324586120685,0.0253406079913681,0.255205408589219,-0.0784991376214979,0.0208342203973609,7,0,0,0.64606297233668
"9875","Lamp5","DEGS1",-0.025136621516128,0.0459031529130119,0.58396576681187,-0.115105148002466,0.06483190497021,7,9.27283556529058e-07,0.00533329690013644,0.859263732685249
"9876","Lamp5","YAE1",0.104083902376267,0.0500949170675213,0.0377338841427714,0.00589966911540465,0.20226813563713,5,0,0,0.297949150595983
"9877","Lamp5","CRADD",0.0467325439690657,0.039644389007219,0.238480454474438,-0.0309690306741792,0.124434118612311,7,0,0,0.62916120782259
"9878","Lamp5","PSMD8",-0.00462297396843725,0.055722081856665,0.933879491636521,-0.113836247551093,0.104590299614219,7,2.87955245265525e-06,0.0115476417852664,0.985315638798959
"9879","Lamp5","RAPH1",-0.0147706060816735,0.0480719663752899,0.758645262547187,-0.108989928843262,0.0794487166799151,7,0,0,0.926555528105898
"9880","Lamp5","SORCS3",-0.0618554035947289,0.047695402702266,0.194671110019795,-0.155336675119305,0.0316258679298469,7,0.00311160421549821,19.8743883163049,0.587583280058094
"9881","Lamp5","SRI",0.00252092751501778,0.0485155160345782,0.958559558902266,-0.0925677366041311,0.0976095916341666,7,0,0,0.993363411170901
"9882","Lamp5","VDAC1",-0.0528611203451555,0.0472838435631654,0.263587016843567,-0.145535750779586,0.0398135100892747,6,0,0,0.653860744816006
"9883","Lamp5","CA5B",-0.130049993113425,0.0413085756040242,0.00164247480591038,-0.211013313549963,-0.049086672676888,6,0,0,0.0709709000283925
"9884","Lamp5","TIMP3",-0.0279453505881531,0.0781755718683803,0.720740661716422,-0.181166655921001,0.125275954744695,7,2.88677730913591e-06,0.00572880029276734,0.915387356767999
"9885","Lamp5","LRCH3",0.0338401048184014,0.0254054273674969,0.182859211132865,-0.0159536178337408,0.0836338274705436,7,0.000277280325376936,5.58785160364691,0.575602130380935
"9886","Lamp5","ABI2",0.0572628044539203,0.021502566712912,0.00774316885969288,0.0151185481214429,0.0994070607863976,7,0,0,0.14721869060901
"9887","Lamp5","RPGRIP1L",0.0318271900595021,0.0330773561658158,0.335946750832274,-0.0330032367293008,0.0966576168483049,7,0,0,0.717302587286027
"9888","Lamp5","CEP104",-0.0705084401329946,0.0321316252445089,0.0282093447329805,-0.13348526837697,-0.00753161188901913,7,0,0,0.262329357435237
"9889","Lamp5","FAM110B",0.0335311052795793,0.0260825934601711,0.198591758450562,-0.017589838525756,0.0846520490849146,7,0,0,0.59049200380663
"9890","Lamp5","KCTD20",-0.0203376338537087,0.030824161812324,0.509385267246806,-0.0807518808594986,0.0400766131520812,7,0,0,0.824364693203052
"9891","Lamp5","CD2AP",-0.0338336698918848,0.0460585283263403,0.462595372951689,-0.12410672659243,0.05643938680866,7,0.00381164963002398,27.361286325523,0.800102097417133
"9892","Lamp5","SPPL2B",-0.113311139440758,0.0438051132878205,0.00968970100877412,-0.199167583823583,-0.0274546950579332,7,0.00155492558587547,11.2488334760805,0.162980498402151
"9893","Lamp5","TMEM192",0.0334698694912723,0.0340382726920896,0.325459290428472,-0.0332439190811766,0.100183658063721,7,0,0,0.708716130294416
"9894","Lamp5","BAZ2B",0.136257460610731,0.0387444449439952,0.000436740434400271,0.0603197439195052,0.212195177301956,7,0.00247482511981487,24.6654297303289,0.0417838308399427
"9895","Lamp5","GINM1",-0.0286012866880625,0.0348401035103908,0.411686133330638,-0.0968866347860759,0.039684061409951,7,2.62614673218009e-06,0.0276025212422215,0.770780360587691
"9896","Lamp5","DICER1",0.0207870359366244,0.023811095192895,0.382664226093477,-0.0258818530739046,0.0674559249471534,7,0,0,0.752499597461346
"9897","Lamp5","CMTM4",0.00165212363657724,0.0438684066666809,0.969958051873157,-0.0843283734892741,0.0876326207624286,7,0.00480620218498546,40.8399232948556,0.995855798622175
"9898","Lamp5","CES4A",-0.0709662075712919,0.0401214352354815,0.0769296995448523,-0.149602775640892,0.00767036049830806,7,0,0,0.401805676589378
"9899","Lamp5","SPOCK2",-0.000683755270424529,0.0447588653902788,0.98781165361894,-0.0884095194242473,0.0870420088833982,7,0.00325872391296876,24.7637448256736,0.997642964865483
"9900","Lamp5","EMC1-AS1",0.0222823666864552,0.0585742658996605,0.703639442984639,-0.092521084897752,0.137085818270662,5,0,0,0.909317494991712
"9901","Lamp5","RUSC2",-0.00356720851561448,0.0268518407132557,0.894313734198917,-0.056195849232202,0.049061432200973,7,0,0,0.975921257738596
"9902","Lamp5","PRPF40B",-0.0109119559042108,0.0296223241901634,0.712597858442827,-0.0689706444553007,0.047146732646879,7,8.6373768152947e-07,0.0121060642397501,0.91349102681078
"9903","Lamp5","ADARB2-AS1",-0.226483729550263,0.0867881745200974,0.00906441504796321,-0.396585425893631,-0.0563820332068952,7,0.0049187530563268,8.80173279989452,0.157789431671895
"9904","Lamp5","EIF1B",-0.0060417511032406,0.0600700306277865,0.919885097330622,-0.12377684768392,0.111693345477439,7,0,0,0.982309092211961
"9905","Lamp5","TBCB",0.0327212141434214,0.0530958553798285,0.537718431353626,-0.0713447501293897,0.136787178416232,7,2.66812115219912e-06,0.0117189074319327,0.839248783091326
"9906","Lamp5","CELF1",0.0199773915515836,0.0290295224304769,0.491342586187364,-0.0369194269005487,0.0768742100037159,7,0.000108184588379118,1.62878093786841,0.816204797966937
"9907","Lamp5","MCPH1-AS1",0.0396862893454246,0.0615426428970187,0.519018961591332,-0.0809350742461418,0.160307652936991,5,0,0,0.829251537965362
"9908","Lamp5","TRAF3IP2",0.0271186300791177,0.0746784832949842,0.716501449231104,-0.119248507599127,0.173485767757363,7,4.52309548182487e-06,0.00996126819630091,0.914462798800233
"9909","Lamp5","PSMD11",-0.0265113998490231,0.0369702152373357,0.473311419431144,-0.098971690214895,0.0459488905168488,7,0.00214235216682274,23.3935873407903,0.806286012689692
"9910","Lamp5","AKT2",0.000495761823597216,0.0293485241004996,0.986522596764644,-0.0570262884127879,0.0580178120599823,7,0,0,0.997364420890048
"9911","Lamp5","UBAP2L",-0.0209060125316173,0.0266353459635341,0.432513754399846,-0.0731103313359085,0.0312983062726739,7,0,0,0.783174983539044
"9912","Lamp5","LETMD1",-0.0679484557803811,0.0362017661321055,0.0605266477243078,-0.13890261357605,0.00300570201528756,6,0,0,0.36319025596337
"9913","Lamp5","PLRG1",0.0458991927564014,0.051831933897706,0.375866058932329,-0.0556895309321631,0.147487916444966,7,0.0058349846617006,35.3107663907383,0.746832307052066
"9914","Lamp5","AGO2",-0.000998590909488183,0.0331737156944779,0.975985808588867,-0.0660178789040359,0.0640206970850596,7,0,0,0.997093441046833
"9915","Lamp5","MIA2",-0.0599893389452791,0.0428219408256011,0.161243405782176,-0.143918800711563,0.0239401228210044,5,0.00354740133079429,43.5301600562257,0.545799572530157
"9916","Lamp5","DLC1",-0.133874259499737,0.0633942276573321,0.0347058684558966,-0.258124662535841,-0.00962385646363265,7,0.00495135528533166,17.6970734903523,0.287703178241735
"9917","Lamp5","FGF12-AS1",-0.116910068898155,0.100423969598674,0.24435715789313,-0.3137374324961,0.0799172946997905,7,4.30946358950885e-06,0.00537730805732294,0.636382241124551
"9918","Lamp5","RNF144A",0.0334147000411778,0.0357862626306333,0.350443286283167,-0.0367250858561551,0.103554485938511,7,0.00224995313957071,26.8384421198988,0.729368475576121
"9919","Lamp5","WSCD2",0.00187084382166498,0.0590601450897574,0.974729696357764,-0.11388491347597,0.117626601119299,7,0.00604216972343804,26.104894614476,0.997093441046833
"9920","Lamp5","OXCT1",0.0050806368964553,0.037753605383257,0.892949051303853,-0.0689150699412659,0.0790763437341765,6,0.00308485159250911,39.2753195131269,0.975921257738596
"9921","Lamp5","POM121",-0.0597511914532253,0.0340478693334586,0.0792734719822963,-0.12648378909713,0.00698140619067932,7,0.00102876216075398,12.3273003158171,0.405910944345904
"9922","Lamp5","TENT4A",-0.05020022874265,0.0368285484538922,0.172857548069977,-0.122382857315167,0.0219823998298671,5,0.00118686581010317,17.0901629835827,0.563117247989338
"9923","Lamp5","TEX2",0.0245238638695998,0.0431082340143673,0.569430467478796,-0.0599667222356846,0.109014449974884,7,0.00241397655690318,18.9085678782075,0.854305011385355
"9924","Lamp5","UBE3B",0.0179571835932378,0.0330376126378934,0.586759732651358,-0.0467953473122185,0.0827097144986941,7,8.43724855067101e-07,0.00934588626725954,0.86056654927368
"9925","Lamp5","SIRT1",0.0126328758038165,0.0601098487667995,0.833540330970209,-0.10518026289526,0.130446014502893,7,0.00906300366642486,39.9309688479271,0.956927024870186
"9926","Lamp5","RPL27A",0.0318445783315011,0.057950851516213,0.582655433807825,-0.0817370035137049,0.145426160176707,7,0,0,0.858897416842391
"9927","Lamp5","NUP160",-0.0184565124715193,0.0269420900389265,0.493316265199996,-0.0712620386160506,0.0343490136730121,7,0,0,0.816888564874931
"9928","Lamp5","AGTPBP1",0.0427860688560667,0.0251276722879594,0.0886154232711374,-0.00646326384365895,0.0920354015557923,7,0,0,0.425603151365274
"9929","Lamp5","TMEM41B",0.0434450693161228,0.0580982673608551,0.454589264946599,-0.0704254422753322,0.157315580907578,7,0.0114030095124276,57.7030920017328,0.796305590023421
"9930","Lamp5","SENP5",-0.0388043613316703,0.0338379768778185,0.251476879398723,-0.105125577321894,0.027516854658553,7,0.00167863439851544,21.815096067234,0.64193208701728
"9931","Lamp5","PGGT1B",0.0462761481601,0.0322252503779735,0.150996260801793,-0.0168841819735139,0.109436478293714,7,0,0,0.530483044338614
"9932","Lamp5","HOMER2",-0.0223098427621899,0.0266110838351525,0.401824865369997,-0.0744666086686648,0.0298469231442851,7,0,0,0.76434286065847
"9933","Lamp5","PPAT",0.013913021445495,0.0382780358280249,0.716251794660071,-0.0611105501763677,0.0889365930673577,7,2.23385169521496e-05,0.185084995633666,0.914462798800233
"9934","Lamp5","GAP43",-0.0534172444315707,0.0641050189358132,0.404688466975594,-0.179060772774023,0.0722262839108814,6,0,0,0.766619574934442
"9935","Lamp5","PLPP1",0.0207353156397678,0.0480672588141638,0.666191159105159,-0.0734747804715586,0.114945411751094,7,0.0061889785146206,43.408693963675,0.89627405464491
"9936","Lamp5","GTPBP10",0.00599449347899851,0.0325855162511811,0.854043344232086,-0.0578719447909611,0.0698609317489581,6,0,0,0.96190472345748
"9937","Lamp5","EPHB1",0.00203404841569615,0.0537417943815125,0.969808443324712,-0.103297933036625,0.107366029868018,7,0,0,0.995855798622175
"9938","Lamp5","MAT2A",0.0389087679397651,0.0334520079722294,0.24477998882372,-0.0266559628963512,0.104473498775881,7,0,0,0.636602338199387
"9939","Lamp5","CYLD",0.0640213276636009,0.0321802651945292,0.0466505305778535,0.000949166869375767,0.127093488457826,7,0,0,0.324707375682782
"9940","Lamp5","YARS2",0.00516401981926848,0.0365911207499763,0.887769080482262,-0.0665532590046413,0.0768812986431782,6,0,0,0.974199892960852
"9941","Lamp5","TLE3",0.0402104944172625,0.0455177408281635,0.377018741140489,-0.0490026382635662,0.129423627098091,7,0,0,0.747876199131641
"9942","Lamp5","SH3YL1",0.0127462147722753,0.0305241107488676,0.676255261637787,-0.0470799429556171,0.0725723725001677,7,0.000392146914653592,5.46632803202954,0.900393751272133
"9943","Lamp5","SERBP1",-0.000601072890203224,0.0363408960681228,0.986803712475225,-0.0718279203496372,0.0706257745692307,7,0,0,0.997442851983139
"9944","Lamp5","RPS6KA6",0.0650096407689442,0.0327475243465602,0.0471247529923952,0.000825672466837624,0.129193609071051,7,0,0,0.325269770004088
"9945","Lamp5","RABEP1",-0.00487419018829536,0.0235529897233032,0.836052257467486,-0.0510372017742116,0.0412888213976209,7,0.000327087439846402,7.80920047401244,0.958003625387149
"9946","Lamp5","METTL9",0.0318098317536518,0.0332933504304919,0.339354732655143,-0.0334439360147833,0.097063599522087,7,0.00107065236309995,13.491662650266,0.720458591837894
"9947","Lamp5","SDHB",-0.0382529470381554,0.0343692185585654,0.265708344734423,-0.105615377589729,0.0291094835134185,6,0,0,0.654477926053113
"9948","Lamp5","NUB1",0.109874774993116,0.0403209827859643,0.00643010190273754,0.030847100911366,0.188902449074865,7,0,0,0.134671783983955
"9949","Lamp5","MYEF2",-0.0482602916219497,0.0299127311098064,0.106664229330122,-0.106888167276401,0.0103675840325018,7,0.000530226518959584,7.8606783429939,0.46083725381464
"9950","Lamp5","GTF3C3",0.0507898748608774,0.0363149545589316,0.161934788886454,-0.0203861281748372,0.121965877896592,7,0,0,0.547055971834209
"9951","Lamp5","CLINT1",0.0201470085399557,0.0273625410587641,0.461548823123885,-0.0334825864607204,0.0737766035406319,7,0,0,0.799487597876382
"9952","Lamp5","GTF3A",0.00686826391696337,0.0516955919662163,0.894304291948311,-0.0944532344962988,0.108189762330226,7,0.00462717335332907,26.6923798346687,0.975921257738596
"9953","Lamp5","PELI1",0.10353658042412,0.0430078402942857,0.01606706732182,0.01924276239447,0.187830398453771,7,0,0,0.204193473009188
"9954","Lamp5","SCLT1",0.0522498100564221,0.0375570322616017,0.164161019552436,-0.021360620542526,0.12586024065537,7,0,0,0.550591979769544
"9955","Lamp5","GCNT2",0.0173945047932572,0.0389609038414352,0.655264635797679,-0.058967463541084,0.0937564731275983,7,0,0,0.891939689193379
"9956","Lamp5","SLIT3",0.178499619192946,0.0703830344725047,0.011208923720634,0.0405514065041956,0.316447831881696,7,1.29215893778935e-06,0.00337854803768041,0.171714877133337
"9957","Lamp5","YTHDF2",-0.0243250363432099,0.034538439165417,0.481252931291877,-0.0920191331896549,0.043369060503235,7,0,0,0.811520559125713
"9958","Lamp5","POGLUT1",-0.0238060030482482,0.0376538770739992,0.52723499444306,-0.097606245991585,0.0499942398950887,7,0,0,0.834322309829333
"9959","Lamp5","SEMA4F",-0.014175481503998,0.0338073518184287,0.674995623753268,-0.080436673480793,0.052085710472797,7,0,0,0.899979293952049
"9960","Lamp5","RPS23",-0.117362466948102,0.100081781336357,0.240929912297047,-0.313519153875974,0.0787942199797711,7,0.0173246434952419,26.0161984162535,0.632489010863634
"9961","Lamp5","HPCAL4",0.0570708842937443,0.0411703350126935,0.165681645551784,-0.0236214895625834,0.137763258150072,7,0,0,0.552448980977964
"9962","Lamp5","DCHS2",0.0185758440454361,0.0517108962053257,0.719426814046602,-0.0827756501252912,0.119927338216163,7,0.00084576193890241,4.19593790492672,0.915104576999517
"9963","Lamp5","TEF",0.0047219335414186,0.0480263456049906,0.921678474494045,-0.0894079741534365,0.0988518412362737,7,3.88054319503383e-06,0.0215765617150392,0.982375103729229
"9964","Lamp5","GNG12-AS1",-0.0465448519359442,0.0948264573790158,0.623537873986192,-0.232401293180338,0.139311589308449,7,0.0194289518037016,34.609026834052,0.878935576968513
"9965","Lamp5","ZFYVE9",0.0358486808438546,0.0241894336744286,0.138340953437314,-0.0115617379644458,0.083259099652155,7,0,0,0.511570643833282
"9966","Lamp5","KIAA0753",0.0259198076974923,0.0351854947976277,0.46132808128053,-0.0430424948840794,0.094882110279064,7,7.8413771845885e-06,0.0812935513490996,0.799485491699775
"9967","Lamp5","SLC25A27",0.0637942934646867,0.0310277651133362,0.0397787624205562,0.00298099132177933,0.124607595607594,6,0,0,0.305728933025342
"9968","Lamp5","GLB1",-0.00353635744617584,0.0257185869035906,0.890634002470473,-0.053943861510477,0.0468711466181253,7,1.82346129371944e-06,0.0340546249601522,0.975420073866546
"9969","Lamp5","SERPINE2",-0.0288288109342996,0.0774665905074318,0.709784829859034,-0.180660538333978,0.123002916465379,6,0.0139770817045507,42.8503949752175,0.912274097920567
"9970","Lamp5","AKAP9",-0.0286022433813142,0.0217584152987726,0.188665533444588,-0.0712479537275739,0.0140434669649454,7,0,0,0.581843523353199
"9971","Lamp5","C19orf12",-0.0431977511569606,0.0342777034347095,0.207586814299009,-0.110380815361736,0.0239853130478149,7,0,0,0.596905677374813
"9972","Lamp5","MAP3K3",0.0157528551962418,0.0469732068851606,0.737354813939674,-0.076312938537022,0.107818648929506,7,0.00452513582156074,32.8677081065597,0.921463278270996
"9973","Lamp5","CDK5RAP2",0.0490458259430381,0.0366345650379142,0.180640499447826,-0.0227566021205639,0.12084825400664,7,0,0,0.57276150096728
"9974","Lamp5","ZNHIT6",0.0048336743334701,0.0334202054376311,0.885000410344261,-0.0606687246802166,0.0703360733471567,7,0,0,0.973663284940848
"9975","Lamp5","CYSTM1",-0.211061824279242,0.0991171065031831,0.0332196311657603,-0.405327783277302,-0.0167958652811824,7,0.0331725196460586,58.681086037878,0.283240512106319
"9976","Lamp5","CA11",-0.016248583513979,0.0415920540050189,0.696044451015865,-0.0977675114068609,0.065270344378903,7,4.04469908396147e-06,0.0282816622388728,0.906391554342484
"9977","Lamp5","KIAA1549L",-0.0147344583313338,0.0279992859137002,0.598718633857517,-0.0696120503150259,0.0401431336523583,7,0,0,0.866522587716573
"9978","Lamp5","NOL7",0.0654242604254948,0.0845328337904735,0.438959844166032,-0.100257049314944,0.231105570165933,7,0.0237141259146336,55.0239717749186,0.787388747019886
"9979","Lamp5","FAM149B1",0.0215404368222119,0.032760043697063,0.510845577606311,-0.04266806895599,0.0857489426004138,7,0,0,0.824565023970019
"9980","Lamp5","LYPD5",-0.0249633166085891,0.033931442096483,0.461914103071937,-0.091467721061202,0.0415410878440238,7,7.57863710880269e-05,0.777623476359269,0.799772804204038
"9981","Lamp5","TCEAL3",-0.0514648285450666,0.0552084254142091,0.35123753334261,-0.159671354000082,0.056741696909949,7,0,0,0.72969127366908
"9982","Lamp5","ARHGEF6",-0.0968975054636162,0.0396184913738993,0.0144545323163631,-0.17454832167827,-0.0192466892489628,7,0,0,0.192265888474651
"9983","Lamp5","MTRR",0.00212567454096334,0.0352124149022912,0.951863189564583,-0.066889390476209,0.0711407395581356,7,0,0,0.990544020536273
"9984","Lamp5","UBE2G2",-0.0278411683650993,0.0287376628688268,0.332642892751693,-0.0841659525878538,0.0284836158576552,7,0,0,0.714489691112083
"9985","Lamp5","GRM7",0.083274534633349,0.0431132471538316,0.0534175305418329,-0.00122587704473499,0.167774946311433,7,0,0,0.343821446582228
"9986","Lamp5","LRFN2",0.0130442378446574,0.0598445534200697,0.827453520559408,-0.104248931529563,0.130337407218877,7,0.00506332323396992,20.7374348567117,0.954753550654479
"9987","Lamp5","SAFB",0.0147636635809317,0.0289532454695291,0.610111752748256,-0.0419836547748927,0.0715109819367562,7,0,0,0.873497719515909
"9988","Lamp5","RBM4B",-0.0295827217779372,0.0682486920853537,0.664684411365962,-0.163347700257194,0.10418225670132,7,0.00490029327503253,14.9785608801926,0.895859447258598
"9989","Lamp5","UBE2J1",0.0300530515258063,0.0438904738779959,0.493515359236909,-0.0559706965394617,0.116076799591074,7,0.00259882062551953,19.9372885930071,0.816913908038885
"9990","Lamp5","FXYD7",0.00933966101303854,0.0602543012390193,0.876818120651086,-0.108756599329066,0.127435921355144,7,0.00241977635016293,9.13247742964227,0.970554230365266
"9991","Lamp5","TTC21B",0.0437482141218663,0.0278789703462974,0.116596883780619,-0.0108935636829368,0.0983899919266694,7,0.000338490084549716,5.6176887909041,0.473561011652999
"9992","Lamp5","DUSP4",-0.242538115555095,0.141450784017465,0.0864100269660942,-0.519776557814281,0.0347003267040909,7,0.0366846831587033,28.2023206849218,0.420585068167489
"9993","Lamp5","CCSER1",0.0221434646114958,0.03607068029836,0.539287383295735,-0.0485537696711482,0.0928406988941398,7,0,0,0.839382175581193
"9994","Lamp5","TMEM260",0.0637522228336844,0.0292103063499895,0.0290708108482701,0.00650107441032333,0.121003371257045,7,0,0,0.265227822244642
"9995","Lamp5","SNX3",-0.0185265500817541,0.0503214336303455,0.712750806751597,-0.117154747647654,0.0801016474841457,7,0.00291467356333248,16.4691641474332,0.913589163766597
"9996","Lamp5","PLGRKT",-0.0244644243270647,0.0383415821289991,0.523431322553318,-0.0996125444101875,0.0506836957560582,6,0,0,0.832258470458554
"9997","Lamp5","OSGEP",-0.142014641504475,0.0451011044918354,0.00163938825112613,-0.23041118197145,-0.0536181010375003,7,0,0,0.0709709000283925
"9998","Lamp5","SNRNP70",-0.104331151827717,0.0356644679062058,0.00344065884993094,-0.174232224451665,-0.0344300792037687,7,0,0,0.0991360454196024
"9999","Lamp5","FGD4",0.0940874627843305,0.0462516611630483,0.0419263497275035,0.00343587267960586,0.184739052889055,7,0.00186732207902815,12.1552684236778,0.31114492884268
"10000","Lamp5","TET2",0.0336459447327958,0.041773708346107,0.420569558186728,-0.0482290191262542,0.115520908591846,7,0.00317260597141994,27.550625151171,0.775619048767521
"10001","Lamp5","CHRNA7",-0.0237336427061748,0.0641014883447866,0.711195450248614,-0.149370251217371,0.101902965805021,7,0,0,0.913161519167186
"10002","Lamp5","KCTD2",0.0124731435645939,0.0426140194597315,0.769751109890894,-0.0710487998129689,0.0959950869421567,7,0,0,0.932100292964428
"10003","Lamp5","BSN",-0.0278741439758688,0.0253070878310134,0.270706834818955,-0.0774751246782469,0.0217268367265093,7,0,0,0.660151516639454
"10004","Lamp5","CXXC4",0.267778979954537,0.091806106061487,0.00353655670170326,0.087842318513158,0.447715641395916,7,0.0275443183998393,54.9030801946325,0.100711607685941
"10005","Lamp5","PKN2-AS1",0.0770848985578659,0.0559043240003111,0.167934269352737,-0.0324855630628019,0.186655360178534,7,0,0,0.555746521175771
"10006","Lamp5","PPIB",-0.03078656653442,0.0639225631092514,0.6300738963816,-0.156072488028041,0.0944993549592014,7,0,0,0.882634851449872
"10007","Lamp5","HSD17B4",-0.000578372555066381,0.0245445303897574,0.981200217686692,-0.0486847681364398,0.047528023026307,6,2.8620270925016e-08,0.000690344857522814,0.997295036827736
"10008","Lamp5","ULK4",-0.00602470934268551,0.0301304731319179,0.841516538576376,-0.0650793515183963,0.0530299328330253,7,0,0,0.958821007634427
"10009","Lamp5","ZNF33A",-0.00621296442449041,0.0504974775934008,0.90207926853177,-0.105186201817674,0.0927602729686934,7,0.00823100105558205,53.8105928152104,0.977968087423755
"10010","Lamp5","CAMK1G",0.00131545556815838,0.148300188760457,0.992922679778561,-0.289347573302829,0.291978484439146,7,0.0920458891167999,70.5803010171991,0.998654866216999
"10011","Lamp5","NUDT5",-0.00233719901707195,0.0305484093168512,0.939014915253347,-0.0622109810630882,0.0575365830289443,6,0,0,0.986757003054167
"10012","Lamp5","SHLD2",-0.0396898679334802,0.0701448370456514,0.571511145718333,-0.177171222244388,0.0977914863774274,5,0.00987029649498553,43.2781548596346,0.855299936384124
"10013","Lamp5","RAPGEFL1",-0.08985290635846,0.0358423252906256,0.0121797268092195,-0.160102573050255,-0.0196032396666647,7,6.21974039668806e-06,0.056946127385507,0.178940236991961
"10014","Lamp5","BMS1",0.062735450285806,0.032740305883822,0.0553455657102767,-0.00143437008930983,0.126905270660922,7,0,0,0.348723719878398
"10015","Lamp5","ADGRL2",0.0718982259131382,0.0442067618107372,0.103862914884139,-0.0147454351090474,0.158541886935324,7,0,0,0.455085911390479
"10016","Lamp5","STRN3",-0.0345333298927294,0.0244286556936409,0.157467569598072,-0.0824126152429948,0.0133459554575361,7,0,0,0.541136397937743
"10017","Lamp5","PUDP",-0.0337529864123468,0.0409123905070121,0.409367923841978,-0.113939798327529,0.0464338255028354,7,2.4419790778358e-06,0.0186203468272557,0.770066858703021
"10018","Lamp5","NELFA",-0.0119694028522758,0.0313054193322267,0.702207084305247,-0.0733268972643641,0.0493880915598125,7,0,0,0.908644722052202
"10019","Lamp5","CNTFR",0.0353254298309687,0.0382750894577128,0.356040941592357,-0.0396923670111972,0.110343226673135,7,0,0,0.732294203682725
"10020","Lamp5","DCBLD2",0.0232042486705147,0.034669219862064,0.503301554746032,-0.0447461736312314,0.0911546709722609,7,0,0,0.822278216591144
"10021","Lamp5","RNFT2",-0.058092594818341,0.0315014924040784,0.0651653640527785,-0.119834385389597,0.00364919575291466,7,0,0,0.372342373964251
"10022","Lamp5","ALS2",0.0128950822572901,0.0267067501650978,0.629209479538398,-0.0394491862104106,0.0652393507249909,7,0,0,0.88191549991279
"10023","Lamp5","ORC3",0.03030742302913,0.0272329504514506,0.265753391497108,-0.0230681790484771,0.083683025106737,7,0.000239223541752714,4.2081075116524,0.654477926053113
"10024","Lamp5","NDUFAF6",0.0450146733063017,0.0309463771236241,0.145779376318964,-0.0156391113079958,0.105668457920599,6,0,0,0.522269692067356
"10025","Lamp5","RPH3A",-0.0393454249614332,0.0278123925604836,0.157164561543637,-0.0938567127038708,0.0151658627810045,7,0,0,0.540872227769886
"10026","Lamp5","ARHGAP39",-0.0940511149408192,0.0376909405287509,0.0125842105231883,-0.167924000920612,-0.0201782289610263,7,0,0,0.181789091051703
"10027","Lamp5","ITGAV",0.128252643816359,0.0421959771871016,0.00237009031319903,0.0455500482371659,0.210955239395552,7,8.80742700738482e-07,0.006074498857065,0.0833125240184361
"10028","Lamp5","LINC00960",-0.00470419042824766,0.0953925037425454,0.960669025123608,-0.191670062158739,0.182261681302244,5,5.06882301413342e-07,0.000975790479646204,0.99402737661308
"10029","Lamp5","SLC1A2",0.0201731590029907,0.0453648734202695,0.656546132010673,-0.0687403590639559,0.109086677069937,7,3.3285112694228e-07,0.00208954822874979,0.892600776711128
"10030","Lamp5","RAB3C",0.0198460964363267,0.038319116312396,0.604516641579204,-0.0552579914553707,0.0949501843280241,7,0.00208395329822344,20.8668329530438,0.868954715361638
"10031","Lamp5","CDYL",0.00698708990465277,0.0328164719997204,0.831393957106771,-0.0573320133144663,0.0713061931237718,7,0,0,0.955931192485326
"10032","Lamp5","MTX2",-0.0011201382004699,0.0296793296367537,0.96989390067864,-0.0592905553737995,0.0570502789728596,6,0,0,0.995855798622175
"10033","Lamp5","PPA1",-0.0176327125134444,0.0550826027323874,0.748881910109659,-0.125592630043651,0.0903272050167625,7,0.00562934535567977,28.7374678007033,0.925194087086923
"10034","Lamp5","ZNF345",0.149356932953109,0.0386420193757995,0.000111024105922273,0.0736199666866426,0.225093899219575,7,4.43018988524875e-06,0.0365001087277241,0.0221289547120744
"10035","Lamp5","PRIMPOL",0.0695657127412576,0.0533595171668115,0.192330071156109,-0.0350170191381397,0.174148444620655,6,0.00636142476665551,39.45754721828,0.586155790253799
"10036","Lamp5","DPY30",-0.0434081340254395,0.0340590848819041,0.202488036889926,-0.110162713740364,0.0233464456894851,7,0,0,0.593100698092191
"10037","Lamp5","SMG9",0.0200307135395178,0.0351453882104507,0.568719339689744,-0.0488529815756441,0.0889144086546797,7,0,0,0.85385658457316
"10038","Lamp5","CDS2",0.0161200668041776,0.0252911792373614,0.523877996748564,-0.0334497336275979,0.0656898672359532,7,0,0,0.832565709384197
"10039","Lamp5","SCGB2B2",0.0132841483977752,0.0418123320339895,0.750705788909806,-0.0686665164984745,0.0952348132940249,7,0.000222127109386231,1.59768571246615,0.925975950944022
"10040","Lamp5","SERPINI1",-0.105421502515233,0.0365462725272347,0.00391907017509323,-0.177050880437798,-0.0337921245926672,7,0,0,0.105797201408442
"10041","Lamp5","CEP57L1",0.0393981255428645,0.0334447758664347,0.238794465717,-0.0261524306263618,0.104948681712091,7,0,0,0.629295508045306
"10042","Lamp5","QRICH1",-0.0813301106698021,0.0343887392431639,0.0180290200010676,-0.148730801060142,-0.0139294202794617,7,3.78742384609237e-06,0.0391017941016742,0.215393656536231
"10043","Lamp5","MAP4K3-DT",0.0823375783209336,0.0327437454580036,0.0119165891768916,0.0181610165042995,0.146514140137568,5,0,0,0.17747259024464
"10044","Lamp5","TM9SF4",-0.0144805574924136,0.0266487472408901,0.586864028677795,-0.0667111423176694,0.0377500273328422,7,0,0,0.860613969216155
"10045","Lamp5","PARP1",0.0125240402659854,0.0363296966441716,0.730295211234239,-0.0586808567258566,0.0837289372578274,7,3.94306633847887e-06,0.0361292936583404,0.91930803926833
"10046","Lamp5","WDR26",0.0300477659941183,0.0367148778531734,0.413124002702201,-0.0419120722948888,0.102007604283125,7,0.00192751933776924,21.1789194131561,0.771625852727355
"10047","Lamp5","HSPA5",-0.146481589763652,0.0628934775126365,0.0198568078686615,-0.2697505405509,-0.0232126389764051,7,0,0,0.225381313797281
"10048","Lamp5","FOXJ3",0.0218239419106634,0.0235494998719813,0.354068636149959,-0.0243322296923506,0.0679801135136774,7,0,0,0.731238895037161
"10049","Lamp5","CACYBP",0.0861554727964919,0.0606250677212523,0.155281989017805,-0.0326674764974643,0.204978422090448,7,1.07449676566151e-06,0.00374754712395677,0.537333664661734
"10050","Lamp5","GPBP1L1",0.0298091073784099,0.0317383233816737,0.347620401780137,-0.0323968633793561,0.0920150781361759,7,0,0,0.727197462659946
"10051","Lamp5","RFX3",0.108520119767776,0.0439268003700893,0.0134933255183313,0.0224251730863207,0.194615066449232,7,0.00318033373030841,24.4723785209215,0.185968421875418
"10052","Lamp5","SCN1B",-0.037831341159944,0.0509956653234305,0.458175764912755,-0.137781008561526,0.0621183262416379,7,0,0,0.798390285902103
"10053","Lamp5","RWDD1",-0.0681068016835464,0.0524885073612169,0.194439792731581,-0.170982385713797,0.0347687823467043,7,0.00440710549034004,24.0202696689634,0.587583280058094
"10054","Lamp5","EIF2A",0.0129838196780704,0.0400067245143898,0.745528538133176,-0.0654279195095492,0.09139555886569,7,0.000614427861854128,4.90820889992675,0.923981530672427
"10055","Lamp5","CAMK2G",-0.0643129559930602,0.0294844132318379,0.0291647307788866,-0.122101344032759,-0.00652456795336168,7,0.000701488119613662,11.0320837050919,0.265434562697645
"10056","Lamp5","ZNF277",0.0252820086971535,0.0357380521144315,0.479302106803475,-0.0447632863247477,0.0953273037190547,7,0,0,0.810287517000673
"10057","Lamp5","ADAM17",0.0180733127150233,0.0291667233592553,0.535484795721361,-0.0390924146161602,0.0752390400462067,7,0,0,0.838311647078382
"10058","Lamp5","TPD52L2",-0.061985990219747,0.0366020557208413,0.0903582104702288,-0.133724701192724,0.00975272075323014,7,0,0,0.430172706613641
"10059","Lamp5","PNN",-0.12398626154885,0.0402179534915347,0.00205022585538689,-0.202812001924165,-0.0451605211735348,7,0,0,0.0788381061240252
"10060","Lamp5","CCDC85B",-0.0989859811880187,0.0684163025226695,0.147947727119829,-0.233079470087848,0.0351075077118103,6,0,0,0.526805492887568
"10061","Lamp5","BEX5",-0.231293968878628,0.0951821370624225,0.0150982206823385,-0.417847529492531,-0.0447404082647249,6,0.00929974934501871,16.8934923537709,0.196902531232373
"10062","Lamp5","USP45",0.135248309092171,0.0389056061542574,0.000508346688828867,0.0589947222331268,0.211501895951216,7,0,0,0.0450319855681809
"10063","Lamp5","NIPA1",-0.0432766875425947,0.0350399182378266,0.216805135979242,-0.111953665309963,0.0254002902247736,7,0.000420834781004018,4.4670772008131,0.607283648398929
"10064","Lamp5","MTERF4",-0.0413619740137471,0.0346914367317411,0.233150707570116,-0.109355940579909,0.0266319925524153,6,0,0,0.623486995608806
"10065","Lamp5","DNAH6",0.039352890541063,0.0424123216636934,0.353477825583163,-0.0437737324205039,0.12247951350263,7,0,0,0.73118383209935
"10066","Lamp5","PAICS",0.0504873689235916,0.0482243508731573,0.295133305998531,-0.0440306219656193,0.145005359812803,6,0.00357674131309202,26.3753930597572,0.685669064004994
"10067","Lamp5","ATP11C",0.00659442271857759,0.0343140360349105,0.847602323864613,-0.0606598520740567,0.0738486975112119,7,0,0,0.959711815101014
"10068","Lamp5","RBM33",0.03359436735507,0.0259796903665025,0.195976079251442,-0.0173248900927771,0.0845136248029172,7,0,0,0.588272573234939
"10069","Lamp5","DDX5",0.0264985972498162,0.0304250430081925,0.383783140618453,-0.0331333912743232,0.0861305857739556,7,0,0,0.753144499287181
"10070","Lamp5","ABHD6",-0.0129211473358576,0.0415431872088063,0.755778367541544,-0.094344298068123,0.0685020033964079,7,0.00402559930400462,36.9301046632559,0.926555528105898
"10071","Lamp5","PREX2",-0.0277201937507555,0.0396078945139237,0.484011385872758,-0.105350240501507,0.0499098529999965,7,0,0,0.812496136694637
"10072","Lamp5","UFSP2",-0.0156572913694328,0.0362664209581591,0.665937872194667,-0.0867381702955933,0.0554235875567276,7,0,0,0.89627405464491
"10073","Lamp5","R3HCC1L",0.00530053061675715,0.0405234942484283,0.895932399149589,-0.0741240586378784,0.0847251198713927,7,0.00198888281121081,17.4969010678194,0.976413248304476
"10074","Lamp5","MTFR1",-0.0548307407150668,0.0617383453412435,0.374478980657495,-0.175835674049,0.0661741926188666,6,0.00502380849229912,22.3565314628058,0.746026008609525
"10075","Lamp5","PDE1B",0.00890153276782661,0.0385827615289221,0.81753801290812,-0.0667192902529583,0.0845223557886115,7,0.000313858930953469,2.67896869307121,0.950417319968123
"10076","Lamp5","USP25",0.0179565789910706,0.0319862513330871,0.574535591403977,-0.0447353216222264,0.0806484796043675,7,0,0,0.856247790013208
"10077","Lamp5","NOVA1",0.0634656393064037,0.0350674665614693,0.0703244265296476,-0.0052653321831387,0.132196610795946,7,0.00169530047943697,20.2525504579437,0.385313666944408
"10078","Lamp5","KLHL20",0.0433664765830927,0.0345800071166186,0.209808922017789,-0.0244090919506185,0.111142045116804,7,0,0,0.599833827016672
"10079","Lamp5","URI1",0.00805124649279212,0.0308016530499238,0.793791707765077,-0.0523188841493568,0.0684213771349411,7,0.000778352460069931,11.2936818258973,0.941761412020095
"10080","Lamp5","MED10",0.0287656421276858,0.0817062831242271,0.724792090029784,-0.131375730106432,0.188907014361804,7,0.0183208987726314,47.2459065256058,0.917129256657094
"10081","Lamp5","AMN1",-0.00915457033530899,0.0268817769118248,0.733442902141988,-0.061841884922926,0.043532744252308,7,0,0,0.920044423350121
"10082","Lamp5","TBC1D23",0.0308434107094073,0.0268072724441825,0.249912754511729,-0.0216978778049434,0.083384699223758,7,0,0,0.6406636487943
"10083","Lamp5","PLXDC2",0.0407506601974609,0.0691918523995707,0.555893664088746,-0.0948628785293089,0.176364198924231,7,4.47471331519634e-06,0.0123076141261201,0.849033503044357
"10084","Lamp5","MRPL3",-0.0830495373723942,0.0360834551436201,0.0213579638227933,-0.153771809891656,-0.0123272648531322,6,0,0,0.231671516927305
"10085","Lamp5","RPL32",-0.0289974408924666,0.0718452962202163,0.686499931360819,-0.169811633942702,0.111816752157769,7,0,0,0.903181005962289
"10086","Lamp5","TMEM30A",-0.0115429161936746,0.046839168467028,0.805343768484642,-0.103345999454854,0.0802601670675045,7,0.00422413455348765,30.9782646583065,0.946083351042798
"10087","Lamp5","ACAT1",-0.0248065986743896,0.0300178610108449,0.408580277512099,-0.0836405251485747,0.0340273277997955,6,4.26602139710691e-06,0.0676270041175933,0.769644856022005
"10088","Lamp5","STAT1",0.0607798445241076,0.0792583824280349,0.443166548454451,-0.094563730507743,0.216123419555958,7,0,0,0.789496392228061
"10089","Lamp5","HIBADH",0.0438749545285294,0.0420991071772339,0.297327055522015,-0.0386377793201408,0.1263876883772,6,0.00211886829258694,20.0257400388149,0.687718038214807
"10090","Lamp5","ARFGAP3",-0.00921583064444021,0.0328380258933437,0.778982630503048,-0.0735771787187876,0.0551455174299071,7,2.6358521881146e-07,0.00303162954583781,0.935790784300726
"10091","Lamp5","SMC3",0.10066810762775,0.0313445045162579,0.00131967291025784,0.0392340076626317,0.162102207592869,7,7.57069110650134e-08,0.000935742771806844,0.0638946086387591
"10092","Lamp5","TBL1XR1",0.0182261467460174,0.0295009609471621,0.536697058581931,-0.0395946742197429,0.0760469677117777,7,0,0,0.839104775803267
"10093","Lamp5","BRK1",-0.0281497116435319,0.0609878758381346,0.644395148179623,-0.147683751779876,0.0913843284928124,7,0.00505484145794713,20.0758536569476,0.886929185222919
"10094","Lamp5","GPR22",-0.000643627390371542,0.056669735604927,0.990938208694863,-0.111714268189436,0.110427013408693,7,4.0951176198079e-06,0.0159795648408164,0.998620547550507
"10095","Lamp5","TRPC3",-0.32771197351527,0.121962319955258,0.00720983335447462,-0.566753728098527,-0.0886702189320141,7,0.0714749132378168,74.6497079490872,0.142752313056559
"10096","Lamp5","ALG5",0.0265287514243736,0.0329499309426941,0.42074863146019,-0.0380519265163887,0.0911094293651358,7,0,0,0.775664079487038
"10097","Lamp5","RBM25",-0.0489497573590079,0.0325597649256976,0.132740622180857,-0.112765723958466,0.0148662092404497,7,0.00135067513444969,18.5540853383362,0.502197121373258
"10098","Lamp5","CTDSPL2",0.0103849026198949,0.0362704037350432,0.774633872712426,-0.0607037824055169,0.0814735876453067,7,0.0029975540328445,36.7511351967452,0.934135907116033
"10099","Lamp5","ZNF718",-0.00542983064584096,0.0338007850416883,0.872375258245097,-0.0716781519767303,0.0608184906850484,7,0,0,0.968577940382375
"10100","Lamp5","ATP7B",-0.000940569464459285,0.0345749672916074,0.978297208645136,-0.0687062601226601,0.0668251211937416,7,0,0,0.997093441046833
"10101","Lamp5","SCN3A",0.140886992930913,0.0306839461934938,4.3995797498483e-06,0.0807475634881007,0.201026422373726,7,0,0,0.00737411078792684
"10102","Lamp5","USPL1",0.0850584084115967,0.0401351333919356,0.0340650791270327,0.00639499244869195,0.163721824374501,7,0,0,0.287294979746251
"10103","Lamp5","POLD3",0.0890667351147304,0.0447388031925753,0.046501095352745,0.00138029214585732,0.176753178083604,7,0.00289494308315513,21.49529319446,0.324260407768792
"10104","Lamp5","MECP2",-0.0128831349782031,0.0284377998715214,0.650528190082122,-0.0686201985259427,0.0428539285695366,7,0,0,0.889738157224085
"10105","Lamp5","SLC25A37",-0.0141224635831512,0.0387813802977207,0.715741689671865,-0.090132572237435,0.0618876450711326,6,0,0,0.914462798800233
"10106","Lamp5","AGPAT5",-0.013329493987476,0.0301499391090172,0.658411902627808,-0.0724222887772253,0.0457633008022733,6,0,0,0.892964921996311
"10107","Lamp5","NUDC",0.017700174329118,0.046765984454208,0.705071117685392,-0.0739594709026898,0.109359819560926,7,1.3708154062112e-06,0.00800595158075512,0.910144531473291
"10108","Lamp5","TRNT1",-0.021750746487312,0.058433298864621,0.709720087126956,-0.136277907759834,0.0927764147852103,6,0.00590579035682992,30.1935966571451,0.912274097920567
"10109","Lamp5","PTMS",0.0410002253852621,0.0611772237584621,0.50273811772312,-0.0789049298554717,0.160905380625996,7,0.00253509343432906,9.15508323920786,0.822278216591144
"10110","Lamp5","WDR43",0.0113814952139661,0.0307604053846246,0.711378972757604,-0.0489077914897501,0.0716707819176822,7,0,0,0.913201066467173
"10111","Lamp5","IPMK",0.0214237594613769,0.0418552489627075,0.608753480773695,-0.0606110210694872,0.103458539992241,7,0.00260969620550851,22.3478366541549,0.872179570692778
"10112","Lamp5","MAST4",0.00612688388003109,0.0296025364437971,0.836032050091033,-0.0518930214008456,0.0641467891609078,7,0,0,0.958003625387149
"10113","Lamp5","ZC3H15",0.0558283460135939,0.0312027821342434,0.0735809182578628,-0.00532798318697299,0.116984675214161,7,0,0,0.391787266894827
"10114","Lamp5","ERC1",0.041548626514611,0.0258587538337867,0.108108594262058,-0.00913359968469804,0.0922308527139201,7,0,0,0.462647066984863
"10115","Lamp5","CEP68",-0.0739001414236567,0.0319574690758187,0.0207527391008263,-0.136535629849314,-0.0112646529979995,7,9.04192386560904e-07,0.0110492062718916,0.22867109709499
"10116","Lamp5","RNF170",0.0443205205699502,0.0284769455056622,0.119621328993072,-0.0114932670108575,0.100134308150758,7,0,0,0.478445308838845
"10117","Lamp5","HSPD1",0.0441836832876157,0.0889886352437295,0.619535141046255,-0.130230836823466,0.218598203398697,6,0.0257317378648571,60.049995958244,0.877471007323414
"10118","Lamp5","HNRNPH3",0.0441420847028226,0.0279134713803273,0.113788890918106,-0.0105673138861085,0.0988514832917536,7,0,0,0.469877796733769
"10119","Lamp5","TUBGCP5",-0.111708720902566,0.0375107072535179,0.00290089687799875,-0.185228356154087,-0.0381890856510458,7,0,0,0.0900947102885028
"10120","Lamp5","HPCAL1",0.0250162095852155,0.0372550928326911,0.501912063734356,-0.0480024306075554,0.0980348497779863,7,0,0,0.822107574858433
"10121","Lamp5","PEBP1",0.0325322919711069,0.0578076711783415,0.573593056034625,-0.0807686615685766,0.14583324551079,7,0,0,0.856247790013208
"10122","Lamp5","NASP",-0.0728832880628806,0.0315396900526986,0.0208415002444453,-0.134699944649726,-0.0110666314760352,7,3.92185735369893e-07,0.00489668687960308,0.228873738680736
"10123","Lamp5","SLC38A9",-0.0261862716944596,0.0289258825253963,0.365312514254011,-0.0828799596652729,0.0305074162763537,7,0,0,0.737993677404189
"10124","Lamp5","NOL10",0.020937236861078,0.0496588639188256,0.673301425779304,-0.0763923479329958,0.118266821655152,7,0.00825480955017506,58.5441177868705,0.899461281868709
"10125","Lamp5","ZNF682",0.0397551915720676,0.0585393102379309,0.497062099473513,-0.0749797481740939,0.154490131318229,7,0.00815035606599174,37.1740799719316,0.819460387042147
"10126","Lamp5","SIN3A",0.0254683058391815,0.0402048178162904,0.526430664390151,-0.0533316890857419,0.104268300764105,7,0.00142041496557847,12.1196445668496,0.834183690929086
"10127","Lamp5","SEC24A",-0.0366716708500556,0.0315490765982802,0.245085581078198,-0.0985067247281803,0.0251633830280691,7,0,0,0.636602338199387
"10128","Lamp5","AGO1",-0.00671952117103133,0.0316331890590487,0.831779404979832,-0.0687194324429133,0.0552803901008506,7,2.22570135489598e-06,0.0279139387093572,0.956006718323288
"10129","Lamp5","IMMT",-0.0487106603827078,0.0309349927751754,0.115345661402972,-0.109342132084058,0.0119208113186428,6,0.000168776534299461,2.70791874375202,0.472080343846045
"10130","Lamp5","RIPOR1",-0.0402962558536572,0.0354054889013808,0.255063764566211,-0.109689738955396,0.0290972272480817,5,0,0,0.645993712201372
"10131","Lamp5","PSMG2",0.0716986155898689,0.0526632989713051,0.173370521552067,-0.0315195537009544,0.174916784880692,7,0.00822501627385138,49.4168732155828,0.563866757476521
"10132","Lamp5","NCBP1",0.0393237419749646,0.0321757636270634,0.221649351436517,-0.0237395959091536,0.102387079859083,7,0,0,0.611889333755611
"10133","Lamp5","PIGU",-0.0598938584044209,0.0333612591167462,0.0726040539415582,-0.125280724752152,0.00549300794331004,7,1.35611983206909e-06,0.0154704150336929,0.389808779700079
"10134","Lamp5","KCTD1",0.0597601789993743,0.070712461127927,0.398046496655408,-0.078833698069551,0.1983540560683,7,0.0165684805226265,56.0908094588003,0.762061134173792
"10135","Lamp5","USP54",-0.0056717329040834,0.051500761225262,0.912306983572753,-0.106611370081994,0.095267904273827,7,0.00825808884877877,50.576616727282,0.980543135750783
"10136","Lamp5","TPR",-0.0182404217976908,0.0379720609555873,0.630968387468886,-0.0926642936894014,0.0561834500940199,7,0.00217053621143702,22.7829492960989,0.882993296421211
"10137","Lamp5","GNA12",0.0137715003066447,0.0287818214955414,0.632309239851152,-0.0426398332340772,0.0701828338473666,7,0,0,0.882993296421211
"10138","Lamp5","MCCC2",-0.0819769221504711,0.0335296911484024,0.0144890150308582,-0.147693909214091,-0.016259935086851,6,0,0,0.192265888474651
"10139","Lamp5","PABPN1",-0.121571140066599,0.0630069380428926,0.0536702902863211,-0.245062469406815,0.0019201892736173,5,0,0,0.34489145703069
"10140","Lamp5","ACADM",-0.0354019992163064,0.0356868069417796,0.321188138401375,-0.105346855545428,0.0345428571128156,6,0,0,0.706082527048171
"10141","Lamp5","NDUFAF7",0.0141967456662354,0.0306065460698239,0.642757575743049,-0.0457909823217854,0.0741844736542562,6,0,0,0.886703736972112
"10142","Lamp5","CCT5",-0.00481546751407347,0.0854379374717126,0.95505329338623,-0.172270747872015,0.162639812843868,7,0.0221680083093086,52.1952692505616,0.99239571948961
"10143","Lamp5","NELL2",0.218317509257053,0.050100617626566,1.3150771819085e-05,0.120122103105771,0.316512915408335,7,0.000521946724890171,2.68912024490082,0.00982938001152736
"10144","Lamp5","MEF2C",0.0431075694269582,0.0405765592254482,0.28806494929395,-0.0364210252714768,0.122636164125393,7,0.00385787267007485,37.926156751507,0.677807151594677
"10145","Lamp5","USP12",0.00352765591739726,0.0381502686300331,0.926326696091041,-0.0712454965979959,0.0783008084327904,7,0.00134834159284224,12.9715687708566,0.983649144716949
"10146","Lamp5","COPB1",-0.00413788341491711,0.0374805184050466,0.912091429864003,-0.077598349610699,0.0693225827808648,7,0.00170621351766849,17.596608463236,0.980543135750783
"10147","Lamp5","RPL13",-0.0536149311092669,0.0612391444089501,0.381301375762838,-0.173641448594856,0.0664115863763227,7,0,0,0.75160427769042
"10148","Lamp5","GDAP1L1",-0.0426789399151824,0.0335106000904403,0.202806909050582,-0.10835850919277,0.0230006293624053,7,0,0,0.593144491400319
"10149","Lamp5","HDAC2",0.0183912978207562,0.0394121234447576,0.640757018213871,-0.0588550446852154,0.0956376403267278,7,0.00275772092195849,27.6942550718248,0.885771954782069
"10150","Lamp5","TMEM74B",-0.0190924941573563,0.0422959616236787,0.651699629363752,-0.101991055631255,0.0638060673165423,7,9.4452380710826e-07,0.00653824480429779,0.889914575420899
"10151","Lamp5","SYNRG",0.0273851506144573,0.0286866083941745,0.339763894495832,-0.0288395686767291,0.0836098699056436,7,0,0,0.720558378912232
"10152","Lamp5","TBC1D9B",-0.0667476557504505,0.0329759105143416,0.0429563845553823,-0.131379252715976,-0.00211605878492518,7,0.000125124851939436,1.44514157294873,0.312931224147558
"10153","Lamp5","HNRNPL",-0.107818177725799,0.0368609031202701,0.00344455139150819,-0.180064220279148,-0.0355721351724491,7,3.52625119057438e-07,0.00311424089831511,0.0991360454196024
"10154","Lamp5","ZNF675",0.0776205843539172,0.0397600481270586,0.0509114244741121,-0.000307677998696868,0.155548846706531,7,1.7245977276654e-06,0.0132969549554154,0.337671119783235
"10155","Lamp5","NNMT",-0.307408273738714,0.109012193378309,0.0048032040444219,-0.521068246635914,-0.0937483008415133,7,0.0330725477603346,43.2277483808283,0.118132413463721
"10156","Lamp5","RPS6KB1",0.00557179157977806,0.0327614661992787,0.864953909527556,-0.0586395022515346,0.0697830854110907,7,0.000191045272159246,2.25269623845372,0.966919782985761
"10157","Lamp5","SCOC",0.0605909350147021,0.0650147237530915,0.351358683719629,-0.0668355820061781,0.188017452035582,7,0.00500267168143236,17.1143448190592,0.72969127366908
"10158","Lamp5","SLC29A4",-0.187588552781149,0.0578680391230836,0.0011883538083721,-0.301007825318348,-0.0741692802439508,7,0.00795836351472631,38.2559517571379,0.0600046589124119
"10159","Lamp5","CKMT2-AS1",0.0168257729295834,0.039394085067544,0.669296154352517,-0.06038521500671,0.0940367608658768,7,0,0,0.897891293405697
"10160","Lamp5","ELF2",0.0413372751229086,0.0277804443804691,0.136751141545587,-0.013111395337329,0.0957859455831463,7,0,0,0.509388083895069
"10161","Lamp5","UCK2",-0.0376095141971509,0.032300319128539,0.244274204971899,-0.100916976378238,0.0256979479839358,7,0,0,0.636382241124551
"10162","Lamp5","PSMD7",-0.0782818158301578,0.0445455612211004,0.0788594175405735,-0.165589511494639,0.00902587983432308,7,0,0,0.405843321379927
"10163","Lamp5","CWC22",-0.0174603318641335,0.0320880391745139,0.586346289651408,-0.080351732980691,0.0454310692524241,7,0,0,0.860479719427699
"10164","Lamp5","CHMP5",0.0260536919371635,0.050697621678174,0.607319367746975,-0.0733118206538946,0.125419204528222,7,0.00308005914284092,17.3728271285917,0.871554095571081
"10165","Lamp5","ALG14",0.0222529836549189,0.0390016579089392,0.568294502224731,-0.0541888611839536,0.0986948284937914,7,0,0,0.853511583813389
"10166","Lamp5","TSPAN5",0.0172452714897223,0.0274393994228422,0.529685779648431,-0.0365349631364575,0.0710255061159022,7,0,0,0.83539935843094
"10167","Lamp5","MLEC",0.0136147209907701,0.0415011352553821,0.742868873978354,-0.0677260094273044,0.0949554514088445,7,0.00208896154633033,17.5935709783802,0.923731562184063
"10168","Lamp5","ISCA1",-0.10612804170798,0.0676178634499958,0.11652526438554,-0.238656618781519,0.0264005353655588,6,0.011298234041211,46.8486499322101,0.473561011652999
"10169","Lamp5","DHX36",0.00258716899301932,0.0234971900534461,0.912325735554725,-0.0434664772496278,0.0486408152356664,7,0,0,0.980543135750783
"10170","Lamp5","MSL1",-0.0872269457450555,0.0313419988403105,0.00538473510647066,-0.14865613467556,-0.0257977568145507,7,0,0,0.125255090976941
"10171","Lamp5","CCDC28A",-0.0212655467485775,0.0355146308408444,0.549317796422623,-0.0908729441208679,0.048341850623713,7,0,0,0.844764971297428
"10172","Lamp5","DNAJA4",0.0873335314230012,0.0565402778974515,0.122436975511123,-0.0234833769318897,0.198150439777892,7,0,0,0.483792114801566
"10173","Lamp5","PTCH2",-0.090674442153448,0.0378233212567381,0.0165156867517736,-0.164806789592343,-0.0165420947145531,7,1.80707986883106e-06,0.0155373856801621,0.206238639985863
"10174","Lamp5","KIAA0586",0.0262872211528983,0.0257543334834264,0.307400772369291,-0.0241903449204514,0.076764787226248,7,0,0,0.6957260731822
"10175","Lamp5","SENP2",-0.0269662907456721,0.025458048752199,0.289488575484515,-0.0768631494166469,0.0229305679253027,7,0,0,0.679396492669073
"10176","Lamp5","CALU",-0.000859766853246295,0.0322178967442933,0.978710178034992,-0.0640056841296915,0.0622861504231989,7,0,0,0.997093441046833
"10177","Lamp5","TATDN1",0.125292954384121,0.0353560746170514,0.000394484826772116,0.0559963214999899,0.194589587268253,7,4.11050131130899e-07,0.00415805013863496,0.0408266821534032
"10178","Lamp5","NSA2",0.065893257963374,0.047737590263488,0.167487447468906,-0.0276706996617925,0.15945721558854,7,0,0,0.555304237394136
"10179","Lamp5","CELF2",0.109716632060366,0.0350450471334258,0.00174371520773276,0.0410296018423426,0.178403662278389,7,0,0,0.0734263738354791
"10180","Lamp5","NBN",-0.013736755061496,0.0346686400218395,0.691935365489483,-0.0816860408972854,0.0542125307742934,7,0,0,0.905147127093495
"10181","Lamp5","SUCLA2",-0.140726976294647,0.0527069676170751,0.00758539353528572,-0.244030734558433,-0.0374232180308605,6,0.00824662273693525,54.2478959936689,0.146311626191069
"10182","Lamp5","BMPR1A",0.0917838613415797,0.0299554390953463,0.00218389260690989,0.033072279573618,0.150495443109541,7,0,0,0.0816161615188604
"10183","Lamp5","SLC4A10",0.00824902122703918,0.0232340327304758,0.722559294698936,-0.0372888461403183,0.0537868885943966,7,0,0,0.916060917780033
"10184","Lamp5","PDCD10",0.0132541397577703,0.0326154021903066,0.684465831383685,-0.0506708738765195,0.07717915339206,7,8.75231251840561e-07,0.0101961909892302,0.903181005962289
"10185","Lamp5","ATP8A2",0.0290306049231456,0.0434762062618427,0.504302465711364,-0.0561811935345008,0.114242403380792,7,0.00451262734326668,36.8040480481882,0.822278216591144
"10186","Lamp5","TOR1AIP1",0.00338664899569739,0.0341471934273569,0.920996973666033,-0.063540620295045,0.0703139182864398,7,0,0,0.982375103729229
"10187","Lamp5","UBE2QL1",0.00985358662878986,0.0393675474984448,0.802357527165421,-0.0673053886278319,0.0870125618854116,7,0,0,0.944986573505148
"10188","Lamp5","DPYD",0.0572113346899609,0.0624468853480388,0.359583013684831,-0.0651823115388972,0.179604980918819,7,0.00423163483415963,15.4950914991556,0.73483363923243
"10189","Lamp5","WBP1L",0.0328717843016892,0.0410047105107586,0.422750392717689,-0.0474959714958886,0.113239540099267,7,0.00285850374265779,25.8566627092135,0.777078380957708
"10190","Lamp5","DGKH",0.02761921665391,0.0402060259527829,0.492119141119293,-0.0511831461750272,0.106421579482847,7,0.00211611591875321,19.0051031223513,0.816204797966937
"10191","Lamp5","C2CD3",-0.00686825306424411,0.0318686848942478,0.829364022052853,-0.0693297276916255,0.0555932215631373,7,0,0,0.955256723003559
"10192","Lamp5","ABHD18",-0.0330499685901301,0.0363862633249494,0.363715015880854,-0.104365734239021,0.0382657970587613,7,0.00139566092317425,14.9520052173388,0.737658430833555
"10193","Lamp5","HERC2",-0.0440677749144623,0.0395504299082237,0.265185957087492,-0.121585193107657,0.033449643278732,7,0.00430967592933277,45.5595580721895,0.654477926053113
"10194","Lamp5","TOMM20",-0.0279955222516139,0.04468584562486,0.530989385160528,-0.115578170295056,0.0595871257918284,6,1.52657739118909e-07,0.0011262528881344,0.836099985789352
"10195","Lamp5","VIRMA",-0.0304817971332046,0.0370931315876244,0.411211273214565,-0.103182999118753,0.0422194048523444,5,0.00147574863490042,21.2743887032113,0.770723852721724
"10196","Lamp5","ZNF253",0.0252469977625106,0.044965327521646,0.574472396817767,-0.0628834247329631,0.113377420257984,7,0.00255667487989382,18.3565148699844,0.856247790013208
"10197","Lamp5","SYNGAP1",-0.0528412046606224,0.0429919478751173,0.219036045836773,-0.137103874121076,0.0314214647998309,7,0.00234496731424104,18.5359992595647,0.608563630437471
"10198","Lamp5","NFXL1",0.00314509289890202,0.0386734048355975,0.935183939948325,-0.0726533877384062,0.0789435735362103,7,0.00184912592272117,17.9305640992175,0.985536194734052
"10199","Lamp5","FMNL2",0.0219886262753693,0.0292826792391822,0.452707446356229,-0.0354043704042665,0.0793816229550051,7,0,0,0.7951327390625
"10200","Lamp5","SLC4A3",-0.0389988713392791,0.0455865162587725,0.392279178896422,-0.128346801387123,0.0503490587085646,7,0.00205696072414976,13.8255187625313,0.75824578962701
"10201","Lamp5","BRD8",-0.0623248888185057,0.0326191162304716,0.0560449445986301,-0.126257181837756,0.00160740420074466,7,0,0,0.350034493553454
"10202","Lamp5","ISCU",-0.0511765909624075,0.0939059808865752,0.585769400701578,-0.235228931433002,0.132875749508187,6,0.0224670907350511,47.524300883831,0.860227669513484
"10203","Lamp5","SDHC",-0.063230023420048,0.0377871225798104,0.0942639243413625,-0.137291422755877,0.0108313759157807,6,0,0,0.43681170653242
"10204","Lamp5","ZDHHC17",0.054014040250714,0.0270804791127671,0.0460892781862909,0.000937276505601228,0.107090803995827,7,0.000503405193065433,9.24054690514472,0.32319512727345
"10205","Lamp5","EPDR1",0.0114403604751137,0.0434740431736624,0.792432023935894,-0.0737671984076039,0.0966479193578314,7,2.56166433017661e-07,0.00172053246805177,0.940925361704199
"10206","Lamp5","SNX25",0.042921216907292,0.0295512733127719,0.146381506058852,-0.0149982144830406,0.100840648297625,7,0,0,0.523028512386558
"10207","Lamp5","RAN",-0.054772912317733,0.0608945398715688,0.368401489270544,-0.174124017321146,0.0645781926856802,7,0.00104826724543571,3.56228290842572,0.740705011800005
"10208","Lamp5","RHOBTB3",0.131592521786309,0.0379241721943774,0.000520680963774512,0.0572625101418339,0.205922533430784,7,3.13979714023329e-06,0.027773804252188,0.0452902827819608
"10209","Lamp5","ARSB",-0.0572079703594657,0.0355095292727282,0.107166718439381,-0.126805368841984,0.0123894281230524,7,0,0,0.46144116101557
"10210","Lamp5","DDI2",0.0472260006075928,0.0534882771807538,0.377278174281083,-0.0576090962617803,0.152061097476966,7,0.00849288469394587,49.1527792035546,0.747951570345198
"10211","Lamp5","FASTKD2",-0.0106685449460519,0.0295058809400235,0.717670762887091,-0.0684990089206248,0.0471619190285211,6,8.38817728543123e-06,0.136166689835216,0.914692242617958
"10212","Lamp5","CSMD1",-0.00960567533221272,0.0341984304193173,0.778801988103668,-0.0766333672818737,0.0574220166174483,7,0,0,0.935767404373733
"10213","Lamp5","RBM28",0.0359957202830288,0.0277215771785868,0.194124838551398,-0.0183375725816488,0.0903290131477063,7,0,0,0.587583280058094
"10214","Lamp5","TUSC3",0.0621720978797482,0.0283628970183342,0.0283779088796554,0.00658184122659469,0.117762354532902,7,0,0,0.263422594456801
"10215","Lamp5","MIR4300HG",-0.128149420453821,0.139388303743049,0.35790209172253,-0.401345475656327,0.145046634748685,7,0.0804896080653462,66.2928710944829,0.734070103206193
"10216","Lamp5","NR6A1",0.0130386262058063,0.0350455299446988,0.709856965374592,-0.0556493503049233,0.0817266027165359,7,0,0,0.912274097920567
"10217","Lamp5","TRMT10B",-0.0394253863408206,0.0425931462077286,0.354639610325234,-0.122906418896218,0.0440556462145763,7,0,0,0.731668492106814
"10218","Lamp5","ST8SIA4",0.142043355729296,0.089892698999224,0.114074028442431,-0.0341430967822824,0.318229808240875,7,0.0224223838643926,44.3992740191049,0.469877796733769
"10219","Lamp5","CSNK1D",-0.0848351793466012,0.0317796936681452,0.00759693475963798,-0.147122234375881,-0.0225481243173211,7,0.000535798003653891,7.05709435081577,0.146311626191069
"10220","Lamp5","C4orf3",-0.0101978294793384,0.115955944677294,0.929919815060353,-0.237467304840153,0.217071645881476,5,0.014542510993906,20.4967984134518,0.984848659963404
"10221","Lamp5","MEF2D",-0.0404831992631257,0.0360898925603877,0.261976266079612,-0.111218088887406,0.0302516903611543,7,0,0,0.652838959376138
"10222","Lamp5","GPR176",0.0344121441333834,0.0508131098753911,0.498260264314964,-0.0651797211648597,0.134004009431627,7,0.00586835735880423,35.9170563482097,0.82037869248224
"10223","Lamp5","CTTNBP2NL",0.0306162531386132,0.034893616385425,0.380260168312233,-0.0377739782671765,0.0990064845444029,7,0,0,0.750541566734774
"10224","Lamp5","SLC3A2",-0.0820319024217681,0.0504616990416145,0.104029019477659,-0.180935015142032,0.0168712102984956,7,0,0,0.455085911390479
"10225","Lamp5","CNOT6",0.0200053411222613,0.0496788295713333,0.687173725643584,-0.0773633756316554,0.117374057876178,7,0.00630409331603903,41.6493149847454,0.903181005962289
"10226","Lamp5","CCBE1",0.0269418656740424,0.135835012221566,0.842777045717994,-0.239289866119785,0.293173597467869,7,0.0603940510941134,53.2210082298049,0.958969618434014
"10227","Lamp5","NAA50",0.118025972216365,0.0312646746518123,0.00015997019090397,0.0567483359104505,0.17930360852228,7,0,0,0.0258524799056835
"10228","Lamp5","NVL",-0.0319054896780093,0.0420147701745217,0.447620811662924,-0.114252926038799,0.0504419466827807,7,0.0032709532428592,29.3415973832956,0.791522553099468
"10229","Lamp5","RAB4A",1.67404437839257e-05,0.053106949768882,0.999748489765029,-0.104070968432002,0.10410444931957,7,0.00790508193366579,46.8844658623897,0.999975696265529
"10230","Lamp5","LRRC3B",0.111776354789309,0.0437631654098446,0.0106456708746163,0.0260021267365448,0.197550582842074,7,0,0,0.168803505780448
"10231","Lamp5","CDC16",0.00903910428752167,0.0378448654209104,0.811224803541294,-0.065135468937228,0.0832136775122714,7,0.00244816230010896,26.1374463067682,0.948577545791044
"10232","Lamp5","PCLO",0.0130887109325287,0.0274809493006464,0.63387272423003,-0.0407729599577095,0.0669503818227668,7,0,0,0.883174740176764
"10233","Lamp5","MAN2A2",-0.0953724363019962,0.0460324846246055,0.0382793651564687,-0.185594448285117,-0.00515042431887558,7,0.00175104339799381,11.343867870384,0.300382498626121
"10234","Lamp5","SH2B1",-0.0720117433691621,0.0625593533170648,0.24969325628486,-0.194625822766726,0.0506023360284013,5,0,0,0.640240491404512
"10235","Lamp5","XPR1",0.0334377647750284,0.0292318038956131,0.252672144527188,-0.0238555180635109,0.0907310476135677,7,0,0,0.642844435211672
"10236","Lamp5","ATP2B4",0.094393423333084,0.0710500716764365,0.183997171383371,-0.0448621582517209,0.233649004917889,7,0,0,0.576328489411665
"10237","Lamp5","FBXL7",-0.0222909280459449,0.0461534146373229,0.629113754808758,-0.112749958498641,0.0681681024067517,7,0,0,0.88191549991279
"10238","Lamp5","ABHD15-AS1",0.0701754041941012,0.210091807014182,0.738362531467912,-0.341596971000635,0.481947779388837,5,0.113959226099719,54.5167152195276,0.921912457070866
"10239","Lamp5","FBXL3",0.056597821557601,0.0318778009312226,0.0758216482858214,-0.00588152017393263,0.119077163289135,7,0,0,0.398747181992145
"10240","Lamp5","KCNJ3",0.161763017157648,0.0470513261023021,0.000586002032372676,0.0695441125722867,0.25398192174301,7,0.00327339918716689,21.6989829166545,0.0466825592266343
"10241","Lamp5","PAQR3",-0.0137497216850418,0.0424013513096295,0.745729425685737,-0.096854843147746,0.0693553997776623,7,0.00229734963756291,18.6780819939831,0.923981530672427
"10242","Lamp5","NCBP3",-0.0547578399970263,0.040869823106374,0.180306787134377,-0.134861221340042,0.0253455413459896,7,0.00341688330004433,33.0472830833181,0.572750900978019
"10243","Lamp5","SGMS1",0.0747547742542623,0.0342509863140409,0.029068353947848,0.00762407464376791,0.141885473864757,7,0,0,0.265227822244642
"10244","Lamp5","DECR1",0.0812887884361938,0.0536419450743555,0.129672152424516,-0.0238474919702186,0.186425068842606,6,0.00218005098117712,12.1806387727149,0.495763833390276
"10245","Lamp5","GPR155",-0.00451336154744774,0.0340575726761275,0.894571796858298,-0.071264977393513,0.0622382542986175,7,0.00220216371370073,29.2555974953952,0.975933599582958
"10246","Lamp5","POLR2A",-0.0147548017704963,0.041295078618818,0.720865957851974,-0.0956916686021296,0.066182065061137,7,0.00271008020327546,24.3561964110425,0.915387356767999
"10247","Lamp5","MTSS2",0.0248412334417041,0.0383633940362437,0.517292612447578,-0.0503496371940523,0.100032104077461,5,0,0,0.828263804024713
"10248","Lamp5","FAM193B",-0.0306719522238059,0.0334526004761955,0.359206592202201,-0.0962378443463564,0.0348939398987447,7,0,0,0.734818959313396
"10249","Lamp5","AP3B2",-0.0241726723414078,0.0361326754180758,0.503497022959866,-0.0949914148259122,0.0466460701430965,7,0.00149743008038048,16.45424236677,0.822278216591144
"10250","Lamp5","ZNF33B",0.0143370504442384,0.0350207452101184,0.682255413833274,-0.0543023488793474,0.0829764497678241,7,3.06765840252402e-06,0.0322693314270904,0.902529462625427
"10251","Lamp5","CREM",0.00617156985767621,0.0346802674305409,0.858757345620669,-0.0618005052804014,0.0741436449957538,7,0,0,0.964217804077724
"10252","Lamp5","OTUD7B",0.00959263618823553,0.0333173353955528,0.773410068311619,-0.0557081412478896,0.0748934136243606,7,0,0,0.933571200986676
"10253","Lamp5","HINT1",-0.0532305071232787,0.0814496661651482,0.513409063016244,-0.21286891935978,0.106407905113222,6,0.00781962929836719,19.6565608627355,0.826138184151139
"10254","Lamp5","GBF1",-0.0527673148378489,0.0266110084625061,0.0473771474036711,-0.104923933016651,-0.000610696659046277,7,0,0,0.325622589540519
"10255","Lamp5","USP49",0.177384530631598,0.046663350695966,0.000143899860383807,0.0859260438695424,0.268843017393653,7,2.23597299914526e-06,0.0132522461246805,0.0251144329005997
"10256","Lamp5","ZNF565",-0.0705454967270634,0.0532639449649116,0.185353234367261,-0.174940910532814,0.0338499170786869,7,0.00391644518281996,20.3859306846978,0.578304025514759
"10257","Lamp5","TFB1M",0.0320856677408393,0.0514088732080924,0.532544158737329,-0.068673872232808,0.132845207714487,6,0.00560708457592777,38.1164866218698,0.837105099150857
"10258","Lamp5","FILIP1L",-0.113847935831991,0.100667381422712,0.258083827022572,-0.311152377838463,0.0834565061744815,7,2.47017141525151e-07,0.000307214618418124,0.649483484385718
"10259","Lamp5","SLF2",-0.0402665603277085,0.0299646775563834,0.179012782082198,-0.0989962491465757,0.0184631284911587,7,0,0,0.571631132414646
"10260","Lamp5","ZNF195",-0.0471034487087961,0.0371054243250527,0.204280922140182,-0.119828744016976,0.0256218465993836,7,0,0,0.593908097926263
"10261","Lamp5","CFDP1",-0.0223939045202349,0.0292194338240133,0.443435677447603,-0.0796629424639524,0.0348751334234825,7,0,0,0.789496392228061
"10262","Lamp5","RPL31",0.0398972632901489,0.0395465472692884,0.313037734670634,-0.0376125450705671,0.117407071650865,7,4.67007276612766e-06,0.0368886594562311,0.698925605264866
"10263","Lamp5","PAFAH1B2",0.0194834239288307,0.0394097008562134,0.621036832249578,-0.0577581703908449,0.0967250182485064,7,0,0,0.8777964007189
"10264","Lamp5","CLVS1",0.134659418618122,0.0390489502404054,0.000563756847573695,0.0581248825128309,0.211193954723413,7,0,0,0.0462348784888574
"10265","Lamp5","GABRA2",0.0920043536105605,0.0392866663850535,0.0191872814811093,0.0150039024232153,0.169004804797906,7,0.00177799648949939,16.5971703414654,0.222436538696442
"10266","Lamp5","UGP2",-0.0108052844628872,0.0403737535733204,0.788983053495248,-0.0899363873872905,0.0683258184615161,7,0.00255627514589239,23.7086146718131,0.939224401428397
"10267","Lamp5","MAP3K5",0.0429375270434104,0.0422628203486217,0.309646270518633,-0.0398960787249746,0.125771132811795,7,0,0,0.696879927838551
"10268","Lamp5","FNBP1L",-0.00428114459091034,0.0464294305316563,0.926533130095418,-0.095281156255661,0.0867188670738403,7,0.0057137228174047,42.9814731738296,0.983649144716949
"10269","Lamp5","IP6K1",-0.0586756277949289,0.0449580339133988,0.191852000303879,-0.146791755080921,0.029440499491063,7,0.00590625612330489,48.5283929271412,0.586077011394669
"10270","Lamp5","PHAX",-0.0778235134788768,0.0445429311208546,0.0806100320947086,-0.1651260542416,0.00947902728384648,7,0,0,0.409001007136453
"10271","Lamp5","CERS6",0.133971934309648,0.0310968386319767,1.64575747660655e-05,0.07302325055792,0.194920618061376,7,0,0,0.0102083092122784
"10272","Lamp5","SLC22A17",-0.0408848687088171,0.0607831629337707,0.501179676814726,-0.160017678925438,0.0782479415078034,7,0.00727942138008647,30.6558274416449,0.821950780659244
"10273","Lamp5","ZNF780B",0.0115406162648956,0.0313762063424168,0.71301173184034,-0.0499556181377386,0.0730368506675297,7,3.22387518967786e-06,0.039646963050704,0.913599521330833
"10274","Lamp5","GRM3",0.0578942979353254,0.0598014236195274,0.332989922884149,-0.0593143385831713,0.175102934453822,7,1.23210346221975e-07,0.000439228659223637,0.714637586273086
"10275","Lamp5","CPT1C",-0.0720542206129905,0.0388932648087724,0.0639376537569686,-0.148283618879364,0.00417517765338248,6,0.000620451706936932,6.40970264469355,0.370281065994958
"10276","Lamp5","MSANTD4",0.0670966091176487,0.032931491505635,0.0416039286671864,0.0025520718094173,0.13164114642588,7,3.73517990909536e-10,4.08711671553135e-06,0.31056698860774
"10277","Lamp5","PHTF1",-0.0971399989234768,0.0425462519627485,0.0224208093095404,-0.18052912044763,-0.0137508773993231,7,0.00379018875821181,32.516050716037,0.236238289456206
"10278","Lamp5","SMS",-0.00501649686989968,0.0305783170178716,0.869688591297414,-0.0649488969327762,0.0549159031929768,7,0,0,0.968084250924989
"10279","Lamp5","METTL16",-0.0328475984001476,0.0333007022007468,0.323940021035285,-0.0981157753735049,0.0324205785732098,7,0,0,0.707708935250453
"10280","Lamp5","LRRC28",-0.00568890339775361,0.0508458135606135,0.910914285355376,-0.105344866741194,0.0939670599456872,7,0.00701778549322757,44.9250381886842,0.980259510354085
"10281","Lamp5","ZNF141",0.0524171557836712,0.0340073862190873,0.123232548470693,-0.0142360964140837,0.119070407981426,7,1.25495483307437e-06,0.0135171706995172,0.48484342100801
"10282","Lamp5","GDPD1",-0.05755206563806,0.0345608682867745,0.0958653144676128,-0.12529012275457,0.0101859914784505,7,6.02849820642499e-06,0.0647058089883302,0.440757225740906
"10283","Lamp5","TM9SF2",-0.0267530568588421,0.0267553825154137,0.317352575305817,-0.0791926429816456,0.0256865292639614,7,0,0,0.701947766322472
"10284","Lamp5","ZNF428",-0.0999320955303605,0.0585548006328866,0.0878885708732921,-0.214697395892741,0.0148332048320205,7,0,0,0.423859887078298
"10285","Lamp5","SNX30",-0.0347063440994088,0.0437551473051531,0.427664486016233,-0.120464856955754,0.051052168756936,7,0.0035583509093096,28.8999121116121,0.780234872352118
"10286","Lamp5","LINGO2",0.0634359923076723,0.0386044137967472,0.100335025988426,-0.0122272683782334,0.139099252993578,7,0,0,0.44861857116219
"10287","Lamp5","SHISA6",0.0324072349745228,0.0674882463850957,0.631091728535736,-0.0998672973200302,0.164681767269076,7,0.0135812327453748,48.6471908153461,0.882993296421211
"10288","Lamp5","TTC19",-0.00459768602654044,0.025625896284498,0.857611368727726,-0.0548235198157152,0.0456281477626343,6,0,0,0.963835575473628
"10289","Lamp5","FBXL4",0.0351483542477499,0.0521830888734754,0.500592152302933,-0.0671286205463148,0.137425329041815,6,0.00712002803333134,49.1297395845068,0.821845066799594
"10290","Lamp5","RRAGD",0.0101915687320413,0.0314813166986149,0.746139520145238,-0.0515106781831433,0.071893815647226,7,0,0,0.923981530672427
"10291","Lamp5","JKAMP",-0.0440600930471944,0.039758542557542,0.267778967483437,-0.12198540453778,0.033865218443391,7,0,0,0.65698816862739
"10292","Lamp5","NFAT5",0.0549662404049798,0.0267212611395204,0.0396840435695202,0.0025935309500301,0.107338949859929,7,0,0,0.305197091349127
"10293","Lamp5","TFDP2",0.0608255799737927,0.0373564025778836,0.103471787558999,-0.0123916236708383,0.134042783618424,7,0.00205339237253488,21.7217204807807,0.45467896978314
"10294","Lamp5","PLEKHA1",0.121994252416374,0.0474960297864772,0.010213536950215,0.0289037446262375,0.215084760206511,7,0.00613489664836997,43.6755741117222,0.16618188896275
"10295","Lamp5","CAMSAP2",0.0439324903805941,0.023365885080273,0.06008109818295,-0.0018638028436427,0.0897287836048309,7,0,0,0.361709369988659
"10296","Lamp5","BCL2L13",-0.0167086359091905,0.0551151975807715,0.761769139079768,-0.124732438168312,0.0913151663499307,6,0.00943771723553872,60.1330139567639,0.927603821836366
"10297","Lamp5","ARL1",0.0808182054708543,0.0461938248469231,0.0801967445291096,-0.0097200275372665,0.171356438478975,7,0,0,0.40823283472176
"10298","Lamp5","GSTCD",0.00961742931293262,0.0527325973447379,0.855283654043898,-0.0937365622940061,0.112971420919871,7,0.00588192440186553,32.6333897493163,0.962392985249599
"10299","Lamp5","RGS12",-0.0514246497844258,0.0329118658607728,0.118171251640325,-0.115930721535554,0.0130814219667022,7,0,0,0.475075320016034
"10300","Lamp5","ARL13B",0.0463931465481094,0.0401496249793232,0.247883134430096,-0.0322986724041537,0.125084965500373,7,0.00279102086847154,26.0949189447318,0.638886725139982
"10301","Lamp5","TBCK",0.0400907325238192,0.0328504567152977,0.222312871959398,-0.0242949795138563,0.104476444561495,7,0.00118874571093007,15.7279097871469,0.612872207414116
"10302","Lamp5","PTPRE",-0.0907108380637289,0.0635468960082714,0.153446504339903,-0.215260465569253,0.0338387894417951,7,6.54722765519725e-06,0.0209178137481685,0.534381696389314
"10303","Lamp5","ZCCHC8",0.0253230025325319,0.0331518333864704,0.444957093198545,-0.0396533969264226,0.0902994019914864,7,2.27501728289929e-07,0.00248899802610244,0.789998528095377
"10304","Lamp5","PTGR1",0.0419685005643356,0.053215940449214,0.430319354934249,-0.0623328261195522,0.146269827248223,7,0,0,0.782197070656728
"10305","Lamp5","TAF1",-0.00017719847699984,0.0277111978335772,0.994897984333386,-0.0544901481992755,0.0541357512452758,7,0,0,0.998808560940909
"10306","Lamp5","ZNF586",-0.00983302434067166,0.0337394266063108,0.770714693407108,-0.0759610853480732,0.0562950366667299,7,6.05187946437078e-06,0.0651690557812109,0.932797998022022
"10307","Lamp5","NRIP1",0.133179815513701,0.0422966249512329,0.00163992720874836,0.0502799539416861,0.216079677085716,7,0,0,0.0709709000283925
"10308","Lamp5","PLEKHM2",-0.0492107728463439,0.0305376050605884,0.107074907280633,-0.109063378939205,0.0106418332465176,7,0,0,0.46144116101557
"10309","Lamp5","SHOC1",0.106294892072249,0.0969895639525743,0.273104358730672,-0.0838011601510408,0.296390944295539,5,4.62306060986952e-06,0.0087340403856258,0.662377889749365
"10310","Lamp5","GLYATL2",0.141745051818705,0.0677573036454701,0.0364427768040933,0.0089431769840386,0.27454692665337,7,0.0110163849965588,39.4506303255122,0.29202777480579
"10311","Lamp5","EVI5",0.0516470592181285,0.0275454906523681,0.0607963982603428,-0.00234111039699764,0.105635228833255,7,0,0,0.363786153783907
"10312","Lamp5","UBE2E1",0.0665390738583118,0.0355740159725334,0.0614226971242133,-0.00318471623330617,0.13626286394993,7,0,0,0.365645669664763
"10313","Lamp5","LRFN5",0.153436729145124,0.0511236315952787,0.00268840387726376,0.053236252459484,0.253637205830764,7,0.00466643612610657,26.6748559668814,0.0873658205657537
"10314","Lamp5","KIAA1958",0.0569870618107417,0.0349477654551336,0.102967285150862,-0.0115092998214732,0.125483423442957,7,0.000856722719426835,9.60834813305858,0.454364549536114
"10315","Lamp5","RPL11",-0.099986305942086,0.0831835968177417,0.229365286044347,-0.26302315980936,0.0630505479251884,7,0.00957756890832182,20.4226204805595,0.621078871187976
"10316","Lamp5","SHC2",-0.134539827825536,0.036390714970387,0.000218083167654926,-0.205864318539157,-0.0632153371119148,7,0,0,0.0307466879715399
"10317","Lamp5","COPS4",-0.0466134746171667,0.038859069201452,0.230313373535787,-0.122775850724762,0.0295489014904288,7,0.00205129314952184,20.0378690580142,0.621816209052182
"10318","Lamp5","FGF14",-0.0108057877357503,0.0334379787262199,0.74657473976735,-0.0763430217549578,0.0547314462834572,7,0,0,0.923981530672427
"10319","Lamp5","PLCB4",0.0971632785222876,0.0517978578265579,0.060680475801791,-0.00435865729409204,0.198685214338667,7,0.00744271783469508,44.6944584140836,0.363566037131072
"10320","Lamp5","SEC22A",0.0498921011910772,0.0339096742421693,0.141203646152056,-0.0165696390510601,0.116353841433214,7,2.79079058812159e-07,0.00303574536619317,0.517040540212013
"10321","Lamp5","GABRB1",0.0727652254307028,0.0345672854953427,0.0352885646691557,0.00501459081651721,0.140515860044888,7,2.58643825612118e-05,0.280074238879762,0.289480904102825
"10322","Lamp5","KIF27",0.0074651321984961,0.0343718309195984,0.828062221882616,-0.059902418486617,0.0748326828836092,7,0,0,0.954801237292379
"10323","Lamp5","DPP7",-0.0689036048068818,0.0445918317386581,0.122296232845709,-0.156301989019322,0.0184947794055583,7,2.64738102798709e-06,0.016540770241154,0.483792114801566
"10324","Lamp5","NR3C1",0.156037852193883,0.0516123117151417,0.00250060654187956,0.0548795800733511,0.257196124314416,7,0.00643228536143366,38.7679731336403,0.0842387426319371
"10325","Lamp5","EIF3J",0.0224776910669395,0.0355396089105418,0.527080639806137,-0.0471786624223612,0.0921340445562401,7,0,0,0.834322309829333
"10326","Lamp5","USP47",0.0550378316133636,0.0245374236923895,0.0248957888721865,0.00694536490288027,0.103130298323847,7,2.76397738630931e-07,0.00575608613084233,0.249982148717446
"10327","Lamp5","BNIP3L",0.0945875830672416,0.0384687072539634,0.0139394928528983,0.0191903023176587,0.169984863816825,6,0,0,0.189356874685344
"10328","Lamp5","JAKMIP2",0.118465001812762,0.0443863552462944,0.00760885773423173,0.0314693441250246,0.2054606595005,7,0.00525033790962305,42.7832728372469,0.146311626191069
"10329","Lamp5","SRP54",0.0100235290771729,0.0388229256115736,0.796263497185283,-0.0660680068959889,0.0861150650503348,7,0.00212504389526723,20.791457754094,0.943187190133141
"10330","Lamp5","VPS13A",0.0608784485760787,0.0316602458325111,0.0544967286798113,-0.00117449299732735,0.122931390149485,7,0,0,0.34837800237059
"10331","Lamp5","FCHO2",0.037811705185765,0.0398889202799752,0.343167631335404,-0.0403691419451758,0.115992552316706,7,0.00188774856109511,17.1277357502618,0.72433889877292
"10332","Lamp5","SLC7A5",-0.0580646406543451,0.0728061205709606,0.425146673090944,-0.200762014827509,0.0846327335188185,7,0.00844934358398757,23.9257700858487,0.778050998360332
"10333","Lamp5","IARS2",-0.035652653999933,0.0347555548024814,0.304980360325114,-0.103772289675505,0.0324669816756386,6,0,0,0.694260395895684
"10334","Lamp5","PEX3",0.0659300807793182,0.0300942307743917,0.0284671346874331,0.0069464723190736,0.124913689239563,7,0,0,0.263701366171195
"10335","Lamp5","KDM2B",0.0193991000431052,0.0323063660953858,0.548191060597674,-0.0439202139752168,0.0827184140614272,7,0,0,0.844764971297428
"10336","Lamp5","SUMO1",-0.0420015468616893,0.03541736181969,0.23566070613077,-0.111418300455706,0.0274152067323271,7,5.95380132915021e-06,0.0570479841360272,0.625725218609652
"10337","Lamp5","ABCA6",0.0352216905947745,0.0716080065756848,0.62281262565268,-0.105127423298275,0.175570804487824,7,0.0182116192891487,58.7860314295834,0.878741881805144
"10338","Lamp5","TANGO6",-0.0857135353708708,0.0337723013825538,0.0111493319126077,-0.151906029755708,-0.0195210409860331,7,0,0,0.171602136863418
"10339","Lamp5","GPX4",-0.0617525314909179,0.0694273811413987,0.373758595881394,-0.197827698068995,0.0743226350871589,6,0.00337151808662389,11.0739302759091,0.745335842612238
"10340","Lamp5","SP4",0.0545779504241686,0.039291803558066,0.164820094776499,-0.0224325694372635,0.131588470285601,7,0,0,0.551334376967334
"10341","Lamp5","LRRC41",-0.06358575908185,0.031001744373111,0.0402632359073303,-0.124348061511065,-0.00282345665263518,7,0,0,0.306693017971823
"10342","Lamp5","FBXL13",-0.0101457300636693,0.0601129348952471,0.865971405645776,-0.127964917463355,0.107673457336016,7,0,0,0.966974913429347
"10343","Lamp5","NUP50-DT",-0.0269725987643239,0.0630954195101909,0.669023184193404,-0.150637348593744,0.0966921510650962,5,0.00856346903826099,49.0864587495907,0.897891293405697
"10344","Lamp5","SRSF11",-0.0659677837827083,0.02761118247392,0.0168865282916664,-0.120084707002155,-0.0118508605632616,7,0.000862103092834788,16.1696424291535,0.207796316006413
"10345","Lamp5","NHLRC3",-0.0861560266567232,0.0307301122277412,0.00505300299615161,-0.14638593986397,-0.0259261134494765,7,0,0,0.12109992551298
"10346","Lamp5","PSMB7",-0.0575022760839075,0.0319628445975975,0.0720131446522585,-0.120148300338649,0.00514374817083427,7,0,0,0.389094275408615
"10347","Lamp5","XPO5",-0.0842969533408162,0.0293355016533543,0.00405890216937894,-0.141793480049806,-0.0268004266318266,7,0,0,0.107867580096895
"10348","Lamp5","ZNF814",-0.0172333109150172,0.0761204315078333,0.82089395257802,-0.166426615158018,0.131959993327984,7,0.0180944487827831,52.913257772867,0.952018241840247
"10349","Lamp5","COL21A1",-0.0373839422282928,0.0782198387968971,0.63269698274902,-0.19069200914674,0.115924124690154,7,4.77283446798726e-06,0.010489039448572,0.882993296421211
"10350","Lamp5","HNRNPC",0.0467701959507556,0.0264205663922312,0.0766906191658919,-0.00501316262916694,0.0985535545306781,7,0.000253753986575395,4.72026381763807,0.401432018296151
"10351","Lamp5","DIAPH1",0.0177162267959657,0.0311334806970767,0.569328320448266,-0.0433042740836776,0.0787367276756091,7,1.09116301791137e-07,0.00141693409320391,0.854278216341382
"10352","Lamp5","UBXN2B",0.0415232171720476,0.0298277454796332,0.163891989451659,-0.016938089708061,0.0999845240521562,7,0,0,0.550591979769544
"10353","Lamp5","ATG14",-0.0457411053881624,0.0366476242141256,0.211982392680936,-0.117569128966806,0.0260869181904818,7,0,0,0.60179542163244
"10354","Lamp5","DYNLL1",-0.0503518022066979,0.0538452739358162,0.349726368286927,-0.155886599858591,0.0551829954451951,7,0,0,0.728637219223581
"10355","Lamp5","HNRNPR",0.0185583262001462,0.0268319022668292,0.489156194029894,-0.0340312358795377,0.0711478882798301,7,0,0,0.814875480035696
"10356","Lamp5","LINC01414",0.0630871313117589,0.0755749952771635,0.403851746896277,-0.0850371375632663,0.211211400186784,5,0.0112521849086075,42.7492103882252,0.766307107118726
"10357","Lamp5","GNPDA2",0.125858352178568,0.035694000203056,0.000421828621107556,0.0558993973164127,0.195817307040723,7,9.31653866109443e-09,8.8199449132446e-05,0.0416178218562913
"10358","Lamp5","VCL",0.0390763108511529,0.0533627115415223,0.463999234155839,-0.0655126818876307,0.143665303589936,7,0.00755573185083923,44.0071854264174,0.800485695509186
"10359","Lamp5","KIF13B",0.00175206040631194,0.0373627072180936,0.962598272997572,-0.0714775001060662,0.07498162091869,7,0,0,0.994163912108515
"10360","Lamp5","HERPUD1",0.0328008632314054,0.0497457299403019,0.509657927133887,-0.0646989758362422,0.130300702299053,7,0,0,0.824428398565421
"10361","Lamp5","NPAS2",0.0310809245847442,0.037674597547905,0.409380909550418,-0.0427599297411906,0.104921778910679,7,0,0,0.770066858703021
"10362","Lamp5","KPNA5",0.069537507003127,0.0254144353219121,0.00621641713190072,0.0197261290847566,0.119348884921497,7,2.61873740213229e-06,0.0493154496652214,0.132991292451522
"10363","Lamp5","PTPRA",-0.00419665465135313,0.0205342252904378,0.838061516863825,-0.0444429966710428,0.0360496873683365,7,4.52107305770332e-07,0.0131256497911986,0.958345542185359
"10364","Lamp5","TPK1",-0.0221738305920894,0.0366407622798405,0.545067126103347,-0.0939884050266706,0.0496407438424918,7,0,0,0.843376602544951
"10365","Lamp5","MCTS1",-0.0868646708141292,0.0333174648370533,0.00912910131205382,-0.152165701950933,-0.0215636396773251,7,0,0,0.157995546441175
"10366","Lamp5","GSTO2",-0.0293964584546965,0.0446773179627964,0.51055563149779,-0.116962392587622,0.0581694756782289,7,0,0,0.824565023970019
"10367","Lamp5","IFNAR1",-0.0155251560321318,0.0456497570750134,0.733786605310687,-0.104997035802161,0.073946723737897,7,0.004211871501802,32.0990702998162,0.920044423350121
"10368","Lamp5","LRSAM1",-0.028354299700079,0.0326328675086466,0.384908515841949,-0.0923135447292937,0.0356049453291356,7,6.38547904275046e-06,0.0725262418945076,0.754115488360726
"10369","Lamp5","RNF169",0.0655734523460479,0.0352951689614236,0.063189019768032,-0.00360380764659833,0.134750712338694,7,0.00127491450792963,14.5378440655509,0.36898314814741
"10370","Lamp5","TRMT13",0.0738559844983429,0.035810763230018,0.039170024177222,0.00366817830861636,0.144043790688069,7,0,0,0.303980739218298
"10371","Lamp5","ASPHD1",-0.140913504127872,0.0445992695643623,0.00158014420036239,-0.228326466210816,-0.0535005420449284,7,0.00157515317437111,10.8610375702274,0.0709709000283925
"10372","Lamp5","PSMD5",-0.102958459000299,0.0584403369071135,0.0781080883044342,-0.217499414582628,0.0115824965820306,7,0.00897144973997563,41.1551611023007,0.404281682534324
"10373","Lamp5","UBE2D2",-0.0515678092539193,0.0264263597803595,0.0510121318288401,-0.103362522665922,0.000226904158083172,7,0,0,0.337792959325082
"10374","Lamp5","ANKRD42",0.0982769207141379,0.0382099036319753,0.0101104877211291,0.0233868857427202,0.173166955685556,7,0.00104419935794546,9.80915074571586,0.165799943436789
"10375","Lamp5","SCARB1",-0.0111608565015374,0.0424172570777287,0.792457583667923,-0.0942971526968624,0.0719754396937877,7,0.00203167519673455,16.1451643306841,0.940925361704199
"10376","Lamp5","URB1",-0.0469588447719434,0.0299264733558225,0.116615178129497,-0.105613654733653,0.0116959651897663,7,0,0,0.473561011652999
"10377","Lamp5","TMEM9B",-0.0464436725328957,0.0471186501181236,0.324292651614946,-0.138794529764562,0.0459071846987705,7,2.17290764883288e-06,0.0122399498461673,0.708007864242202
"10378","Lamp5","RB1",0.0420675060585676,0.0281244284925511,0.134715180583839,-0.0130553608726046,0.0971903729897398,7,4.18896763020515e-07,0.00664126361975337,0.505509521368726
"10379","Lamp5","SMYD3",0.0415988570146106,0.0390535809195867,0.286797220065895,-0.0349447550551,0.118142469084321,7,0.0027548997360889,27.3122743015754,0.676757686418318
"10380","Lamp5","NDUFV1",-0.111562576496003,0.0518788142455257,0.0315199714606375,-0.213243183977877,-0.00988196901412935,6,0.00332236751349739,20.8518575003743,0.276000158757965
"10381","Lamp5","PNKD",-0.0942278609826002,0.0309591977822968,0.00233754525709257,-0.154906773626154,-0.0335489483390461,6,0,0,0.0833125240184361
"10382","Lamp5","TRNAU1AP",0.0252928009970393,0.0332137598863413,0.446349080093849,-0.0398049721713507,0.0903905741654293,7,4.03645978409357e-07,0.00436774446311955,0.790564077138972
"10383","Lamp5","AACS",7.03045556735424e-06,0.0519778890705812,0.999892079266092,-0.10186776011519,0.101881821026325,7,0.00423338497172339,23.8560717363103,0.999975696265529
"10384","Lamp5","APIP",-0.0157965320331249,0.0455810757129522,0.728922652049888,-0.105133798807105,0.0735407347408547,7,2.68637015614768e-06,0.0160429645613982,0.91913282699127
"10385","Lamp5","TMOD2",-0.000365691639770532,0.0276647138589449,0.989453308001434,-0.0545875344459087,0.0538561511663676,7,0,0,0.998049267070609
"10386","Lamp5","TRIM13",0.00379961164015148,0.0347934104099072,0.913039957147811,-0.0643942196625876,0.0719934429428906,7,0,0,0.980734315041589
"10387","Lamp5","EPB41L2",0.0255607315515955,0.0403904158158171,0.526837149480288,-0.0536030287680029,0.104724491871194,7,0,0,0.834253797927968
"10388","Lamp5","ERP29",-0.105337908906229,0.0601958295290659,0.0801320534210976,-0.223319566802711,0.0126437489902527,7,2.4447585644542e-06,0.00794201430400499,0.408134253348768
"10389","Lamp5","EAPP",-0.0664638924506283,0.0425429465624649,0.118222606603204,-0.149846535509271,0.016918750608015,7,0.00284169884677842,23.8361751072566,0.475075320016034
"10390","Lamp5","TRMT61B",-0.0327853505356419,0.0292919809661485,0.26302911980032,-0.0901965782651256,0.0246258771938419,6,0,0,0.653827737204745
"10391","Lamp5","COQ4",-0.11913944752685,0.0668358345202166,0.0746565853533135,-0.250135276063154,0.0118563810094534,6,0.0114661535856503,47.6517889833914,0.39435428632521
"10392","Lamp5","NUMA1",0.0193236916287263,0.0298180199909775,0.516949926933094,-0.039118553643885,0.0777659369013376,7,0,0,0.828188430553847
"10393","Lamp5","FBXO25",0.0148043365966799,0.029289437183953,0.613243034244578,-0.0426019054113161,0.072210578604676,7,1.0140747599797e-07,0.00144904715251209,0.874525810461593
"10394","Lamp5","ZNF106",-0.00665430689574392,0.0273259601750347,0.807605737875266,-0.0602122046817877,0.0469035908902999,7,0,0,0.947362141179829
"10395","Lamp5","KIFC2",-0.0503488227932924,0.0391153777821228,0.198028965725467,-0.127013554487931,0.0263159089013465,7,0,0,0.590236550297945
"10396","Lamp5","CYP46A1",-0.0151610917110172,0.0320048831534726,0.635705417420753,-0.0778895100212361,0.0475673265992017,7,6.72228698225892e-07,0.00823309059752142,0.883845530938277
"10397","Lamp5","CA3",0.100640402251414,0.0559623447722508,0.0721200906841321,-0.00904377799261101,0.210324582495439,7,0,0,0.389094275408615
"10398","Lamp5","COG7",-0.0429933166978937,0.0380946999009771,0.259070616880244,-0.11765755650567,0.031670923109883,7,0.00229632471863521,23.8416886599434,0.650411149598018
"10399","Lamp5","PPIP5K2",-0.0186247242248626,0.0262917141249623,0.478704591745142,-0.0701555370016117,0.0329060885518865,7,0,0,0.809964376440316
"10400","Lamp5","LPGAT1",-0.0565788688934547,0.0269662257228802,0.0358929369862543,-0.109431700109278,-0.00372603767763192,7,0,0,0.291210063377622
"10401","Lamp5","BACE1",-0.0466366619302818,0.0290978222930585,0.108988893862837,-0.103667345653223,0.0103940217926594,7,0,0,0.463734401407849
"10402","Lamp5","PDSS1",-0.120600146634306,0.0367598382663966,0.00103528399173039,-0.19264810571396,-0.0485521875546509,6,0,0,0.0573576821673018
"10403","Lamp5","SLC35G2",0.0345863493053039,0.0307432533734771,0.26058642559296,-0.0256693200743009,0.0948420186849086,7,0.000721087914401746,10.3901185830915,0.651489759092311
"10404","Lamp5","PSMC6",-0.00938998676490345,0.0296742088338844,0.751671625860401,-0.0675503673490371,0.0487703938192302,7,0,0,0.925975950944022
"10405","Lamp5","DCP1A",-0.0302891761959156,0.030033683941447,0.313211197551316,-0.0891541150442107,0.0285757626523794,7,0,0,0.698925605264866
"10406","Lamp5","DIS3L2",-0.0106335776076172,0.0273384481821212,0.697305335805111,-0.0642159514377893,0.0429487962225549,7,0,0,0.906391554342484
"10407","Lamp5","SWAP70",0.00781572118658495,0.0367698158594208,0.831671677321099,-0.0642517936160495,0.0798832359892195,7,0,0,0.955974777881874
"10408","Lamp5","BRF1",0.0403231987487689,0.0320131161148161,0.207819584250755,-0.0224213558691695,0.103067753366707,7,0,0,0.597044609985398
"10409","Lamp5","CLIP2",-0.0150443410570866,0.0447776486552715,0.736886846651515,-0.102806919733807,0.0727182376196339,7,0.0032152262544188,24.5244646462086,0.921463278270996
"10410","Lamp5","TSC1",0.00701594571556977,0.0253544835487467,0.781999564918816,-0.042677928886587,0.0567098203177266,7,0,0,0.937343620161761
"10411","Lamp5","ANKRD13C",-0.00443355741377065,0.0408586109579809,0.913591351588739,-0.0845149633497468,0.0756478485222055,7,0.00491479318416383,48.6018532760221,0.980734315041589
"10412","Lamp5","TPP2",0.0489878319094344,0.0283910545710256,0.084443319599056,-0.00665761253288705,0.104633276351756,7,0,0,0.417641711780443
"10413","Lamp5","SNX7",0.0443433118900011,0.105992479683552,0.675681871516612,-0.163398130921854,0.252084754701856,7,0.0533236326899394,79.6084799254321,0.900067548790672
"10414","Lamp5","LMF1",-0.025918886477183,0.0405486172352841,0.522689457968731,-0.10539271588124,0.053554942926874,7,0,0,0.831999597196191
"10415","Lamp5","NAP1L3",0.0565393969789211,0.0671689158831977,0.399928220964914,-0.0751092590327468,0.188188052990589,7,5.46331789623865e-05,0.150952321783039,0.762743492813461
"10416","Lamp5","ELOVL5",0.140407999584001,0.0576074242719657,0.0147963853939874,0.0274995227688297,0.253316476399172,7,0,0,0.193890854540042
"10417","Lamp5","SMARCC1",-0.00561000133003576,0.0294593233430709,0.848970531855953,-0.0633492140913748,0.0521292114313032,7,0,0,0.960210404787944
"10418","Lamp5","STX3",-0.0507450478776334,0.0339784555672509,0.135320022758956,-0.11734159703974,0.0158515012844728,7,0,0,0.5066662968611
"10419","Lamp5","ZFX",-0.0541273425027848,0.0351276955853272,0.123347526232974,-0.122976360709913,0.0147216757043431,7,0,0,0.485074997112837
"10420","Lamp5","NFE2L2",0.0580297240885706,0.0476402772228757,0.223193132952445,-0.0353435034817697,0.151402951658911,7,0.00583677811238009,41.6422499521365,0.613992971862888
"10421","Lamp5","RAB5A",-0.0496175959673626,0.0527746240021931,0.347125724977612,-0.153053958309304,0.0538187663745789,7,0.00912659487269942,56.7047577092063,0.727134052964415
"10422","Lamp5","KCNQ5",0.105882322506976,0.0516924117421126,0.0405291817560851,0.00456705721842013,0.207197587795532,7,0.00520526595428241,29.4397669917874,0.307932215189243
"10423","Lamp5","BRCC3",-0.00520597715357604,0.0325074030945406,0.872764937332592,-0.0689193164498015,0.0585073621426495,7,0,0,0.968577940382375
"10424","Lamp5","PRKCB",-0.126483123022818,0.0321186667324195,8.21655831321905e-05,-0.189434553049805,-0.0635316929958311,7,2.54604496727889e-06,0.0323954272958331,0.0189260679827223
"10425","Lamp5","TCIM",-0.240069174642147,0.168653489328071,0.154606837115731,-0.570623939592177,0.090485590307882,5,0.0546565584824099,42.5083798144557,0.53623641678278
"10426","Lamp5","IDI1",0.106145081601514,0.0615521313374906,0.0846222164903243,-0.0144948789916467,0.226785042194675,6,0,0,0.417662850601646
"10427","Lamp5","HACD2",0.0239871778884304,0.0421860831603458,0.569624873325079,-0.0586960257546591,0.10667038153152,7,0.00496334326974511,46.6619122698792,0.854305011385355
"10428","Lamp5","IST1",0.0096633457319961,0.0281287508365996,0.731192396605416,-0.0454679928378401,0.0647946843018323,7,5.40687534735126e-06,0.0800589770268793,0.919666801398003
"10429","Lamp5","HNRNPDL",-0.118119385318242,0.0357517985242873,0.000953591776997849,-0.188191622808378,-0.048047147828107,7,0.000702775478855992,7.42169536606573,0.0552800335763802
"10430","Lamp5","CYB5R4",0.046146435478416,0.0301725457732038,0.126160845846286,-0.0129906675589496,0.105283538515782,7,0,0,0.489206674082702
"10431","Lamp5","EEA1",-0.00894081663388556,0.0287577149241394,0.755875506034915,-0.0653049021628688,0.0474232688950977,7,0.00097874095570603,17.0731697599496,0.926555528105898
"10432","Lamp5","SVOP",-0.118735010443227,0.0283756221578603,2.85917742414592e-05,-0.174350207911549,-0.0631198129749037,7,0,0,0.0118918032882607
"10433","Lamp5","LONP2",-0.00509030037504452,0.0263821998804341,0.847002433503253,-0.0567984619736322,0.0466178612235431,7,0.00126571011795187,28.2321073801088,0.959421815061179
"10434","Lamp5","RYR2",0.0921436212214379,0.0459602326741257,0.0449785066061936,0.00206322045907044,0.182224021983805,7,0.00212590341413584,14.2652338763816,0.319517971777143
"10435","Lamp5","MRPL57",-0.051738366710226,0.0715831043595955,0.469819086473103,-0.192038673156605,0.0885619397361533,6,0.00379189810406437,11.8800364444235,0.804834027168301
"10436","Lamp5","OXNAD1",-0.0661684090832464,0.0340342900768896,0.0518750840303989,-0.132874391873339,0.000537573706846067,6,0,0,0.34030396594599
"10437","Lamp5","FOXRED1",-0.130661279232417,0.0429814205717089,0.00236619076487629,-0.214903315557335,-0.0464192429074981,6,0,0,0.0833125240184361
"10438","Lamp5","VPS13D",-0.0274582566408681,0.0249984706996814,0.272030972420779,-0.0764543588808233,0.0215378455990872,6,0,0,0.661223251865873
"10439","Lamp5","PIBF1",0.0365810606521211,0.0296535350009104,0.217346211381211,-0.0215387999639611,0.0947009212682034,7,0,0,0.607397120257931
"10440","Lamp5","ME2",0.0910932841510395,0.0298576278465394,0.00228140075131482,0.0325734089080222,0.149613159394057,6,0,0,0.0833125240184361
"10441","Lamp5","OCA2",-0.126843505311056,0.157832689659985,0.42159451067009,-0.436189892627713,0.182502882005602,7,0.127519418692628,80.0231826350195,0.776027205341482
"10442","Lamp5","TSEN15",0.130122162304697,0.0400235302667359,0.00114942614119747,0.0516774844477459,0.208566840161648,7,0,0,0.0597651618373069
"10443","Lamp5","GPATCH2L",-0.0069308714517335,0.0249524552506654,0.781194214887604,-0.0558367850688851,0.0419750421654181,7,0,0,0.937122277643741
"10444","Lamp5","RALA",0.0205851616433351,0.0372918293146127,0.580947033015329,-0.0525054807309207,0.093675804017591,7,0,0,0.858378677238391
"10445","Lamp5","HUWE1",-0.00687626521731392,0.0234716295133164,0.769552184555098,-0.0528798137218814,0.0391272832872536,7,0,0,0.932100292964428
"10446","Lamp5","REPS1",-0.0109129663892434,0.0291462749552492,0.708091402980474,-0.0680386155850337,0.0462126828065468,7,0,0,0.911622896785821
"10447","Lamp5","EFNA5",0.0197463040626104,0.0393508654133082,0.615807501640983,-0.0573799749079565,0.0968725830331773,7,2.03115875416267e-06,0.0169119399478561,0.876009086347086
"10448","Lamp5","EML1",-0.0222055635041804,0.0356256573538085,0.533085714474522,-0.0920305688432095,0.0476194418348487,7,0,0,0.837186823533913
"10449","Lamp5","AATK",-0.0968539553910362,0.0425612919538355,0.0228678790840774,-0.180272554756048,-0.0134353560260243,7,0.00358737221614597,31.5188452647168,0.239461060451823
"10450","Lamp5","THRAP3",-0.0699943456401156,0.0244478312152328,0.00419639464702977,-0.117911214322086,-0.0220774769581452,7,0,0,0.110054130666292
"10451","Lamp5","SLC12A6",0.0292946682906795,0.0343908299993765,0.394316078553054,-0.038110119906538,0.096699456487897,7,0.00128165285936004,15.4853664107703,0.75908083400383
"10452","Lamp5","CAAP1",-0.0259635462316989,0.0486893819009695,0.593861481835841,-0.121392981187115,0.0694658887237176,7,0.00555935894573724,37.3965372550686,0.864830669906822
"10453","Lamp5","LGALS8",0.0803772160208646,0.0331475416745809,0.0153154771257925,0.0154092281626456,0.145345203879084,7,0,0,0.198652701678256
"10454","Lamp5","PTPN4",0.0574039139842213,0.0268983852892216,0.0328343830997175,0.0046840475750649,0.110123780393378,7,0,0,0.28229071710246
"10455","Lamp5","BORCS5",0.0398377057007727,0.0329954709515322,0.227290104321804,-0.024832229017168,0.104507640418713,7,0.000791665877094643,9.94268893894112,0.618466975559602
"10456","Lamp5","LDHA",-0.0978502433741358,0.0884767262015641,0.26875105758762,-0.271261440199213,0.0755609534509413,7,0.012486723653235,24.1130561420228,0.658491633751272
"10457","Lamp5","MACO1",0.0141435512664288,0.0294923908609242,0.631535946598276,-0.0436604726389609,0.0719475751718186,5,0.000602869194504956,13.2029526250631,0.882993296421211
"10458","Lamp5","USP31",0.013893419605252,0.0326314640161078,0.670277209605898,-0.050063074629134,0.0778499138396381,7,0,0,0.898234552854879
"10459","Lamp5","TAF1B",0.0256471723081546,0.0379236952997192,0.498860617798962,-0.0486819046399659,0.0999762492562751,7,0.0018151498617961,18.2916741869914,0.820760741706713
"10460","Lamp5","MCF2L2",0.0717557625066262,0.0376888158385516,0.0569231191518215,-0.00211295915689776,0.14562448417015,7,0.00246995389525537,26.3137440622445,0.351822889130082
"10461","Lamp5","RCOR1",0.0185816142534636,0.038427004406367,0.628700902255664,-0.0567339304167777,0.0938971589237049,7,4.67900272435464e-06,0.037953420639502,0.88191549991279
"10462","Lamp5","GTF2H1",-0.0317601260809344,0.0422088338458292,0.451779219300923,-0.114487920248195,0.050967668086326,7,0.00339501643904535,30.0019899396704,0.794714397310221
"10463","Lamp5","CAB39",0.0395686103681656,0.028504567633814,0.16509142937704,-0.0162993155889959,0.0954365363253271,7,0,0,0.551334376967334
"10464","Lamp5","YPEL2",0.0579355507984393,0.056691570306495,0.306807901095073,-0.0531778852293113,0.16904898682619,7,0.0103101433648143,54.7096275150712,0.6957260731822
"10465","Lamp5","CLEC16A",-0.0432792447590649,0.0301308535795125,0.150895285933597,-0.102334632598359,0.0157761430802294,7,5.2143609871006e-08,0.000696915224007731,0.530362942293128
"10466","Lamp5","NSG1",-0.0356282017451085,0.048780324093482,0.465157581286869,-0.131235880122525,0.0599794766323077,7,0,0,0.800751333613023
"10467","Lamp5","MLH3",0.010675481746936,0.0300541158328434,0.722433289081297,-0.0482295028726321,0.069580466366504,7,0.000168144408310042,2.35694182679542,0.916060917780033
"10468","Lamp5","AKT3",0.0612636840638724,0.0289656343759392,0.0344259241359627,0.00449208389767617,0.118035284230069,7,0.00011545906415645,1.83602526570592,0.287703178241735
"10469","Lamp5","SLC10A7",0.0688714008715362,0.0658923816735693,0.295925749995556,-0.0602752940642266,0.198018095807299,7,0.0132794594723858,49.680467023667,0.686247051424637
"10470","Lamp5","SLC2A13",0.0831596956439193,0.0404132037671978,0.0396155031001739,0.00395127176033314,0.162368119527506,7,0.0028209563119233,26.0458721114848,0.305062331986465
"10471","Lamp5","GALK2",0.0717762873309611,0.0360434062146149,0.0464386110422041,0.00113250927016867,0.142420065391754,7,0.00224882375179132,26.2715767440539,0.324260407768792
"10472","Lamp5","TBPL1",0.100455162032748,0.0451804310805204,0.0261873611694986,0.011903144308934,0.189007179756562,7,0.00145487619292903,9.9304606845293,0.252764045380173
"10473","Lamp5","SLC1A1",-0.0702024335544136,0.0343339633051511,0.0408850792376842,-0.137495765079029,-0.00290910202979779,7,0.00201780826319479,26.2136514008094,0.308910339384172
"10474","Lamp5","VOPP1",-0.00553780319103472,0.0342196192926,0.87143875666151,-0.0726070245692028,0.0615314181871333,7,0.00238119003262928,32.6408984913043,0.968577940382375
"10475","Lamp5","FBXW11",0.00813353025720087,0.0214873663496549,0.705039764584981,-0.0339809339107406,0.0502479944251424,7,0,0,0.910144531473291
"10476","Lamp5","UNC5D",-0.00194896815125529,0.0365649228287518,0.957491621511637,-0.0736148999930953,0.0697169636905847,7,0,0,0.993217221014664
"10477","Lamp5","TOGARAM1",0.00432120841976968,0.0254429775488812,0.865136799544645,-0.0455461112354987,0.0541885280750381,5,0,0,0.966919782985761
"10478","Lamp5","DPY19L3",0.0862198534773185,0.0586367187351215,0.141451502218525,-0.0287060034151247,0.201145710369762,7,0.0110647119658624,54.9557852843976,0.517380506058275
"10479","Lamp5","CUX1",-0.0591475431737595,0.0385026408986396,0.124490697342951,-0.134611332644772,0.016316246297253,7,0.00131679156596699,12.3262114142773,0.486676597412247
"10480","Lamp5","LINC00937",-0.0496789953815532,0.0518040509113491,0.337569339647523,-0.151213069421077,0.0518550786579704,7,0.00603098666624742,35.6775233187958,0.718581654119746
"10481","Lamp5","UBR3",0.00472506975529045,0.0244108424625256,0.846516985865105,-0.0431193023035408,0.0525694418141217,7,0.000206086055248298,4.55847233945539,0.959421815061179
"10482","Lamp5","PSMF1",0.0104824998041089,0.0281334288787485,0.709446590785229,-0.0446580075598573,0.0656230071680751,7,6.84533614877273e-06,0.106761883130393,0.912274097920567
"10483","Lamp5","GNL1",-0.116792345422637,0.0401821180026633,0.00365409121401969,-0.195547849530395,-0.0380368413148781,7,0,0,0.102367773426522
"10484","Lamp5","SACS",-0.0424078957994508,0.0295517747848056,0.15127650064611,-0.100328310056909,0.0155125184580071,7,0,0,0.531155511223377
"10485","Lamp5","WDR47",-0.0151955477782647,0.0269266541842218,0.572528834864587,-0.0679708202035043,0.0375797246469748,7,0,0,0.855896462631635
"10486","Lamp5","YPEL5",0.0639341030554585,0.0398403915043966,0.108547536081017,-0.0141516294231343,0.142019835534051,7,4.43602054917712e-05,0.3445450123974,0.463464486118256
"10487","Lamp5","CCDC14",0.0323431413705931,0.0290048584860577,0.264810176341147,-0.024505336638761,0.0891916193799472,7,0,0,0.654477926053113
"10488","Lamp5","TSEN2",0.0222835970046202,0.0329380450770524,0.498703793764042,-0.0422737850675593,0.0868409790767996,7,0,0,0.820696115264096
"10489","Lamp5","FRAS1",-0.143460723142733,0.0881718519752718,0.103724765577928,-0.316274377464463,0.0293529311789963,7,0.0192775357524903,37.9616490139626,0.455085911390479
"10490","Lamp5","MCCC1",0.0151520918614877,0.0368992043046757,0.681340451847747,-0.057169019633862,0.0874732033568374,6,0.00192310464913232,24.0572245126195,0.902242327942332
"10491","Lamp5","LCOR",0.0961566432472111,0.0301346634510858,0.00141831246549633,0.0370937881968475,0.155219498297575,7,0,0,0.066687732691207
"10492","Lamp5","TUT7",0.0561745781727623,0.0459603390301806,0.22161677128881,-0.0339060310436421,0.146255187389167,5,0.0034105512923624,35.1279824596162,0.611889333755611
"10493","Lamp5","TOMM7",-0.0799962720208072,0.0714236672652336,0.262703233517774,-0.219984087504437,0.059991543462823,6,0,0,0.653489535690467
"10494","Lamp5","MAP4K5",0.0481161861204293,0.0328503702567061,0.14300071766044,-0.0162693564615205,0.112501728702379,7,0.00183186663946181,26.1197320262376,0.519863907097606
"10495","Lamp5","DCTN2",-0.0182496274370666,0.0450302807839217,0.685275700879155,-0.106507355987279,0.070008101113146,7,0.00284163922897266,20.9081065784695,0.903181005962289
"10496","Lamp5","CHST11",-0.045320176382939,0.0375350458557355,0.22727442303243,-0.11888751441824,0.028247161652362,7,0.00176462050491999,18.0621789332433,0.618466975559602
"10497","Lamp5","UBE2O",-0.0239424535687889,0.0298857036552955,0.423054069829983,-0.082517356385805,0.0346324492482273,7,0,0,0.777218103596689
"10498","Lamp5","GNAI3",-0.0130915370750653,0.0318370241397639,0.680922370499621,-0.0754909577639349,0.0493078836138043,7,0,0,0.901888429372574
"10499","Lamp5","CHPT1",0.0789487120069769,0.0284533935625212,0.00552581370683259,0.0231810853864915,0.134716338627462,6,0,0,0.126596180306534
"10500","Lamp5","LINC01505",0.136269321738215,0.0513162578643813,0.00791955137419546,0.035691304502657,0.236847338973772,7,0.00333433663738228,18.3309857165946,0.148573498737866
"10501","Lamp5","SQSTM1",-0.0551023176708123,0.0310040193692844,0.0755248658485214,-0.115869079010592,0.00566444366896726,7,0,0,0.397711083523764
"10502","Lamp5","SOBP",-0.0254147630821923,0.0272713609483667,0.351377181210889,-0.0788656483503831,0.0280361221859985,7,0,0,0.72969127366908
"10503","Lamp5","CNIH3",0.00776418962399002,0.0348390245938868,0.823645259607897,-0.0605190438365333,0.0760474230845134,7,0,0,0.952809502647661
"10504","Lamp5","FRMPD1",-0.0539913003383056,0.036411593996937,0.138126178338403,-0.125356713191997,0.0173741125153858,7,0.00117818293896151,12.4077448378414,0.511408968033736
"10505","Lamp5","LTBP1",0.0551271249425957,0.0545687646883151,0.312384040282373,-0.0518256885273428,0.162079938412534,7,0,0,0.698802981245211
"10506","Lamp5","HECA",-0.15300240424706,0.0694070581354886,0.0274947220621899,-0.289037738465495,-0.0169670700286242,7,0.0104958079378418,34.090812264579,0.258905024521046
"10507","Lamp5","ATXN2L",-0.0126603890975875,0.054210086737931,0.815339743100654,-0.118910206702725,0.0935894285075496,5,0,0,0.949515906610951
"10508","Lamp5","ZC3H12C",0.0650385366231624,0.0404680883301699,0.108020120728979,-0.0142774590271563,0.144354532273481,7,0.00100968299137667,8.36123573794521,0.462647066984863
"10509","Lamp5","PAPSS1",0.101380195430194,0.0309793007754762,0.00106595594129126,0.0406618816440268,0.162098509216361,7,1.55974841702271e-06,0.020546978952148,0.0573576821673018
"10510","Lamp5","TMEM8B",-0.031578522116277,0.0343640572166534,0.358126722191686,-0.0989308366235913,0.0357737923910373,7,0.00102546104941905,12.0736417136624,0.734116810197184
"10511","Lamp5","EIF3H",0.0400868274379741,0.0309592125943613,0.195379881379475,-0.0205921142366928,0.100765769112641,7,0,0,0.588272573234939
"10512","Lamp5","ACTN4",-0.0187020789229784,0.0384263747393525,0.626471639912568,-0.0940163894685489,0.0566122316225921,7,0.00153217323908956,14.6622551882131,0.880683477338004
"10513","Lamp5","GALNT17",-0.062879213034256,0.0605488643957729,0.299043349917158,-0.181552806554771,0.0557943804862585,5,0.00982076711216338,58.2957152731205,0.688669251234218
"10514","Lamp5","ZNF532",-0.0204508206519827,0.0260174041673328,0.431841795452275,-0.0714439957911774,0.030542354487212,7,0,0,0.78284776371624
"10515","Lamp5","MTMR4",-0.0730823259749322,0.0454443057237946,0.10779719596945,-0.162151528495997,0.0159868765461326,7,0.00389543611485585,29.6380194752464,0.46255711036909
"10516","Lamp5","REEP2",-0.0318821955950543,0.032962730986631,0.333434324936387,-0.0964879611609335,0.0327235699708248,7,0,0,0.714655755395084
"10517","Lamp5","SUCLG1",-0.0411621357484173,0.0272612249968772,0.131065084647483,-0.0945931549167396,0.0122688834199051,6,4.4333856825863e-06,0.0854056731281795,0.499015392327047
"10518","Lamp5","SMC6",0.0202948438771514,0.0293654517078454,0.489494564463102,-0.0372603838599759,0.0778500716142786,7,0,0,0.815188065229667
"10519","Lamp5","SUPV3L1",-0.0692490657056185,0.0329516688187166,0.0355940811620088,-0.133833149820794,-0.00466498159044242,6,7.58399563041672e-06,0.104335868674522,0.290275837467776
"10520","Lamp5","NPC1",-0.0355060135211657,0.0391802381406023,0.364818093975033,-0.112297869182449,0.0412858421401174,7,0,0,0.73765853898863
"10521","Lamp5","SCRG1",-0.16333711070689,0.125045764010522,0.191478207801383,-0.408422304586808,0.0817480831730288,7,0.0378562100095214,38.6518575034384,0.585798896673508
"10522","Lamp5","MFF",-0.0152365402709961,0.0270958091067483,0.573897388321587,-0.0683433502521953,0.037870269710203,6,0,0,0.856247790013208
"10523","Lamp5","ZNF407",-0.0320965414562497,0.0353783358075021,0.364281388596322,-0.101436805471918,0.0372437225594183,7,0,0,0.737658430833555
"10524","Lamp5","DNHD1",0.0899993717450932,0.049725691711503,0.0703086688456545,-0.00746119311579455,0.187459936605981,7,0.000138150396644409,0.716228416907864,0.385313666944408
"10525","Lamp5","ORMDL1",-0.0583162802920569,0.0788603130318065,0.459610530380591,-0.212879653643952,0.0962470930598384,7,0.0212559282816306,59.063402498778,0.799114769561592
"10526","Lamp5","PTPN5",-0.0838803761800065,0.0367654969026155,0.0225190455213075,-0.155939425982852,-0.0118213263771612,7,0.00179194453075878,19.4928679166763,0.236647860623301
"10527","Lamp5","TXNDC15",-0.121082437469706,0.050405953677674,0.0162992216150462,-0.219876291284342,-0.0222885836550709,7,0.00289678110931593,16.3585649120854,0.205831458600146
"10528","Lamp5","SFXN5",0.0444316340759803,0.0344690193081852,0.197387313115347,-0.0231264023504785,0.111989670502439,6,0,0,0.589599871180598
"10529","Lamp5","PGM3",0.088978297068832,0.0309862945369538,0.0040848071760299,0.0282462757620523,0.149710318375612,7,0,0,0.108315319330691
"10530","Lamp5","RETREG3",-0.0154080907504656,0.0305530014130369,0.61404569905119,-0.0752908731396193,0.0444746916386881,5,3.96883693667688e-08,0.000718129742575669,0.874835896468094
"10531","Lamp5","FBXW8",-0.0478370145326879,0.03280276841332,0.144751677170381,-0.112129259216003,0.0164552301506273,7,4.15725744787502e-06,0.0486258270838506,0.521123798862538
"10532","Lamp5","TMSB10",-0.0933925145931179,0.0780180794327021,0.231282208049272,-0.246305140424199,0.0595201112379634,6,0,0,0.622328019279452
"10533","Lamp5","SLC8A2",0.0462259440647953,0.0360808977896594,0.200132206710232,-0.024491316132808,0.116943204262399,7,0,0,0.591415610548944
"10534","Lamp5","ADAM9",0.106014207878894,0.0425942348569832,0.0128127014908681,0.0225310416101659,0.189497374147621,7,0.00253216031562909,20.8035598308372,0.183587594183075
"10535","Lamp5","CCDC93",0.00303660415135005,0.0287984425135479,0.916024022250957,-0.053407305986051,0.0594805142887511,7,0,0,0.980776880683932
"10536","Lamp5","CWC27",0.102615087997869,0.0379379617296298,0.00683428725212386,0.0282580493609357,0.176972126634802,7,0.00179300736148728,18.0916009573847,0.139950755561899
"10537","Lamp5","LIN52",-0.0489662290371081,0.0389439800118898,0.208626779491593,-0.12529502727506,0.0273625692008437,7,0.00294046189226298,30.7640355164753,0.597883454574637
"10538","Lamp5","MPZL1",0.0699563710744346,0.0317472045580898,0.0275564094682455,0.00773299353075279,0.132179748618116,7,0,0,0.259281747309793
"10539","Lamp5","MAP3K13",-0.00998809229832331,0.0284225296547012,0.725277319994761,-0.0656952267710594,0.0457190421744128,7,0,0,0.91754908175366
"10540","Lamp5","KIZ",0.138664110322211,0.0358478991224273,0.000109675999904186,0.0684035191208282,0.208924701523593,7,0,0,0.0221289547120744
"10541","Lamp5","TNFRSF25",-0.00742224408104708,0.0572894653471669,0.896917024629634,-0.11970753285505,0.104863044692956,7,0.00634198546514424,30.7250687925296,0.976532292201911
"10542","Lamp5","ARHGEF11",0.0295779055899943,0.0279942363787012,0.290707303017099,-0.025289789486961,0.0844456006669496,7,0,0,0.680612497412194
"10543","Lamp5","NME5",0.0146009839360446,0.0383290315065691,0.703249267585633,-0.0605225373791318,0.0897245052512211,7,0,0,0.909107987358836
"10544","Lamp5","SDAD1",0.00352674324242266,0.0285419341557939,0.901660839319705,-0.0524144197520469,0.0594679062368922,7,0,0,0.977956078464346
"10545","Lamp5","CRYL1",-0.083196067250414,0.0402362055138,0.0386690250677664,-0.162057580932014,-0.00433455356881399,7,0.000372970018719779,3.03099776281981,0.302052822198183
"10546","Lamp5","ATXN1",0.0375219733130451,0.0335503876331869,0.26340612209851,-0.0282355781153592,0.103279524741449,7,0.00148157231422229,19.1247932947348,0.653860744816006
"10547","Lamp5","BNIP3",0.0241801983549764,0.0400404151077011,0.545913588193311,-0.0542975731821512,0.102657969892104,6,0,0,0.843421483116018
"10548","Lamp5","RUFY1",-0.0552296185179215,0.0340151741459078,0.104444996992799,-0.121898134771759,0.0114388977359158,7,2.04485926120054e-05,0.216246325551871,0.455361909966053
"10549","Lamp5","DOCK9",0.0792035746417445,0.0276132109847657,0.00412655601998315,0.0250826756140979,0.133324473669391,7,0,0,0.109180273103935
"10550","Lamp5","MPC1",-0.0698833341636886,0.0405323856187457,0.0846833436701355,-0.149325350183919,0.00955868185654211,6,0.00171228477280328,17.2952885765658,0.41778915496496
"10551","Lamp5","MPRIP",-0.040207791242007,0.0292149453116238,0.168736590505199,-0.0974680318630969,0.0170524493790829,7,0.001294470070455,22.8540508275983,0.556906280559273
"10552","Lamp5","NHLRC2",0.0465236340686427,0.049727021194262,0.349489190267705,-0.0509395365305708,0.143986804667856,7,0.00608324019394081,40.507699852337,0.728618713638442
"10553","Lamp5","SPTBN1",0.024363280960983,0.0225883243024892,0.280775669668542,-0.0199090211430066,0.0686355830649726,7,0,0,0.670330017986544
"10554","Lamp5","MAK",-0.0662616551317683,0.0812378624908845,0.414700395840703,-0.225484939794919,0.0929616295313826,7,0.00199081227052408,3.90560677137445,0.772206678128822
"10555","Lamp5","PACRGL",0.011076775469864,0.0330539336027277,0.737540471578725,-0.0537077439388606,0.0758612948785885,7,0.00057650062816593,6.91816523882096,0.921463278270996
"10556","Lamp5","INTS9",0.0186054296169431,0.0405530890793424,0.646383597352351,-0.0608771644404125,0.0980880236742986,7,0.00289236904184795,26.8975601878528,0.887588214703552
"10557","Lamp5","VPS36",-0.0840970491108753,0.0315733186459844,0.00773213842532683,-0.145979616529412,-0.0222144816923388,7,0,0,0.14721869060901
"10558","Lamp5","CEP57",0.00377611671144868,0.0302865432667841,0.900777139936979,-0.0555844173076622,0.0631366507305596,7,0.00143174847301048,23.6717678967411,0.977956078464346
"10559","Lamp5","TCERG1",-0.0440947997195206,0.0262783227941,0.0933487774298331,-0.0955993659700745,0.00740976653103325,7,0,0,0.435876457306665
"10560","Lamp5","MAGI1",0.0343163237969705,0.0272892730621859,0.208571804643425,-0.0191696685691929,0.0878023161631338,7,0,0,0.597883454574637
"10561","Lamp5","SRM",-0.0234508059017032,0.0472482406386622,0.619660310234979,-0.116055655886363,0.0691540440829564,7,0,0,0.877471007323414
"10562","Lamp5","CAMSAP1",-0.0152808976714596,0.0301823353109804,0.61265580000319,-0.0744371878502928,0.0438753925073736,7,0,0,0.874313927474719
"10563","Lamp5","ENY2",0.0705071998529958,0.0531098325005528,0.184319083412796,-0.0335861590730426,0.174600558779034,7,0.00191512095782007,9.08492769345899,0.576732579417484
"10564","Lamp5","IGF1",-0.113045377410963,0.0457858873404771,0.0135491040111604,-0.202784067598507,-0.0233066872234197,7,8.14410979228467e-06,0.0493458514623286,0.186245672263756
"10565","Lamp5","PPP2R2D",-0.00558610238372342,0.0305335518084536,0.854837531187371,-0.0654307642483803,0.0542585594809335,7,6.57243819095017e-06,0.0895526717176986,0.962256190213014
"10566","Lamp5","TTLL7",-0.00356925824710779,0.0251879172783556,0.887312886468592,-0.0529366689582588,0.0457981524640432,7,0,0,0.974048907196735
"10567","Lamp5","CBX3",0.011599079036225,0.0365609363367621,0.75105138189956,-0.0600590394248905,0.0832571974973404,7,0,0,0.925975950944022
"10568","Lamp5","TPGS2",0.0863090722525809,0.0382723041160809,0.0241250863542776,0.0112967345796982,0.161321409925463,7,0.00113305503886038,10.5029077504703,0.245333254856128
"10569","Lamp5","RAP1GDS1",0.0818731414778743,0.0284154023595211,0.00396045446578331,0.0261799762469985,0.13756630670875,7,0,0,0.106673592243925
"10570","Lamp5","XRRA1",0.00246410255459336,0.0466887779758907,0.957909435081197,-0.0890442207603394,0.0939724258695261,7,0,0,0.993217221014664
"10571","Lamp5","STK38L",0.0238360510328683,0.0319583735163766,0.455759957518487,-0.0388012100637085,0.0864733121294452,7,0,0,0.796614050272375
"10572","Lamp5","CLK1",-0.0308436613947447,0.037949736452212,0.416361209955436,-0.105223778063867,0.0435364552743777,7,0,0,0.773057554705334
"10573","Lamp5","BCLAF3",0.00798185830266418,0.0345558443266631,0.817326981277715,-0.0597463520329683,0.0757100686382966,5,0,0,0.950417319968123
"10574","Lamp5","SLTM",-0.0344287419041913,0.0256530794495178,0.179566809488031,-0.0847078537177907,0.0158503699094082,7,0,0,0.572497860481836
"10575","Lamp5","IPO9-AS1",-0.0516372532625553,0.0861000253503183,0.548682436202237,-0.220390202017165,0.117115695492054,7,0.00534792971379724,9.90865137873936,0.844764971297428
"10576","Lamp5","ST7",0.0703759807907505,0.0376256956759624,0.0614250481107541,-0.0033690276274002,0.144120989208901,7,0.0026939349948446,29.2396604483535,0.365645669664763
"10577","Lamp5","ADNP2",-0.00438319289588367,0.0365906066450735,0.904649414418252,-0.0760994640926997,0.0673330783009323,7,0.00147946982326057,15.8235223391859,0.978961685897185
"10578","Lamp5","WDR44",-0.00362490901009234,0.0290653072050581,0.900748385865331,-0.0605918643315987,0.053342046311414,7,3.74485713846907e-05,0.544252762416901,0.977956078464346
"10579","Lamp5","GABPB1-AS1",-0.104023149299329,0.11373279739311,0.360387193005485,-0.326935336050816,0.118889037452158,5,0.0203029448927087,31.9160460824047,0.735279972213913
"10580","Lamp5","MBD2",-0.080244935625227,0.0321532822987447,0.0125708988557015,-0.143264210915516,-0.0172256603349382,7,0,0,0.181789091051703
"10581","Lamp5","THUMPD2",0.0299808996455583,0.029290645096131,0.306040453129793,-0.0274277098268032,0.0873895091179197,7,6.47602517236998e-06,0.0937695008529789,0.695409040277255
"10582","Lamp5","ZNF25",0.046216043388838,0.0397479999025107,0.244940582467197,-0.0316886048775845,0.12412069165526,7,0.00203487975558655,18.7344399502869,0.636602338199387
"10583","Lamp5","FKBP3",0.0346205131247959,0.0357681621381409,0.333087206780348,-0.0354837964591495,0.104724822708741,7,0.00115284659584111,12.5033464159098,0.714637586273086
"10584","Lamp5","STK24",0.0187555022372064,0.0271751765233591,0.4900870402912,-0.0345068650220957,0.0720178694965086,7,0,0,0.815738797170636
"10585","Lamp5","DOP1A",0.034444510155648,0.0247499696185434,0.164013538490774,-0.0140645389151576,0.0829535592264535,5,0,0,0.550591979769544
"10586","Lamp5","MED4",0.00160879678408733,0.0294447553379593,0.956427020136111,-0.0561018632119064,0.0593194567800811,7,0,0,0.992960390121343
"10587","Lamp5","RBPJ",0.0855540008130118,0.031002829999757,0.00578802217703949,0.0247895705946701,0.146318431031353,7,0,0,0.129038690598033
"10588","Lamp5","MSL2",-0.0389188973976617,0.0339316099571186,0.25138965048712,-0.105423630851075,0.0275858360557515,7,1.56213020268232e-06,0.0166861914581744,0.64193208701728
"10589","Lamp5","DCUN1D2",0.0114260634568514,0.0316092293754014,0.717741617587333,-0.0505268876980009,0.0733790146117037,7,1.35868684444394e-06,0.0167792979588858,0.914692242617958
"10590","Lamp5","RIOK3",0.0214669069406505,0.0297055448620596,0.469890908459667,-0.0367548911301251,0.0796887050114261,7,0,0,0.804834027168301
"10591","Lamp5","CHRM3-AS2",-0.103523327943586,0.108383340510533,0.339497273721091,-0.315950771868372,0.108904115981201,7,0,0,0.720537124804784
"10592","Lamp5","BAZ1B",-0.0262177848857908,0.026645985857114,0.325149931561499,-0.0784429574982978,0.0260073877267163,7,0,0,0.708716130294416
"10593","Lamp5","CFAP97",-0.00825896196856181,0.0421972148194981,0.844827046241271,-0.0909639832626778,0.0744460593255542,7,0,0,0.959421815061179
"10594","Lamp5","TMLHE",0.0244219661726961,0.0424911281913826,0.565457358164115,-0.0588591147448883,0.10770304709028,6,0,0,0.852935819308762
"10595","Lamp5","SERP1",0.0770738821296617,0.0311602336188593,0.0133808289320931,0.0160009464868433,0.13814681777248,7,0,0,0.185623584581856
"10596","Lamp5","KCNH1",0.0317413648393833,0.0644162207095377,0.622186258889675,-0.0945121077714937,0.15799483745026,7,0.0102644084241657,37.8790108562612,0.878190154199593
"10597","Lamp5","CCT4",-0.0223667526229491,0.0404882923214114,0.580657075316028,-0.101722347368445,0.0569888421225467,7,3.65015278365217e-06,0.0285306424688319,0.858378677238391
"10598","Lamp5","SLC32A1",-0.0798526160075828,0.0882886297977576,0.365757047075393,-0.252895150655578,0.0931899186404119,7,0.0140967228433826,27.762365851433,0.737993677404189
"10599","Lamp5","METTL25",0.0367463956519321,0.0440168494031526,0.403815872184259,-0.0495250438911704,0.123017835195035,7,0.00185244323057492,13.4262057199371,0.766307107118726
"10600","Lamp5","ANP32A",0.0466424312166574,0.0359129951298196,0.194025640007805,-0.0237457458147513,0.117030608248066,7,0,0,0.587583280058094
"10601","Lamp5","XPO4",-0.00160582970633283,0.0296759394887333,0.956845790188273,-0.0597696023116401,0.0565579428989744,7,0.00119185921920713,19.811747578278,0.993215417244437
"10602","Lamp5","PCID2",0.0470867129411654,0.0304630760050411,0.12217754203181,-0.0126198188870215,0.106793244769352,7,0,0,0.483792114801566
"10603","Lamp5","PIK3C2A",-0.0732749914476103,0.0301993160643549,0.0152503276684952,-0.132464563291488,-0.0140854196037328,7,0.00076044497846067,11.5853902689109,0.198226084490297
"10604","Lamp5","LRPAP1",-0.112726509384098,0.0660814205414944,0.0880317326150614,-0.242243713692672,0.0167906949244767,7,0.00555009747830275,18.3898441804832,0.424014694316402
"10605","Lamp5","C1D",0.00831024043661938,0.0329069693136945,0.800625710468334,-0.0561862342585865,0.0728067151318253,7,5.49650524353937e-07,0.00632756955158716,0.944568694842522
"10606","Lamp5","KMT2C",0.0676602477402299,0.0273410767532667,0.0133357897214627,0.0140727220052818,0.121247773475178,7,0,0,0.185445010789502
"10607","Lamp5","CCT2",-0.0542773588780171,0.0408492271945019,0.183938960475559,-0.134340372975535,0.0257856552195007,7,0,0,0.576297099378362
"10608","Lamp5","PCDH9",0.0732231925456478,0.0419892080341541,0.0811839527056765,-0.00907414294065402,0.15552052803195,7,0,0,0.410887925641828
"10609","Lamp5","NAE1",-0.0206694903336634,0.0284193726583108,0.467040461161927,-0.0763704372071749,0.0350314565398481,7,0,0,0.802865326974631
"10610","Lamp5","CASP8AP2",0.0571561186389917,0.0327798292684463,0.0812224313251344,-0.00709116614653502,0.121403403424518,7,0,0,0.410887925641828
"10611","Lamp5","EXOC6",0.0311939099128262,0.050766080433949,0.538909001581576,-0.0683057793739774,0.13069359919963,7,0.00544425966635374,32.6500329980983,0.839382175581193
"10612","Lamp5","AKAP1",-0.0316129967407978,0.0317632449688012,0.319605088161112,-0.0938678129117712,0.0306418194301756,6,0,0,0.704062213401684
"10613","Lamp5","SEM1",0.0788432195943969,0.0442810281617736,0.0749910345808583,-0.00794600080108308,0.165632439989877,5,3.36190942980979e-06,0.0307727311498514,0.395422302712736
"10614","Lamp5","CACNA1I",0.0260667995931644,0.0323251004307779,0.420015124884452,-0.0372892330478004,0.0894228322341293,7,0,0,0.775267923829783
"10615","Lamp5","CDH11",-0.0123109815830521,0.0686675479877478,0.857714836268149,-0.146896902545714,0.122274939379609,7,0.00351725763255183,10.2502156781008,0.96386127860654
"10616","Lamp5","MAST1",-0.00830962829700869,0.0359515313906867,0.817210549843486,-0.0787733350118159,0.0621540784177985,7,0.00217757202793659,26.1775133759809,0.950417319968123
"10617","Lamp5","BAZ2A",0.105050535098544,0.0383368059646436,0.00614017135461926,0.0299117761255417,0.180189294071545,7,2.03732160201796e-06,0.0173617247567329,0.132306863477282
"10618","Lamp5","SBDS",0.00523531242160315,0.0779391196933318,0.94644491981855,-0.147522555164084,0.15799318000729,7,0.0139136368390626,37.392778226841,0.988865030560056
"10619","Lamp5","CREG2",0.0447951172310946,0.0616538600221202,0.467496645705755,-0.0760442279201348,0.165634462382324,7,0.0107364630818167,47.3834095041816,0.803448069468983
"10620","Lamp5","TLE2",-0.186426099264112,0.0398525402836668,2.89831327626067e-06,-0.26453564291253,-0.108316555615693,7,0.00140668638331717,12.3420718916199,0.00660507085109052
"10621","Lamp5","MXI1",0.16596632291267,0.0342236044057594,1.23792153031771e-06,0.098889290856235,0.233043354969105,7,0,0,0.00493476786035651
"10622","Lamp5","DEAF1",-0.0968116090818293,0.0318424264863009,0.0023631599036753,-0.159221618175343,-0.0344015999883152,7,0,0,0.0833125240184361
"10623","Lamp5","BACH1",-0.0735271616616937,0.0511660483862106,0.150709385299525,-0.1738107737299,0.0267564504065129,7,0,0,0.53025405672169
"10624","Lamp5","NCOA1",0.0776299617134933,0.0288563786239063,0.00714052634488009,0.0210724988863855,0.134187424540601,7,0,0,0.141746354561819
"10625","Lamp5","DAAM1",0.0615253301885537,0.0242281115070583,0.0111036707896148,0.0140391042212989,0.109011556155808,7,0,0,0.171119586305417
"10626","Lamp5","PUM2",0.0551877298734768,0.024314022623173,0.023220316460047,0.00753312121276561,0.102842338534188,7,0,0,0.240217789399396
"10627","Lamp5","DHX29",-0.036672123968348,0.0395944874874262,0.354345862673819,-0.114275893430025,0.0409316454933291,7,0.00343573120908863,35.1753915178309,0.731254904523935
"10628","Lamp5","NHS",0.0233018552236986,0.0330488117968433,0.480764236758757,-0.0414726256299567,0.088076336077354,7,0,0,0.811287580904848
"10629","Lamp5","RIC8B",0.00562542065440358,0.0330231551774422,0.864736649673939,-0.0590987741492605,0.0703496154580677,7,0.00113348857925495,14.7165645287224,0.966846072686111
"10630","Lamp5","ZER1",-0.082387849343757,0.033249325679833,0.0132165473635895,-0.147555330186472,-0.0172203685010416,7,0.0010565058861813,13.420720551383,0.185282376107453
"10631","Lamp5","TTC27",-0.00767741264835886,0.039126136750107,0.844436332384329,-0.0843632315327576,0.0690084062360398,7,0,0,0.959421815061179
"10632","Lamp5","EPB41L4B",-0.010874534429365,0.0363519439574322,0.764828737488229,-0.0821230353539505,0.0603739664952206,7,3.66319781368312e-07,0.00351594960044665,0.929871259341206
"10633","Lamp5","GALNT8",-0.0214815904885577,0.0349959428424754,0.53932708731214,-0.0900723780648319,0.0471091970877164,7,4.14342303491068e-06,0.0432273910105257,0.839382175581193
"10634","Lamp5","DCUN1D5",-0.0269587876404052,0.0643631165230773,0.675322396107135,-0.153108177958391,0.0991906026775811,7,0.013978548822103,60.2188198556696,0.900053553443132
"10635","Lamp5","GCFC2",0.0239324329870707,0.0356263948881476,0.501735675934017,-0.0458940178927006,0.0937588838668419,7,4.41589123585939e-07,0.00436771422364734,0.821953006643139
"10636","Lamp5","ZC3H7A",-0.044112884811403,0.0283659919870827,0.119914442421588,-0.0997092074918367,0.0114834378690308,7,0.000255593323634053,4.07618436707277,0.478976892758775
"10637","Lamp5","FMN2",0.0223385084168739,0.028140675367791,0.427302762359939,-0.0328162018046299,0.0774932186383777,7,0,0,0.779974636794798
"10638","Lamp5","CBX1",-0.009001177685094,0.0360641083600182,0.8029057863865,-0.0796855312052796,0.0616831758350916,7,0,0,0.945271134706732
"10639","Lamp5","JPX",-0.0279466945909733,0.0501269622813236,0.577173416708216,-0.126193735316765,0.0703003461348187,7,0.0044185900156271,26.4727568870126,0.857671876115575
"10640","Lamp5","ING5",-0.0683586514059635,0.0306439087175539,0.0256982299223421,-0.128419608837902,-0.00829769397402488,7,0,0,0.251144289597949
"10641","Lamp5","SLC4A8",-0.192854877614374,0.0373404081090327,2.40725858432184e-07,-0.266040732676106,-0.119669022552643,7,0,0,0.00287884054099049
"10642","Lamp5","GOSR1",-0.0311022099712543,0.0266482564314614,0.243154382604158,-0.0833318328277065,0.0211274128851979,7,0,0,0.635490783996521
"10643","Lamp5","PPARG",-0.000201764859191046,0.0536990115997516,0.997002092171141,-0.105449893600103,0.105046363881721,7,0,0,0.999491564254049
"10644","Lamp5","WDR75",-0.0280831850841717,0.0287160031462344,0.328092684409835,-0.0843655170307301,0.0281991468623866,7,0,0,0.710834120387789
"10645","Lamp5","ANKRD30BL",-0.0791412943056155,0.0603270536132247,0.189563763650032,-0.197380146680953,0.039097558069722,7,0,0,0.583096081135402
"10646","Lamp5","GLYR1",-0.066975436546123,0.0279384177741397,0.0165185448201488,-0.121733729168471,-0.0122171439237755,7,0,0,0.206238639985863
"10647","Lamp5","SUMF2",-0.0624757962480955,0.0372995067234211,0.0939388476601654,-0.13558148606711,0.0106298935709194,7,0.000151518771593531,1.32968166516002,0.436786422693592
"10648","Lamp5","SOX13",-0.00641143471581928,0.0635958670246608,0.919697102262335,-0.131057043649753,0.118234174218114,7,0.00971924977575131,38.9045892795717,0.982309092211961
"10649","Lamp5","MAU2",-0.0931840099000081,0.0306391372337705,0.00235528311578841,-0.153235615395579,-0.0331324044044377,7,0,0,0.0833125240184361
"10650","Lamp5","KAT6A",0.0183268891761389,0.0263196721997768,0.486229044816979,-0.0332587204203237,0.0699124987726016,7,0,0,0.81394360959774
"10651","Lamp5","ITPR1",-0.0580348785571211,0.0493899817254243,0.239981350287989,-0.154837463936044,0.038767706821802,7,0.00379907524096059,23.0434368005312,0.631215470616493
"10652","Lamp5","SGIP1",0.0411475101019124,0.0355277525636424,0.246790845105838,-0.0284856053744772,0.110780625578302,7,0.00116022849171453,12.8069656783928,0.638134425215289
"10653","Lamp5","TRAPPC13",0.0245461484715033,0.0320974408240488,0.444427280829709,-0.038363679539538,0.0874559764825445,7,0,0,0.789850772988927
"10654","Lamp5","CARS2",-0.00108866428075913,0.0297364544166905,0.970795629907279,-0.0593710439653894,0.0571937154038712,6,0,0,0.996288075007393
"10655","Lamp5","KDM5B",0.0363476161003167,0.0366485584998248,0.321300745430552,-0.0354822386446492,0.108177470845282,7,0.00326189822734576,40.4197936454328,0.706200259989702
"10656","Lamp5","VCP",-0.00179884121756663,0.037867446506925,0.962111836236969,-0.0760176725576366,0.0724199901225034,7,5.02314799425443e-06,0.0427525196344944,0.994163912108515
"10657","Lamp5","RAP1B",0.0221117250863248,0.0288407721259097,0.443270108590139,-0.0344151495667848,0.0786385997394344,7,7.63547772010258e-07,0.0108332433519235,0.789496392228061
"10658","Lamp5","EIF2AK2",0.0397792355172531,0.0312566708396534,0.203137345397989,-0.0214827136050909,0.101041184639597,7,0,0,0.593161131697475
"10659","Lamp5","TMEM132B",-0.0603836914609993,0.0277032386343652,0.0292825388801933,-0.114681041439474,-0.00608634148252484,7,0.000138934891755512,2.3828234568765,0.26566404710609
"10660","Lamp5","FBXO16",0.0071343251982564,0.035356276405753,0.840085716008218,-0.0621627031844627,0.0764313535809755,7,0,0,0.958356578693386
"10661","Lamp5","ST6GALNAC5",-0.032000103701679,0.0481520016717084,0.506329177399503,-0.12637629276174,0.0623760853583819,7,1.18973301826101e-06,0.00644944007761367,0.822824639047686
"10662","Lamp5","CNTN1",0.128582278217022,0.032654830026258,8.22941328791337e-05,0.0645799874442791,0.192584568989765,7,3.98189033693277e-06,0.0487271315557938,0.0189260679827223
"10663","Lamp5","GCC2",-0.0263787094518154,0.0266549821569214,0.322352442754728,-0.0786215144879392,0.0258640955843083,7,0,0,0.706734763099365
"10664","Lamp5","DNAJC3",-0.00411773551179201,0.0325200752596626,0.899240105877854,-0.0678559117952628,0.0596204407716787,7,4.91604096205435e-06,0.0591269464698544,0.977726377506433
"10665","Lamp5","PANK2",-0.00272555249925357,0.0281498339218718,0.922866926525083,-0.0578982131569063,0.0524471081583991,6,6.9130187546977e-06,0.126415101009618,0.982375103729229
"10666","Lamp5","TSG101",-0.00327970911930503,0.0280620828023717,0.906960431298518,-0.0582803807431344,0.0517209625045244,7,4.24007312009736e-06,0.0654357059061288,0.9796328980865
"10667","Lamp5","GRIA2",-0.0328674763855754,0.0260976609495,0.207884752569546,-0.0840179519273328,0.0182829991561819,7,0.000531134851761801,10.6246791655673,0.597044609985398
"10668","Lamp5","CAST",0.0251315436702451,0.0681402427350754,0.712261246986497,-0.10842087798832,0.15868396532881,5,0,0,0.913353233188024
"10669","Lamp5","ARHGAP20",0.067219390865899,0.0441370664558448,0.127766422206226,-0.0192876697708078,0.153726451502606,7,0.00296293517134548,22.7407033787188,0.491621185059283
"10670","Lamp5","PRUNE2",0.0644386696606476,0.0300656269048835,0.03209165522385,0.0055111237544575,0.123366215566838,7,0.000556338981599803,8.36970406729348,0.278104423784074
"10671","Lamp5","ARHGEF4",-0.00922939500678475,0.0293500209824313,0.753172017835313,-0.066754379077845,0.0482955890642755,7,0,0,0.926555528105898
"10672","Lamp5","MCPH1",0.00844656267602193,0.0295108198408938,0.774710253932337,-0.0493935813663799,0.0662867067184237,7,0,0,0.934135907116033
"10673","Lamp5","TRAF3IP1",-0.0772663676023225,0.0328610333737629,0.0187076073958354,-0.141672809509667,-0.0128599256949785,7,0,0,0.219225254244954
"10674","Lamp5","PRR14L",-0.0354898670366271,0.0305466156885607,0.245305954865009,-0.0953601336357923,0.0243803995625382,7,0,0,0.636634964025746
"10675","Lamp5","SHOC2",0.0806966046172969,0.0408515561937655,0.0482271017017113,0.000629025765102376,0.160764183469492,7,0.00301360634161993,27.8005642895786,0.328369581480014
"10676","Lamp5","JAK1",-0.0901831611052689,0.0323948252301272,0.00537136434459382,-0.153675851841788,-0.0266904703687501,7,6.04735784903105e-06,0.0735879593800668,0.125216659253406
"10677","Lamp5","CSGALNACT1",0.0403002508017606,0.0459680702328701,0.380649091123781,-0.0497955112934724,0.130396012896994,7,0,0,0.750937393723078
"10678","Lamp5","MGAT3",0.0577343316032142,0.033982191975531,0.0893270160072779,-0.00886954078455264,0.124338203990981,7,0,0,0.427133860228323
"10679","Lamp5","HS6ST2",0.0677554786740494,0.0505943060814826,0.180508248665119,-0.0314075390684523,0.166918496416551,7,0.00387888349962772,22.4910999681665,0.572750900978019
"10680","Lamp5","PLEKHO1",0.0108824098658931,0.0410549094262601,0.790955818465788,-0.0695837339981306,0.0913485537299169,7,0.00148363857392469,12.2577405434812,0.940324166268341
"10681","Lamp5","TBC1D1",0.0602694857550402,0.0474878043317782,0.204385025382943,-0.0328049004401303,0.153343871950211,7,0.00512005445645821,35.4133497600567,0.593908097926263
"10682","Lamp5","MAP1LC3A",-0.144135447354659,0.0711228699744035,0.0427064464151936,-0.283533710981615,-0.0047371837277029,7,0.00718043592703034,21.136591705663,0.311919424079451
"10683","Lamp5","MTM1",0.0141088183775891,0.033241155784084,0.671246221697416,-0.0510426497637009,0.0792602865188791,7,0,0,0.898591731149468
"10684","Lamp5","PRKAR2B",0.0497307683066146,0.0431960519710118,0.249616894891072,-0.0349319378308891,0.134393474444118,7,0.00500750002386154,43.5305289408828,0.640240491404512
"10685","Lamp5","STAT5B",0.00196479499525302,0.0247266110527434,0.936666151880059,-0.0464984721278541,0.0504280621183601,7,0,0,0.986142275678281
"10686","Lamp5","CHRDL1",0.0581979708253313,0.0687427920135102,0.397215493207398,-0.0765354257178763,0.192931367368539,7,0.015463087512439,53.2444277413872,0.761632208316062
"10687","Lamp5","STS",-0.0157232027713061,0.0580618399473068,0.786544111227809,-0.129522317944156,0.0980759124015443,7,0.00508506442701715,22.4633016360358,0.938643357904296
"10688","Lamp5","PRKRA",0.0432344707781452,0.0336761147793772,0.199200775580438,-0.0227695013286712,0.109238442884962,7,0.000488184718416334,5.57182545225328,0.591146851544706
"10689","Lamp5","ZNF638",0.0949979104623837,0.0332238884196907,0.0042454295489561,0.0298802857334126,0.160115535191355,7,0.00194185322180828,26.7093861519991,0.110733744220427
"10690","Lamp5","ZNF81",-0.0355827334199119,0.036548452722092,0.330266604596262,-0.107216384445877,0.0360509176060532,7,0.000541531933737493,5.36929723626413,0.712291852906527
"10691","Lamp5","PCF11",-0.0209910086357519,0.0314625211365789,0.504660335735805,-0.0826564169262767,0.0406743996547728,7,0.000367711997617399,4.85371830956065,0.822470971110462
"10692","Lamp5","DENND6A",0.0469441763181093,0.0313054746512937,0.133730578775578,-0.014413426517358,0.108301779153577,7,0.000903457142511591,12.7945653289859,0.503696025208236
"10693","Lamp5","HDAC9",-0.0168216554098425,0.0338004841784675,0.618713143228173,-0.0830693870596547,0.0494260762399697,7,0,0,0.877471007323414
"10694","Lamp5","DAP3",-0.0512609624660912,0.0375919794650741,0.172688974802881,-0.124939888325206,0.0224179633930232,6,0.00187421624926768,22.5199577508098,0.563117247989338
"10695","Lamp5","ATP6AP1L",-0.0353414784357852,0.0719949519387899,0.623505463742883,-0.176448991304505,0.105766034432935,5,0,0,0.878935576968513
"10696","Lamp5","ACO1",-0.0764180709132155,0.0306659542095795,0.0127043380079876,-0.136522236715546,-0.0163139051108852,7,0,0,0.183049612334366
"10697","Lamp5","CALR",-0.0854480579979147,0.0513727205491546,0.0962531312563998,-0.186136740062098,0.015240624066269,7,3.38047008952407e-06,0.0148287436362692,0.441076021281022
"10698","Lamp5","TCEAL7",-0.0737943569534378,0.0760208666770707,0.331691783831673,-0.222792517714017,0.0752038038071418,7,0.00616412066478748,15.1237616712808,0.713820774310415
"10699","Lamp5","GAREM1",-0.0171307638366411,0.0432173510107682,0.691820105773533,-0.101835215324973,0.0675736876516904,7,0.00170035471884306,12.7919699064553,0.905095355535027
"10700","Lamp5","CSTF3",0.0917172900685369,0.0295226653140318,0.00189205068193768,0.0338539293254047,0.149580650811669,7,0,0,0.0752136331710811
"10701","Lamp5","CWF19L2",0.0475309338607649,0.0332595478342399,0.152977964276515,-0.0176565820364325,0.112718449757962,7,0,0,0.534237775584196
"10702","Lamp5","ANKUB1",-0.111962170788986,0.0945684114369499,0.236441646574038,-0.297312851280573,0.0733885097026019,7,6.21542948321049e-06,0.00893827770968124,0.626447177645301
"10703","Lamp5","XPA",-0.015259520654632,0.0296701434365208,0.607038353382735,-0.0734119332063502,0.0428928918970863,7,0,0,0.871392590097723
"10704","Lamp5","GRIN2D",-0.0248038177828626,0.0462076983344634,0.591412868411781,-0.115369242326902,0.0657616067611771,7,7.40648384822285e-06,0.0440635427494675,0.863156760231449
"10705","Lamp5","SLC13A3",-0.0825125583823244,0.0478391623456162,0.0845651377870323,-0.176275593630297,0.0112504768656481,7,2.25688000154103e-06,0.0125295380898443,0.417662850601646
"10706","Lamp5","SH3KBP1",-0.00215142514088593,0.0303812837241703,0.943545660646862,-0.0616976470443526,0.0573947967625808,7,0,0,0.988056145057436
"10707","Lamp5","DDHD2",-0.0782003523391596,0.0338196131515997,0.0207623603100936,-0.144485576087372,-0.011915128590947,7,0,0,0.22867109709499
"10708","Lamp5","ECHDC1",-0.0066143731850469,0.0412435023693247,0.872586703727054,-0.0874501524252157,0.0742214060551219,6,0.00371547564790308,39.6970680503379,0.968577940382375
"10709","Lamp5","EXTL3",-0.0457617891013665,0.0330609954838164,0.16630871277628,-0.110560149542688,0.0190365713399551,7,0.000797516981281267,9.99123637882515,0.553544641272343
"10710","Lamp5","MID1",0.15226556635503,0.0497473411037862,0.00220762725245412,0.05476256946498,0.24976856324508,7,5.09604421274128e-06,0.0270571414342448,0.0816886502338042
"10711","Lamp5","VPS41",0.0129497575925408,0.025377925684382,0.609857805530624,-0.0367900627511819,0.0626895779362635,7,8.47921508889047e-07,0.0164395538976143,0.873238684906696
"10712","Lamp5","SMURF1",0.0136091950791502,0.0402135063013045,0.735044076163198,-0.065207828963481,0.0924262191217815,7,0.0034281452449216,33.8033826881489,0.920845600967492
"10713","Lamp5","SH3BGRL",0.0876319252536037,0.0339629144639049,0.00987362615674926,0.0210658360943357,0.154198014412872,7,0,0,0.164226279845013
"10714","Lamp5","RAB12",0.0094310140035848,0.0290270570059131,0.745253544980629,-0.0474609723051959,0.0663230003123655,7,5.77063450199037e-06,0.0832177462009566,0.923956784617804
"10715","Lamp5","ATG7",-0.0170179744876317,0.0301600242942895,0.572579925445913,-0.0761305358772923,0.0420945869020288,7,0,0,0.855896462631635
"10716","Lamp5","HNRNPU",0.0559117011779797,0.0288783478737292,0.0528540473796452,-0.000688820587548475,0.112512222943508,7,0,0,0.341371320161645
"10717","Lamp5","CREBZF",-0.078762796586086,0.0317468664446731,0.0131028024461712,-0.140985511439648,-0.0165400817325236,7,0.000162362101851439,1.99505135518563,0.185230150603579
"10718","Lamp5","FRA10AC1",0.0287908098576153,0.0331302336782418,0.384836617740259,-0.0361432549511345,0.0937248746663651,7,0.00149553390098996,20.3360548370405,0.754115488360726
"10719","Lamp5","PCBP3",0.0605917673031413,0.095432322595427,0.525481432697903,-0.126452147944904,0.247635682551186,7,0.0343571987643577,62.5107961109167,0.833784324483777
"10720","Lamp5","NCAM1",0.0489564335838222,0.0276821847231872,0.0769743962761323,-0.00529965148700953,0.103212518654654,7,0.000496496854182647,8.69599849685702,0.401805676589378
"10721","Lamp5","ZNF138",0.0257290892732614,0.0384704156338364,0.503621818022167,-0.0496715398393445,0.101129718385867,7,0.00187356010700393,18.2849842094093,0.822278216591144
"10722","Lamp5","LARS2",-0.0389298375851667,0.0414198498362253,0.347277270341656,-0.120111251509226,0.0422515763388921,6,0.00297856134454165,30.6482740475486,0.727134052964415
"10723","Lamp5","NT5C3A",0.0177965407608865,0.0307770740545224,0.56310197682466,-0.0425254159354995,0.0781184974572725,7,0.000935233034771632,13.8770151299765,0.852935819308762
"10724","Lamp5","MED27",-0.0419251696255274,0.0313272043001719,0.180798951931724,-0.103325361790193,0.0194750225391377,7,0.000743311112032092,10.261992346184,0.57276150096728
"10725","Lamp5","OLFM1",-0.0723882197560288,0.0383410278442042,0.0590246927935646,-0.147535253460916,0.00275881394885895,7,1.5957694946462e-06,0.0135117372982595,0.358823647541262
"10726","Lamp5","PHLPP2",-0.0119015383743628,0.02794309128427,0.670165699273978,-0.0666689909082471,0.0428659141595215,7,0.000512456982905058,8.74785881369727,0.898216865810935
"10727","Lamp5","COPG2",-0.0385226160307088,0.0311994372524474,0.216934170579499,-0.099672389383423,0.0226271573220054,7,7.44187158556236e-07,0.0095785515671257,0.607283648398929
"10728","Lamp5","KANSL3",0.022752528010469,0.0310006967013457,0.462987731635421,-0.0380077210198183,0.0835127770407563,7,0,0,0.800102097417133
"10729","Lamp5","STX18-AS1",-0.0830103851969878,0.0498764567270358,0.0960484947357187,-0.180766444058448,0.0147456736644728,7,0.00551432120369169,34.9344797058523,0.441009629371465
"10730","Lamp5","ADCY3",0.0180759332980647,0.032268926411691,0.575366683583939,-0.0451700002886229,0.0813218668847524,7,0,0,0.856819709690026
"10731","Lamp5","PITPNB",0.0289697938638982,0.0285827378710673,0.310801536521452,-0.0270513429429428,0.0849909306707391,7,0,0,0.697490350470512
"10732","Lamp5","CADM3",-0.005750146774262,0.02894151382739,0.842511804619228,-0.0624744715340144,0.0509741779854904,7,0,0,0.958821007634427
"10733","Lamp5","RNASEH2B",0.105411236116851,0.0411512929475903,0.0104205207584981,0.0247561840223171,0.186066288211385,7,0.000832284728188257,6.53398274743976,0.167724101952731
"10734","Lamp5","CCDC138",0.0375495916719368,0.0290382183059408,0.195973240908345,-0.0193642703829187,0.0944634537267924,7,0,0,0.588272573234939
"10735","Lamp5","NUCB2",0.10121605447733,0.0311491030564853,0.0011564665623742,0.040164934335892,0.162267174618767,7,0,0,0.0598709247594503
"10736","Lamp5","VKORC1L1",-0.0378142141800992,0.031580606496117,0.231155667998412,-0.0997110655224202,0.0240826371622219,7,0.00100956619921493,14.2822400137766,0.622328019279452
"10737","Lamp5","KCNAB2",-0.0601819118469339,0.0314668687623452,0.0558058813144304,-0.121855841327379,0.00149201763351119,7,0,0,0.349772367716056
"10738","Lamp5","PSIP1",0.0538815714701004,0.0260192278131435,0.0383740606844855,0.00288482205079631,0.104878320889404,7,0,0,0.300730925115179
"10739","Lamp5","PDE5A",-0.101669628692698,0.0965443864663174,0.29230116604655,-0.290893149076197,0.0875538916907999,7,0.020694204609153,35.0929853047777,0.682473573750624
"10740","Lamp5","LGMN",0.0594009651769338,0.0500683040193729,0.235464929195519,-0.038731107468039,0.157533037821907,7,0.00556670241619511,35.6185162021309,0.625483138216174
"10741","Lamp5","SNX24",0.0312739524269578,0.0325018029530324,0.335938060338091,-0.0324284107936033,0.0949763156475189,7,0,0,0.717302587286027
"10742","Lamp5","IQSEC1",-0.0617711807786384,0.028660116710516,0.0311382805843528,-0.117943977323964,-0.0055983842333124,7,0,0,0.274576032722359
"10743","Lamp5","ZNF589",-0.054261099411582,0.0325230117787666,0.0952381381850703,-0.118005031166736,0.0094828323435724,7,0,0,0.439665144000266
"10744","Lamp5","VTA1",0.0449322358960475,0.0318234345888179,0.157972665569468,-0.0174405497624019,0.107305021554497,7,0,0,0.541782365226633
"10745","Lamp5","TBK1",-0.030765257343531,0.0316388241192302,0.330856861074092,-0.0927762131304193,0.0312456984433574,7,0.000358525456577646,4.74122995280292,0.713050495870438
"10746","Lamp5","GRIN2A",-0.0485992251239045,0.0381368665780317,0.202543962790242,-0.123346110100056,0.0261476598522469,7,0.00249532606920692,25.3978946971199,0.593100698092191
"10747","Lamp5","PIN1",-0.075186934035327,0.0517542687920243,0.146288241411829,-0.1766234369139,0.0262495688432459,7,0.0029340630924828,15.5771918678703,0.523010705115613
"10748","Lamp5","ABHD12",-0.0492527445460361,0.0258117558462188,0.0563716184814186,-0.099842856382366,0.00133736729029382,7,0,0,0.350214090220282
"10749","Lamp5","OSBPL1A",0.100983059996452,0.0303393091491856,0.000873287526331845,0.0415191067482219,0.160447013244683,6,0.000263253752378844,4.30322949914793,0.054585113815654
"10750","Lamp5","FNIP2",0.0129966807348393,0.0489945337259192,0.790803033470041,-0.0830308408072952,0.109024202276974,7,0.00740360202458379,50.8997462092968,0.940324166268341
"10751","Lamp5","BABAM2",0.0590564523041413,0.0335765156617618,0.0786009771286255,-0.00675230911925679,0.124865213727539,5,0.000385336911078716,6.14338893721572,0.405671794164394
"10752","Lamp5","ZFP30",0.0331827866382813,0.0399746353849608,0.406484484382383,-0.0451660590113623,0.111531632287925,7,0.00249052386106872,23.2920855512401,0.767590075592754
"10753","Lamp5","ULK3",-0.134692910719629,0.0386944266603556,0.000499660626791149,-0.210532593376353,-0.0588532280629058,7,0,0,0.0450106332181102
"10754","Lamp5","KIF13A",0.0526469550128029,0.0547607381350681,0.336351255285136,-0.0546821194987597,0.159976029524366,7,0.0071242052281348,38.7826758930391,0.717393376485634
"10755","Lamp5","SLC9B2",0.00491032855639479,0.0249628053000005,0.844057771983671,-0.0440158707846917,0.0538365278974813,7,0,0,0.959421815061179
"10756","Lamp5","FAT3",0.125427364585958,0.0479092238303415,0.00884413053120191,0.0315270113512206,0.219327717820695,7,0,0,0.155998461685315
"10757","Lamp5","LINC01278",-0.0353483433741353,0.0317046646295472,0.264882289983947,-0.0974883441899688,0.0267916574416981,5,0,0,0.654477926053113
"10758","Lamp5","GPC1",-0.163572267603584,0.0390570780427313,2.81384644340373e-05,-0.240122733908708,-0.0870218012984607,7,1.40290678006876e-06,0.0117003632702414,0.0118918032882607
"10759","Lamp5","RBMS1",0.0589545493504893,0.0355297297495635,0.0970549654121487,-0.0106824413390966,0.128591540040075,7,7.8786085617754e-07,0.00807791743046327,0.442838737643604
"10760","Lamp5","OFD1",0.0191229641937109,0.043378090886253,0.65932605244815,-0.0658965316614501,0.104142460048872,7,0.00396932360057716,33.5650256958182,0.892964921996311
"10761","Lamp5","DDX10",-0.00014736012058453,0.03852654094891,0.996948179735068,-0.0756579928293558,0.0753632725881867,7,0.00230061647171618,23.0216179580125,0.999491564254049
"10762","Lamp5","RXRA",0.065482563966094,0.0498036280768483,0.18857203964305,-0.0321307533639565,0.163095881296144,7,0.00353829047717637,21.2258215143076,0.581819665142217
"10763","Lamp5","HIVEP1",-0.0793957406465739,0.0335976144873302,0.0181210061268194,-0.145245855008202,-0.0135456262849455,7,2.14494934498945e-06,0.0241067498213051,0.215599225450515
"10764","Lamp5","NUP93",-0.0260817096782471,0.0321058761296544,0.416581872740515,-0.0890080705844738,0.0368446512279797,7,0.000350483943733664,4.41349321446418,0.773107171959004
"10765","Lamp5","PWWP2A",0.0328292295196316,0.0305115168337161,0.28194429779714,-0.0269722445881396,0.0926307036274028,7,0,0,0.671503018934642
"10766","Lamp5","PPP2R2A",0.0617639672831366,0.0277025172612015,0.0257777643811302,0.00746803117008255,0.116059903396191,7,0,0,0.251144289597949
"10767","Lamp5","EP300",-0.0205106367606058,0.0253493948725554,0.418447614046283,-0.0701945377406987,0.029173264219487,7,0,0,0.773992133013677
"10768","Lamp5","EXOG",-0.0824773190375288,0.0301289721019151,0.00619127561104458,-0.141529019248494,-0.0234256188265632,6,0,0,0.132690797549251
"10769","Lamp5","CTNNA1",0.0823345154176557,0.0431820177961844,0.0565613611010032,-0.00230068424263338,0.166969715077945,7,1.9032388312967e-06,0.0125756787840069,0.350298884137943
"10770","Lamp5","UBC",0.0860939504711102,0.0694898063483266,0.215366387563396,-0.0501035672642728,0.222291468206493,6,0,0,0.606443755326265
"10771","Lamp5","SLC43A2",-0.0587242478981794,0.0389158697948169,0.131297466954879,-0.134997951123071,0.0175494553267118,7,1.25158394218674e-06,0.0102033826291748,0.499350617177443
"10772","Lamp5","ATP11B",0.0219483839882431,0.0453094657941715,0.628094520980431,-0.0668565371270825,0.110753305103569,7,0.00590590106792396,49.0835473125947,0.88191549991279
"10773","Lamp5","DIDO1",-0.0174719884148284,0.0268407376803408,0.515078517800898,-0.0700788675867836,0.0351348907571268,7,0,0,0.826822012668583
"10774","Lamp5","NUP54",-0.0475188725768163,0.0533112172799852,0.372742246924494,-0.152006938417577,0.0569691932639441,7,0.0087963998707118,51.9176733412508,0.744426274377091
"10775","Lamp5","RNF34",-0.0576127883375259,0.0382861095703364,0.132376506942572,-0.13265218420354,0.0174266075284878,7,0.00239797704643504,24.8501139077404,0.50171017030722
"10776","Lamp5","RHOA",-0.0539363141826283,0.0369510313376262,0.144380773805857,-0.126359004795987,0.01848637643073,7,0.00166326977360989,17.6290379342197,0.520859630149094
"10777","Lamp5","COG6",0.0912948413843167,0.0408177629053473,0.0253095576306683,0.011293496160341,0.171296186608292,7,0.00384617303703428,37.0355731868192,0.250650743226987
"10778","Lamp5","CSRNP3",0.085367496815619,0.037349061621412,0.0222737798650136,0.0121646811812843,0.158570312449954,7,0.00225358609300542,24.3084945002612,0.235913209565378
"10779","Lamp5","WNK1",0.0673323132953473,0.0265566750136106,0.0112312719297856,0.0152821867195357,0.119382439871159,7,0,0,0.171758031979931
"10780","Lamp5","PPIL4",0.0319552356146626,0.0406788063625651,0.432131177245546,-0.0477737597900438,0.111684231019369,7,0.00323478227041244,30.9076727605881,0.783166711588979
"10781","Lamp5","CACNG3",0.0614395283367104,0.0437248379461161,0.159979586736183,-0.0242595792675274,0.147138635940948,7,0.00257181506131105,19.5776265336541,0.544291398507647
"10782","Lamp5","VPS4B",0.0202870085221679,0.0384322012578776,0.597593136085892,-0.0550387217898671,0.0956127388342029,7,0.00245223492346257,25.1554467856348,0.866357398277713
"10783","Lamp5","PAXBP1",-0.0137002492983685,0.0273869662360036,0.616901126797399,-0.06737771676675,0.0399772181700131,7,0,0,0.876537990474976
"10784","Lamp5","TSHZ1",0.184652985960358,0.0723542359503759,0.0107085379663437,0.0428412893687078,0.326464682552008,7,0.0163171745311378,51.5527400287829,0.168803505780448
"10785","Lamp5","RPL10",-0.0592858385794757,0.0833078735884168,0.476683095629215,-0.222566270441388,0.103994593282437,7,0,0,0.808995183884655
"10786","Lamp5","CDKL5",0.131963369529298,0.0525131183894283,0.0119722885802069,0.0290395487701303,0.234887190288465,7,0.00855005750287423,50.4288163620027,0.177657597396294
"10787","Lamp5","FASTKD1",-0.0540616117061459,0.0303195228637757,0.0745760898398068,-0.113486784547585,0.00536356113529325,6,0,0,0.394262063860936
"10788","Lamp5","ZNF346",-0.0550916830547189,0.0308307624789079,0.0739526375313561,-0.115518867129287,0.00533550101984943,7,2.73317041846462e-08,0.000338946959148725,0.392543094646022
"10789","Lamp5","HLF",0.136175128068308,0.0599215699446381,0.0230529449181455,0.01873100907972,0.253619247056897,7,0.0121344995424579,57.3057949551192,0.23960053795929
"10790","Lamp5","TEAD1",-0.00491247187075322,0.0369631020447991,0.8942708491605,-0.0773588206354382,0.0675338768939318,7,0.000673397606260657,6.6671297605678,0.975921257738596
"10791","Lamp5","ELAVL3",0.0206405716907734,0.0355965651848574,0.562017606981574,-0.0491274140448795,0.0904085574264263,7,3.96508963140539e-07,0.00379522688172447,0.852814428920204
"10792","Lamp5","NAAA",0.0671630869143626,0.036367857988243,0.0647804105201963,-0.0041166049374609,0.138442778766186,7,0,0,0.371880205906429
"10793","Lamp5","FBXO21",-0.00765857318065161,0.0272218810513196,0.778450501871793,-0.0610124796326713,0.0456953332713681,7,0.000417611235160869,7.47763255759573,0.935627090641685
"10794","Lamp5","PSEN1",-0.0361133213773853,0.0304979668264234,0.236364670016446,-0.0958882379588724,0.0236615952041018,7,0,0,0.626447177645301
"10795","Lamp5","MRAS",-0.0420498171120842,0.0318525696301661,0.186788637923048,-0.104479706402264,0.0203800721780957,7,4.06309513169913e-07,0.00503885390606437,0.579579406254291
"10796","Lamp5","POT1",0.0281400037956085,0.0334188737813127,0.399765977430226,-0.0373597852196543,0.0936397928108714,7,0,0,0.762743492813461
"10797","Lamp5","CNST",-0.0022699635385733,0.0241996028594069,0.925266692691736,-0.0497003135831832,0.0451603865060367,7,0,0,0.982880118839977
"10798","Lamp5","TMEM63B",-0.101159421278123,0.0320472454603982,0.00159635751314011,-0.163970868184218,-0.038347974372028,7,6.1049556360864e-07,0.00731131297948241,0.0709709000283925
"10799","Lamp5","RORA-AS1",-0.0373482986733933,0.0899530938290204,0.677997336948521,-0.213653122876226,0.138956525529439,7,0,0,0.901378558730513
"10800","Lamp5","LRP8",-0.0509734267521833,0.0396166081098836,0.198209988699833,-0.128620551837192,0.0266736983328259,7,0.0013450089518393,11.920753987538,0.590236550297945
"10801","Lamp5","OLFM3",0.0621224879477158,0.0827479811846334,0.45280719149281,-0.100060574967564,0.224305550862995,7,0.0164499909879382,37.4972944313493,0.7951327390625
"10802","Lamp5","SEC63",-0.00278976328602863,0.0247976117446065,0.910425947737697,-0.0513921892080649,0.0458126626360076,7,0,0,0.980126088601916
"10803","Lamp5","SORCS1",-0.0442163297458986,0.0778460529851361,0.570036959744818,-0.196791789935362,0.108359130443565,7,0.0102546384478593,24.6975806648226,0.854376739138775
"10804","Lamp5","NUS1",-0.0264415281499172,0.029113486436108,0.363760593279301,-0.0835029130290842,0.0306198567292499,7,0,0,0.737658430833555
"10805","Lamp5","PTCD3",-0.00668947811021464,0.0242577024363809,0.782726895807632,-0.0542337012332107,0.0408547450127814,6,0,0,0.937343620161761
"10806","Lamp5","KLHDC2",-0.0817468896098779,0.0356743324323063,0.0219358773075886,-0.151667296349707,-0.0118264828700484,7,2.58847573079992e-06,0.0256871343594111,0.234826528071853
"10807","Lamp5","MFSD6",-0.010894938569054,0.0308365756060021,0.723854395410546,-0.0713335161633644,0.0495436390252564,7,0,0,0.916541762286275
"10808","Lamp5","SLC25A3",-0.0298041739060717,0.0446727134661291,0.504665271846188,-0.117361083391362,0.0577527355792189,6,0,0,0.822470971110462
"10809","Lamp5","GABRA4",0.04936962972995,0.0302282000278543,0.10242044767878,-0.00987655364211711,0.108615813102017,7,0,0,0.45322728894802
"10810","Lamp5","GON4L",-0.0539955128020373,0.0317344237252581,0.0888527393696114,-0.116193840373677,0.00820281476960209,7,0,0,0.426058504459175
"10811","Lamp5","SRP9",0.0433247791085196,0.0689358553462026,0.529689803374825,-0.0917870146135004,0.17843657283054,7,0.00986640895875516,33.1122506632335,0.83539935843094
"10812","Lamp5","PDXDC1",-0.0224955875995267,0.0469132300087427,0.631572449626467,-0.114443828815106,0.0694526536160527,7,2.00778929239074e-06,0.0109209029315124,0.882993296421211
"10813","Lamp5","DDX24",-0.0242553947743228,0.0387282954385039,0.531120500399186,-0.100161459016417,0.0516506694677717,7,0,0,0.836186159067123
"10814","Lamp5","NAA35",0.0278991100828331,0.0301060144161962,0.354084620109411,-0.0311075938909552,0.0869058140566214,7,0.000557478008177535,8.30980384733966,0.731238895037161
"10815","Lamp5","PPP2CB",0.0326023516515278,0.0332985433302926,0.327534312447802,-0.0326615940134921,0.0978662973165476,7,0,0,0.710412234133167
"10816","Lamp5","IGFL4",0.117293025821451,0.0450352816485693,0.00920165606847939,0.0290254957566378,0.205560555886265,7,0,0,0.158334683342367
"10817","Lamp5","AASDH",0.00425818532203726,0.0328295627238676,0.896799178530713,-0.0600865752449419,0.0686029458890164,7,6.1798676381026e-09,6.90140765687194e-05,0.976532292201911
"10818","Lamp5","LSAMP",0.0934125508567724,0.0398975614702439,0.0192162153869473,0.0152147673041214,0.171610334409423,7,0.0027565225039106,25.8934027518473,0.222465362838821
"10819","Lamp5","MRPS25",-0.0842068525450269,0.0535624709254142,0.115921768375333,-0.189187366481813,0.0207736613917587,6,0.00696109744977477,44.8379187305894,0.472924102010777
"10820","Lamp5","PPP1R9A",0.0805215359456637,0.0348901886256962,0.0210071393840459,0.0121380228254902,0.148905049065837,7,0.00156780133194409,18.7574035529164,0.229848471997992
"10821","Lamp5","UPF3A",-0.0812320475572771,0.0277821142495225,0.00345678827159246,-0.135683990900718,-0.0267801042138361,7,0,0,0.0991360454196024
"10822","Lamp5","ABLIM3",0.093510758410973,0.041346562019296,0.0237200734564363,0.0124729859686011,0.174548530853345,7,0.00179499815893967,14.9310622693518,0.242244541815134
"10823","Lamp5","TAMM41",0.000237352528012293,0.0349010129728616,0.994573840652629,-0.0681673759227616,0.0686420809787862,6,0,0,0.998808560940909
"10824","Lamp5","PGAP1",0.138855915670459,0.0465218057665332,0.00283811055367504,0.0476748518722863,0.230036979468632,7,0.00254560531675347,16.8744971136447,0.0893183266089467
"10825","Lamp5","CPNE3",0.114225947788414,0.0313559172287333,0.000269601068311015,0.0527694793178779,0.17568241625895,7,0,0,0.0320924146154616
"10826","Lamp5","GMCL1",0.0888260051389149,0.0313558086531122,0.00461363981764246,0.0273697494726857,0.150282260805144,7,0.000195639469549036,2.56842399484073,0.117392592721673
"10827","Lamp5","MSI2",0.0110561856987593,0.0301129587343006,0.713501859580922,-0.0479641288884108,0.0700765002859294,7,0,0,0.913866203141079
"10828","Lamp5","GNG2",0.099429296346416,0.0516207375245663,0.0540856160715718,-0.00174549005712912,0.200604082749961,7,0.00531550019707996,30.9828703692201,0.347187269243117
"10829","Lamp5","CLHC1",-0.0309999052239462,0.037717607321327,0.411136774288765,-0.104925057156771,0.0429252467088789,7,0,0,0.770723852721724
"10830","Lamp5","ZNF516",0.158568166385218,0.0388469279104337,4.46745040782245e-05,0.0824295867707438,0.234706745999692,7,0,0,0.014365296134931
"10831","Lamp5","ZC4H2",0.0575228842875302,0.0403356902391968,0.153838359449842,-0.0215336158728593,0.13657938444792,7,3.8114087809227e-05,0.29332983852331,0.534803466597224
"10832","Lamp5","GMPS",0.0327108737375629,0.0267590313652402,0.22154744688639,-0.0197358639994855,0.0851576114746114,7,0,0,0.611889333755611
"10833","Lamp5","WNK3",0.00542324441101722,0.0306943595967767,0.859755529828129,-0.0547365949271864,0.0655830837492209,7,0,0,0.96479616864265
"10834","Lamp5","GGNBP2",-0.031236477039082,0.0299178204742299,0.296450248697626,-0.0898743276645076,0.0274013735863437,7,0,0,0.68679746690719
"10835","Lamp5","LRRC4",-0.0587830403590295,0.0382956497670229,0.124788844239382,-0.133841134666954,0.0162750539488951,7,3.40111816672788e-08,0.000287535732283152,0.486741613913492
"10836","Lamp5","CUL3",-0.0128650888827093,0.0234173919037872,0.582743462383057,-0.058762333625992,0.0330321558605733,7,0,0,0.858897416842391
"10837","Lamp5","ABCC8",-0.0816839274943087,0.0429540336589441,0.057215740696007,-0.16587228645656,0.00250443146794299,7,0.00315549503769863,25.9156591738914,0.352905020914214
"10838","Lamp5","HMGB1",0.174846174595404,0.055779452457389,0.00172089609493103,0.0655204567015574,0.284171892489251,7,0.00570810563247669,27.0233106560087,0.0727215420469265
"10839","Lamp5","PIK3CB",-0.00362763345662214,0.0322551807619653,0.910453378665632,-0.0668466260649033,0.059591359151659,7,0,0,0.980126088601916
"10840","Lamp5","DNAJC7",0.0454242055164033,0.0283771090656081,0.109435829922784,-0.0101939062375536,0.10104231727036,7,0,0,0.463734401407849
"10841","Lamp5","RFX7",0.103972843639141,0.0380496692223566,0.00628450285865486,0.0293968623396604,0.178548824938622,7,0.00264851183362262,27.9168919324797,0.133692552579769
"10842","Lamp5","PRKAR1B",-0.0441128143345981,0.0253145665701204,0.0814059224982879,-0.0937284530962757,0.00550282442707956,7,3.23220793706861e-06,0.0609816315910957,0.411294223555988
"10843","Lamp5","ANKH",-0.00198203183934738,0.0267116246408234,0.94085037332671,-0.0543358541039138,0.0503717904252191,7,0,0,0.987071639145024
"10844","Lamp5","ZNF251",-0.0136561986066636,0.034557750312331,0.692717166102504,-0.0813881446055602,0.0540757473922331,7,0,0,0.905313119483202
"10845","Lamp5","HSPA12A",0.0182555680788423,0.0346105735008113,0.597876694654265,-0.0495799094670241,0.0860910456247088,7,0.00184363235926386,22.7209748127658,0.866478626103989
"10846","Lamp5","CRIM1",-0.0500380818243138,0.0447557721108541,0.263556223530862,-0.13775778326187,0.0376816196132424,7,0,0,0.653860744816006
"10847","Lamp5","SIN3B",-0.0445115040238638,0.0333463789069665,0.181934377243987,-0.109869205696344,0.0208461976486167,7,0.000903143742498115,11.2406746914693,0.574835724560329
"10848","Lamp5","MAGI3",0.0551769764120623,0.0332937972318201,0.0974638977830117,-0.0100776670708845,0.120431619895009,7,0,0,0.443352505841624
"10849","Lamp5","DMTF1",0.0498858634347329,0.0272526326719059,0.0671756490063425,-0.00352831508610235,0.103300041955568,7,0,0,0.377515783114121
"10850","Lamp5","PDE4B",-0.091822623694981,0.0636567161340668,0.149171067223877,-0.216587494691842,0.0329422473018798,7,6.1392554694305e-07,0.00189549550683106,0.528329084038001
"10851","Lamp5","VSTM2A",0.0230509308645805,0.0322802465678494,0.475172877739112,-0.0402171898204771,0.0863190515496381,7,0,0,0.807874956622411
"10852","Lamp5","PNPLA7",0.0327841191965257,0.0524423437710486,0.531875267530178,-0.0700009858595979,0.135569224252649,7,0.00184504827728094,9.00670702955545,0.836835209457292
"10853","Lamp5","GUK1",-0.0281077694239902,0.0619986441553377,0.650288790135859,-0.149622879058767,0.0934073402107865,6,0.00477881581451509,20.9528108823195,0.889738157224085
"10854","Lamp5","PLPPR1",0.106900003978891,0.0510308094368082,0.036187617336913,0.00688145538082012,0.206918552576962,7,0.00371471394146082,20.7866200042287,0.291728958956667
"10855","Lamp5","RRAGB",0.0469464920853525,0.0432809237628003,0.278057884190674,-0.0378825597073599,0.131775543878065,7,0.0026465485437257,21.0283819061544,0.668106652398611
"10856","Lamp5","PACSIN1",0.00340310831393134,0.0287727734726689,0.905849530519068,-0.0529904914278291,0.0597967080556918,7,1.13592588203765e-06,0.0168423727719464,0.979410581352243
"10857","Lamp5","HOOK2",-0.117324817417899,0.0577777238778293,0.0422931781939304,-0.230567075327145,-0.00408255950865399,7,0.00451609008724242,19.8084054809605,0.31114492884268
"10858","Lamp5","ABL2",0.00533252315544184,0.0264376695476956,0.840149925712332,-0.0464843569932129,0.0571494033040966,7,0,0,0.958356578693386
"10859","Lamp5","TPM1",0.0646820326608482,0.0322556337634472,0.0449316132717407,0.00146215218597748,0.127901913135719,7,0,0,0.319463236097947
"10860","Lamp5","YWHAB",0.0160088960919302,0.0498351559890767,0.748030793510121,-0.0816662148105957,0.113684006994456,7,0,0,0.924961187709984
"10861","Lamp5","B2M",0.101317149002778,0.0947046471463934,0.28469927612942,-0.0843005485727268,0.286934846578283,6,0.0144742287556752,27.7719127612324,0.674201711531037
"10862","Lamp5","WDR20",-0.0322947936735069,0.0282373202594115,0.252751445301888,-0.0876389244018767,0.0230493370548629,7,0,0,0.642844435211672
"10863","Lamp5","UBAP1L",-0.0425476232527869,0.0312076089318272,0.17276486641686,-0.103713412802779,0.018618166297205,7,0,0,0.563117247989338
"10864","Lamp5","TERF1",0.0149614462328242,0.0270619279876195,0.580359564718373,-0.0380789579751266,0.068001850440775,7,0,0,0.858378677238391
"10865","Lamp5","UBXN4",0.0052247377885093,0.0239502834537347,0.827312779316103,-0.0417169552003362,0.0521664307773548,7,0,0,0.954733782284232
"10866","Lamp5","MBTD1",0.032946981522649,0.0291626774699206,0.258575126714605,-0.024210816011153,0.0901047790564509,7,0,0,0.650052541597638
"10867","Lamp5","GABPB2",-0.0318393005024112,0.0389474662975974,0.413646462909949,-0.10817493173479,0.0444963307299674,7,0,0,0.771625852727355
"10868","Lamp5","KIF3B",-0.085124236302288,0.0423075603457959,0.0442163868589485,-0.168045530853803,-0.00220294175077312,7,0.00393267249141619,35.8765446600358,0.317621447622866
"10869","Lamp5","PACS1",0.0250783643217603,0.0335838352298833,0.455221037267164,-0.0407447431915384,0.0909014718350591,7,0,0,0.796305590023421
"10870","Lamp5","SMIM8",-0.0679943600792487,0.032147330451684,0.0344226407385462,-0.131001969963657,-0.00498675019484032,6,0,0,0.287703178241735
"10871","Lamp5","RESF1",0.0438355317942103,0.0353872332706924,0.215442318926037,-0.0255221709288643,0.113193234517285,5,0.00024329205180237,3.43557344998355,0.606514758012352
"10872","Lamp5","MAPRE3",0.0084993278184548,0.0355947950685365,0.811276121611405,-0.0612651885529607,0.0782638441898703,7,0.00134274708840053,15.0566836058174,0.948577545791044
"10873","Lamp5","STAG1",-0.0178002253872134,0.0247556446585473,0.472118099726903,-0.0663203973320375,0.0307199465576107,7,0,0,0.805854730251114
"10874","Lamp5","KLHL7",0.0537231108412943,0.037153850570459,0.148187446949894,-0.0190970981637883,0.126543319846377,7,0.00181938544805432,19.2334455601315,0.526805492887568
"10875","Lamp5","FAM219A",-0.0283152409499661,0.0276039117468469,0.305000413199567,-0.0824179138062081,0.0257874319062759,7,2.13373102889499e-07,0.00351319812920307,0.694260395895684
"10876","Lamp5","AGBL4",0.00279410499538653,0.0376294713636665,0.940808992721395,-0.0709583036346812,0.0765465136254543,7,0.00190916543549769,19.5849578808015,0.987071639145024
"10877","Lamp5","ZNF875",0.0447748107109653,0.0274808800325356,0.103247887138778,-0.00908672441627046,0.098636345838201,5,0,0,0.454450306327806
"10878","Lamp5","FAM185A",0.06456531871604,0.0327337582323495,0.0485595923021847,0.0004083315019935,0.128722305930087,6,0,0,0.32883588014826
"10879","Lamp5","PELI2",0.179418037499184,0.0664412941387454,0.00692562575973123,0.0491954939010106,0.309640581097357,7,0.0132058012328433,50.0202798196451,0.14049441173522
"10880","Lamp5","SPTAN1",0.0117766781747473,0.02616761250538,0.652675926749315,-0.0395108998971974,0.063064256246692,7,0,0,0.890455410264974
"10881","Lamp5","VMP1",-0.0390125077312214,0.031624353203869,0.21734367472184,-0.100995101045179,0.0229700855827357,7,0.00127401161146119,18.5250361467604,0.607397120257931
"10882","Lamp5","CCDC30",0.0564816453493879,0.0476889544407253,0.236264320607344,-0.0369869878148052,0.149950278513581,7,0.00358624946699032,23.3842401701367,0.626447177645301
"10883","Lamp5","CHGB",-0.10333970323474,0.0647041626557719,0.110241058548466,-0.230157531689874,0.0234781252203947,7,0,0,0.46385296790362
"10884","Lamp5","RAB28",0.00139121281662491,0.030892039915364,0.964079674483872,-0.0591560728264623,0.0619384984597122,7,1.22903134021621e-06,0.016387258427921,0.99419564321202
"10885","Lamp5","CNIH1",-0.0230612185413686,0.0300402791942612,0.442679358398135,-0.0819390838476486,0.0358166467649113,7,0,0,0.789496392228061
"10886","Lamp5","ZSCAN18",-0.0318113796442046,0.0390419652253742,0.415187000685409,-0.108332225371603,0.044709466083194,7,0,0,0.772267614009902
"10887","Lamp5","WDFY2",0.0607634004230718,0.0324277913562638,0.0609571248505727,-0.00279390273338463,0.124320703579528,7,0,0,0.364310972557721
"10888","Lamp5","FAF1",-0.0209532351729865,0.0270544716062258,0.438645068044193,-0.0739790251419505,0.0320725547959776,7,0,0,0.787060220366167
"10889","Lamp5","CCDC148",0.118944267766102,0.039390502371889,0.00253093728008763,0.0417403017842598,0.196148233747944,7,0,0,0.0844398622794294
"10890","Lamp5","RNF216",-0.00895287008125238,0.0260954618163509,0.731537151239382,-0.0600990354012404,0.0421932952387356,7,0,0,0.919666801398003
"10891","Lamp5","MAPKAP1",-0.0115083997822781,0.0253229659571122,0.649494232882329,-0.061140501039952,0.0381237014753957,7,0,0,0.889181043619013
"10892","Lamp5","IGF2R",0.0193612226608578,0.0263700144117987,0.462818578758879,-0.0323230558580699,0.0710455011797856,7,0,0,0.800102097417133
"10893","Lamp5","PBX3",0.0550736454939097,0.0786330911286753,0.48368525010756,-0.0990443811113498,0.209191672099169,7,0,0,0.812496136694637
"10894","Lamp5","NAA15",0.00130056579338184,0.0306072737224843,0.966106449521519,-0.0586885883676465,0.0612897199544102,7,0.00155107573916027,25.4153413545508,0.994629554420852
"10895","Lamp5","ZNF577",0.0362864086840623,0.0400454850051507,0.364867135943995,-0.0422012996694718,0.114774117037596,7,0.0014902804774497,12.984092083838,0.73765853898863
"10896","Lamp5","FBXO11",0.0881213296233582,0.0335644798551009,0.00865385613890346,0.0223361579475401,0.153906501299176,7,0.00259321265700432,36.244410319006,0.15407159370068
"10897","Lamp5","RRAS2",-0.0194116283260483,0.0629944469011017,0.757969531081547,-0.142878475478228,0.104055218826132,7,0.0149746837051818,59.8924182966503,0.926555528105898
"10898","Lamp5","PITPNA",-0.0701565422427157,0.0400597141184381,0.0798943985504579,-0.148672139145825,0.00835905466039373,7,0.00319173549173428,31.4880444733098,0.407618221956026
"10899","Lamp5","TBC1D9",0.0134665713192147,0.0291731531955125,0.644362200423426,-0.0437117582594595,0.0706449008978888,7,0,0,0.886929185222919
"10900","Lamp5","NUP98",-0.0266548332446576,0.0348915727350163,0.444907009906811,-0.0950410591692492,0.041731392679934,7,0.00187513635660629,23.253497918541,0.789998528095377
"10901","Lamp5","GRB2",0.00463604053507252,0.0263693372070267,0.860441802081043,-0.0470469106868919,0.0563189917570369,7,0,0,0.964929778772269
"10902","Lamp5","SLC35E3",0.00627176069650845,0.0323395521515581,0.846227028496492,-0.0571125967967002,0.0696561181897171,7,0,0,0.959421815061179
"10903","Lamp5","DHX30",-0.0311616833017611,0.0279974261149642,0.26570002268567,-0.0860356301469121,0.0237122635433899,6,0,0,0.654477926053113
"10904","Lamp5","RPRD2",-0.0400380497547248,0.0301014734105104,0.183484450329462,-0.0990358535209153,0.0189597540114658,7,0.0013181418052096,21.5909194950237,0.575973257025563
"10905","Lamp5","CRB1",0.0501880727435472,0.0562594786680899,0.372348939284674,-0.0600784792349085,0.160454624722003,7,0.0058508156051183,27.8370005201592,0.744093661240599
"10906","Lamp5","ZFYVE16",0.0341979538897459,0.0379983716216889,0.368128381679609,-0.0402774859599332,0.108673393739425,7,0.00256320862300405,27.418245105431,0.740371899323109
"10907","Lamp5","NDUFB9",-0.114083284448182,0.0810821676810197,0.159424921984497,-0.273001412891419,0.0448348439950537,6,0.00514758359465885,12.785228769337,0.543799954937992
"10908","Lamp5","TUBGCP3",0.00208795912684442,0.0302156020809353,0.944908413475,-0.0571335327229822,0.061309450976671,7,0,0,0.988482060518107
"10909","Lamp5","SH3GLB1",0.061311007369041,0.0280531729128378,0.0288501226798527,0.00632779880780433,0.116294215930278,7,0.000461600242686464,7.80693455505936,0.265227822244642
"10910","Lamp5","NAP1L5",-0.00610942945804298,0.0620375030912447,0.921551457654605,-0.127700701207675,0.115481842291589,7,5.60002440113159e-06,0.0181411123096464,0.982375103729229
"10911","Lamp5","PPP4R1",-0.0500502312455346,0.0257804143858617,0.0522091447832592,-0.100578914948342,0.000478452457272648,7,0,0,0.340651666887092
"10912","Lamp5","EPHA7",0.120084522385636,0.0672842537726645,0.0743044080923621,-0.0117901917354399,0.251959236506711,7,0.0130813501855326,46.1391254231603,0.39406049506721
"10913","Lamp5","DDB1",-0.0253797863071671,0.0356301251751995,0.476271237141624,-0.095213548415212,0.0444539758008778,7,0.00107765102788024,11.6183911653302,0.808947731010291
"10914","Lamp5","GPR137C",-0.0030805242050103,0.0305313657087963,0.919632198632537,-0.0629209013930723,0.0567598529830517,7,0,0,0.982309092211961
"10915","Lamp5","PPP4R3A",-0.0644950413158531,0.0253310289570668,0.0108937568513872,-0.114142945763045,-0.014847136868661,7,0,0,0.170017108872897
"10916","Lamp5","OPTN",-0.0210070558013526,0.0390329310509457,0.590447251281547,-0.0975101948722413,0.055496083269536,7,0.00163083983409738,15.1801613437206,0.862905863140172
"10917","Lamp5","SRSF7",-0.0330747244590068,0.0526581643483837,0.529936798128578,-0.13628283007383,0.0701333811558163,7,0,0,0.83542237922748
"10918","Lamp5","SH3BP5",0.0202155479193861,0.0295020296508913,0.493201530170524,-0.0376073676671935,0.0780384635059657,7,0,0,0.816811674187688
"10919","Lamp5","CDC37L1",-0.010138431636629,0.0364906401692861,0.781137873207168,-0.0816587721412404,0.0613819088679824,7,0,0,0.937122277643741
"10920","Lamp5","CCDC136",-0.0749362072420097,0.0300089372818615,0.0125203169034719,-0.13375264352878,-0.0161197709552399,7,0,0,0.181789091051703
"10921","Lamp5","MAST2",-0.00855759238835117,0.030131150303918,0.77640158816336,-0.0676135617967935,0.0504983770200911,7,0,0,0.934667464550597
"10922","Lamp5","IQCB1",0.0600180152208176,0.0292058881383563,0.0398792855000234,0.00277552633313356,0.117260504108502,7,0,0,0.305843499326131
"10923","Lamp5","UBR5",0.0841841212859455,0.0283227018065069,0.00295558857679984,0.0286726458003245,0.139695596771566,7,0.000187160460097819,3.01798157983075,0.0904594452672365
"10924","Lamp5","RFPL1S",0.0674875457622593,0.0528367311324826,0.20150177000216,-0.0360705443182328,0.171045635842751,5,6.81982980858426e-06,0.0381720254894722,0.592262531366811
"10925","Lamp5","ULK2",-0.0695223745138209,0.0265859683798321,0.00892267951613743,-0.121629915032412,-0.0174148339952294,7,0,0,0.156460886119483
"10926","Lamp5","PPP3CA",0.0976990516656649,0.0387625319273874,0.0117204647285564,0.0217258851384017,0.173672218192928,7,0.00275931207005905,27.8872436788526,0.175873022678725
"10927","Lamp5","KPNA4",0.0231619832194218,0.0281424110185357,0.410492253454961,-0.0319961288150314,0.078320095253875,7,0,0,0.77064520249875
"10928","Lamp5","MSH3",-0.0121603752751589,0.0276973601639401,0.660629249811443,-0.066446203663316,0.0421254531129981,7,0,0,0.893414587639381
"10929","Lamp5","SON",-0.0825226112177499,0.0265413048956577,0.00187585450383462,-0.134542612915936,-0.0305026095195643,7,2.37098218676343e-06,0.0400266562731984,0.0752136331710811
"10930","Lamp5","MCUB",0.0239804234519322,0.0388749206120644,0.537326394967123,-0.0522130208495677,0.100173867753432,6,0,0,0.839104775803267
"10931","Lamp5","TBCD",-0.0121020240956888,0.0291744046452654,0.678276248015376,-0.0692828064708071,0.0450787582794294,7,0,0,0.901378558730513
"10932","Lamp5","NKTR",-0.0215784275770762,0.0279337229928852,0.439826261781663,-0.0763275185972496,0.0331706634430971,7,0,0,0.787836443619278
"10933","Lamp5","EML4",-0.0169957503155523,0.0288483685651575,0.555766840232706,-0.0735375137159985,0.0395460130848939,7,0,0,0.849033503044357
"10934","Lamp5","SMAP2",0.020059875583866,0.0262788801932319,0.445257131967909,-0.0314457831489115,0.0715655343166434,7,0,0,0.790157597259497
"10935","Lamp5","TMEM87A",-0.0314809479423435,0.0293891943376286,0.284091091468673,-0.089082710378744,0.026120814494057,7,0,0,0.67353602363417
"10936","Lamp5","PIGN",0.0912558766428956,0.0325768349407593,0.00509049802389764,0.0274064534287013,0.15510529985709,7,6.08360908102114e-06,0.070890197980539,0.121269453919904
"10937","Lamp5","SLC44A1",0.0599285320363032,0.0294051415214407,0.0415470298026527,0.00229551369397601,0.11756155037863,7,0,0,0.31056698860774
"10938","Lamp5","BEX2",-0.0756117906025816,0.0635545340065127,0.234158377140027,-0.200176388309573,0.0489528071044094,7,0.000415826126401798,1.2997386650359,0.62444756330072
"10939","Lamp5","KCNT1",-0.00930932521235308,0.0487362843091204,0.848514422121412,-0.104830687198534,0.0862120367738275,7,0.00425439929852872,27.6789043204654,0.960210404787944
"10940","Lamp5","PRPF8",-0.083394656467846,0.0324281291999185,0.0101207424290372,-0.146952621785698,-0.019836691149994,7,7.43027110686539e-07,0.00826935878497257,0.165799943436789
"10941","Lamp5","ARID4A",0.00735311867438172,0.0253565694655574,0.771824880677538,-0.0423448442495988,0.0570510815983622,7,0,0,0.933051692344351
"10942","Lamp5","TNFAIP8L3",0.0164607330128815,0.0384061097286869,0.668216726204013,-0.0588138588416381,0.0917353248674012,7,0,0,0.897383922366512
"10943","Lamp5","DSTYK",0.0484023882667213,0.0289253977382302,0.0942579116797907,-0.00829034953870617,0.105095126072149,7,0,0,0.43681170653242
"10944","Lamp5","PSD3",0.0313139504216641,0.0407646285136965,0.442389316328053,-0.0485832533083357,0.111211154151664,7,0.00284867617072552,25.9224598844392,0.789496392228061
"10945","Lamp5","RPS27A",-0.239220441814044,0.0899100785305203,0.0077986911210564,-0.415440957581031,-0.0629999260470559,7,0,0,0.147804353592256
"10946","Lamp5","TBCA",0.0469770291760076,0.0250177085627602,0.0604152258983964,-0.00205677858272174,0.096010836934737,7,0,0,0.363053831833245
"10947","Lamp5","PKIA",0.135365922531825,0.0361077041508159,0.000177577558187834,0.0645961228317982,0.206135722231851,7,0,0,0.0274179248434995
"10948","Lamp5","KPNA3",0.0122537796383466,0.0270808745951614,0.650917228660718,-0.0408237592380155,0.0653313185147086,7,0,0,0.889738157224085
"10949","Lamp5","GPRC5B",0.0497331705770352,0.0569088309842609,0.382167516347674,-0.0618060885543933,0.161272429708464,7,0.00786525428356203,39.2592004067261,0.752253147050733
"10950","Lamp5","TRPC1",0.0444519122036694,0.0384831268459275,0.248048920874861,-0.030973630426835,0.119877454834174,7,0.00317413180728026,34.2210088084031,0.639038570603718
"10951","Lamp5","THADA",0.00964043269150706,0.0305829913840866,0.752593078470762,-0.0503011289608015,0.0695819943438156,7,0,0,0.926398573849064
"10952","Lamp5","MEGF8",-0.0464877347513563,0.0352415019585487,0.187129332785762,-0.11555980935121,0.0225843398484968,7,0,0,0.579691343250854
"10953","Lamp5","SH3GL3",0.132871569540236,0.0366899844889147,0.000292937130914897,0.0609605213486302,0.204782617731842,7,0.00105538163813755,10.968309035084,0.0335051774934633
"10954","Lamp5","SLC7A2",0.00566945506712462,0.0455453699641999,0.900935801346312,-0.0835978297252595,0.0949367398595087,7,0.00247314054103892,17.1732222196864,0.977956078464346
"10955","Lamp5","DZIP3",0.0681232174104806,0.0287746804199441,0.0179101303506663,0.0117258801207403,0.124520554700221,7,0,0,0.214616481827272
"10956","Lamp5","HSPBAP1",-0.0039535837675246,0.0506255943786648,0.937752830546621,-0.103177925445641,0.0952707579105918,7,0.00542445734903993,32.658948824666,0.986380602969699
"10957","Lamp5","KLHL24",0.0253522381578991,0.0319311282419482,0.427215079353006,-0.037231623182049,0.0879360994978473,7,0.00136201902678,19.5789450393673,0.779974636794798
"10958","Lamp5","KLHL32",0.0301121408096241,0.0455643792105465,0.50869555263965,-0.0591924014209726,0.119416683040221,7,0.0041307751498012,29.9945129944906,0.824321153660918
"10959","Lamp5","BMP6",-0.105203874734903,0.0431667268380398,0.0148034552379974,-0.189809104667939,-0.0205986448018664,7,0,0,0.193890854540042
"10960","Lamp5","ARPP19",0.00592057953479786,0.0373683878805026,0.874111526846029,-0.0673201148713103,0.079161273940906,7,0,0,0.969442617968252
"10961","Lamp5","CENPC",0.0925571249591787,0.0294017900196341,0.00164386146900784,0.0349306754396867,0.150183574478671,7,0,0,0.0709709000283925
"10962","Lamp5","SLAIN2",0.00668471688427567,0.029284704615896,0.819439069983163,-0.0507122494607744,0.0640816832293258,7,0,0,0.951516830559146
"10963","Lamp5","INTS8",0.026161289816351,0.0292332920122925,0.370832924571347,-0.0311349096772848,0.0834574893099867,7,0,0,0.742891543602226
"10964","Lamp5","ASCC1",0.0635631711899343,0.0285156132627495,0.0258095436002909,0.00767359619787261,0.119452746181996,7,4.98418501402372e-07,0.00748961472366882,0.251144289597949
"10965","Lamp5","RNF38",-0.00192406233194503,0.0329721251229631,0.95346648726335,-0.0665482400667009,0.0627001154028109,7,0.00192701215247181,27.3523626890493,0.991280124969847
"10966","Lamp5","SCAF8",-0.00168326531862849,0.0327583171331073,0.959019243375928,-0.0658883870936601,0.0625218564564032,7,0.00196017526559349,28.2517101719986,0.993495420264442
"10967","Lamp5","HNRNPH1",-0.0855699141334918,0.029541847989287,0.00377271207365348,-0.143470872229251,-0.0276689560377323,7,0,0,0.103008821207356
"10968","Lamp5","C14orf132",0.0266271786886635,0.0362887528472708,0.463095973981779,-0.0444974699358627,0.0977518273131897,7,0.00032610227352953,3.12084991183877,0.800102097417133
"10969","Lamp5","PNPLA8",0.0568260132944487,0.0337307842587717,0.0920478339541887,-0.00928510902303444,0.122937135611932,6,2.60843981567053e-06,0.0340411030157066,0.433746227847181
"10970","Lamp5","SNX4",-0.0503314021988671,0.0265744221182492,0.0582277735108469,-0.1024163124606,0.001753508062866,7,0,0,0.356734602159948
"10971","Lamp5","ZBTB1",0.0649881574953787,0.0382127769536587,0.0890008704265266,-0.00990750908305464,0.139883824073812,7,0,0,0.426426846727096
"10972","Lamp5","EYA3",0.0371756913439344,0.0284492303240531,0.191301696188857,-0.0185837754790944,0.0929351581669632,7,0,0,0.585597375448041
"10973","Lamp5","TASOR2",-0.0503850880794228,0.0305310287812668,0.0988833915852342,-0.110224804901662,0.00945462874281591,5,0,0,0.445235873481858
"10974","Lamp5","RNLS",-0.00596823906154105,0.0449611304193484,0.894397272749812,-0.0940904353876721,0.08215395726459,7,0,0,0.975921257738596
"10975","Lamp5","ARL15",0.0507530626722693,0.0418051821850456,0.224733369804147,-0.0311835887775556,0.132689714122094,7,0.0034331076169431,30.0388720516366,0.615216843870725
"10976","Lamp5","NECAB1",0.0151030951527919,0.0599932762507402,0.801237040324928,-0.102481565613221,0.132687755918805,7,0,0,0.944777220588441
"10977","Lamp5","MAF",0.126986183095508,0.0641810851298219,0.0478654698720988,0.0011935677523581,0.252778798438658,7,0.00395911582315149,13.5101439074458,0.326928196706546
"10978","Lamp5","OLFM2",-0.118764017348126,0.0593764383611655,0.0454800073661574,-0.235139698066273,-0.00238833662997931,7,0.00984950178181653,46.3178400436314,0.320693047223984
"10979","Lamp5","MAP3K9",-0.011252387475821,0.0304357712983907,0.711599107167797,-0.0709054030623647,0.0484006281107227,7,0,0,0.913257230990891
"10980","Lamp5","ADAM10",0.0586306650281782,0.0306538802588734,0.0557906970798961,-0.00144983626561702,0.118711166321973,7,0,0,0.349772367716056
"10981","Lamp5","UBE2R2",-0.00347551873876951,0.0351299528826179,0.921191306513843,-0.0723289611672897,0.0653779236897506,7,0.00210148315614606,26.1131778665447,0.982375103729229
"10982","Lamp5","ASAP2",0.0533518209116151,0.0325265622637517,0.100952384545866,-0.0103990696662378,0.117102711489468,7,0,0,0.450481181635824
"10983","Lamp5","MKLN1",0.0354647363006209,0.0359674093990398,0.324121234641044,-0.0350300907387045,0.105959563339946,7,0.00299999883892896,36.6044857172729,0.707846209837883
"10984","Lamp5","UBN2",0.0290492372129881,0.033676355812871,0.388357223137109,-0.0369552073107951,0.0950536817367714,7,0.00165087628405745,21.6502765475551,0.755949089892665
"10985","Lamp5","SBNO1",-0.0207424084826613,0.0257774605362568,0.42100880771478,-0.0712653027466272,0.0297804857813047,7,3.20220312046616e-06,0.0597989135577486,0.775714099875474
"10986","Lamp5","EHMT1",-0.0293210802770017,0.0340309492532956,0.388907438074229,-0.0960205151731713,0.0373783546191679,7,0.00119693016122583,14.5450628375915,0.756251065354424
"10987","Lamp5","DDX50",-0.119552670619114,0.0306597478766774,9.64566888113365e-05,-0.17964467223248,-0.0594606690057485,7,2.55124742306919e-06,0.0344495718075914,0.0209731916635413
"10988","Lamp5","FAM168B",-0.0340513302450927,0.0270945782293118,0.208841248045687,-0.0871557277508468,0.0190530672606615,7,0,0,0.598354692232481
"10989","Lamp5","CHD1",-0.00355803707002977,0.0262335925382152,0.892114544014257,-0.0549749336300303,0.0478588594899708,7,0,0,0.975719237840442
"10990","Lamp5","ARID5B",0.0566688569480585,0.0337174711264958,0.0928217583874113,-0.00941617210964242,0.122753886005759,7,0,0,0.435315846492177
"10991","Lamp5","TMEM131",0.0371710014165014,0.0255891586846353,0.146332788637582,-0.0129828280000641,0.087324830833067,7,0,0,0.523010705115613
"10992","Lamp5","ICA1",-0.0736840461870243,0.0457595015785571,0.10734420185177,-0.1633710212315,0.0160029288574514,7,0.00545682392099846,40.7087717607249,0.46144116101557
"10993","Lamp5","NPEPPS",-0.0165689366985295,0.0230420739301644,0.472095849409817,-0.061730571730761,0.028592698333702,7,0,0,0.805854730251114
"10994","Lamp5","ZNF292",0.0333281357696275,0.0289243914647047,0.249218275728549,-0.0233626297759314,0.0900189013151864,7,0.00111442584064868,19.472211795495,0.640081219636306
"10995","Lamp5","ITFG1",0.0156266793090441,0.0237432585947949,0.51044029760593,-0.0309092524123749,0.0621626110304632,7,2.72713600869705e-06,0.057017210640993,0.824565023970019
"10996","Lamp5","C6orf89",-0.0385351769073182,0.0270854073476042,0.154814918895269,-0.0916215998152189,0.0145512460005825,7,0,0,0.536695724797804
"10997","Lamp5","USP8",-0.0247364561541013,0.0266906126801146,0.35403823912171,-0.0770490957324341,0.0275761834242314,7,0,0,0.731238895037161
"10998","Lamp5","CCDC6",0.0621626615954406,0.035361349370249,0.0787599754510667,-0.00714430961498549,0.131469632805867,7,0.00189010266393085,22.7203105192039,0.405843321379927
"10999","Lamp5","MLLT3",0.119512515126537,0.0330387738277635,0.000297644921236889,0.054757708330756,0.184267321922318,7,0,0,0.0335805246516222
"11000","Lamp5","PID1",0.0408087697748548,0.0434075776490698,0.347150837320644,-0.0442685190734479,0.125886058623158,7,0.00270875269324395,21.0331484673991,0.727134052964415
"11001","Lamp5","SNX29",-0.0196424758967233,0.0427175293535654,0.645643719884383,-0.103367294938244,0.0640823431447975,7,0.00353848322912613,30.7546478546808,0.887296396931434
"11002","Lamp5","KIF5C",0.0153607189327419,0.0214225310698802,0.473352087039654,-0.0266266704219137,0.0573481082873975,7,0,0,0.806286012689692
"11003","Lamp5","RUBCN",-0.0761166020050598,0.034126665761324,0.0257199536630741,-0.143003637809691,-0.00922956620042847,7,0.00238596198176219,32.3534963509671,0.251144289597949
"11004","Lamp5","RNF149",-0.00429835514054876,0.0259494569276519,0.868437625160829,-0.0551583561371198,0.0465616458560223,7,4.31641254670123e-08,0.000784452348677632,0.967580297891175
"11005","Lamp5","VAT1L",0.114745903902031,0.0697384333356826,0.0998924156668926,-0.0219389137741547,0.251430721578216,7,0.00308457051589512,8.69196524855489,0.44791325196165
"11006","Lamp5","EPG5",0.0121446557254693,0.0280432505993041,0.664964818363968,-0.0428191054585981,0.0671084169095367,7,0,0,0.896035409894613
"11007","Lamp5","FUT9",0.060981490518313,0.0339328468131681,0.0723161369462314,-0.00552566712841115,0.127488648165037,7,0,0,0.389156123730696
"11008","Lamp5","SNX2",0.032802052815686,0.0284864441529769,0.249527860021786,-0.0230303517717604,0.0886344574031323,7,0,0,0.640240491404512
"11009","Lamp5","ARMC9",-0.0285145931330943,0.0303224087723034,0.347022569557804,-0.0879454222513103,0.0309162359851218,7,0,0,0.727134052964415
"11010","Lamp5","SARAF",-0.0467209728455267,0.0405563777188247,0.249320812794888,-0.126210012517826,0.0327680668267725,7,0,0,0.640108973854459
"11011","Lamp5","GABARAPL2",-0.0787749646823624,0.079144715541724,0.319576682522279,-0.233895756710809,0.0763458273460841,7,0.00866937698942759,20.303593479083,0.704062213401684
"11012","Lamp5","DYNC1LI1",-0.0983380307050314,0.0348052788668916,0.00472250310393821,-0.166555123756012,-0.0301209376540507,7,0.0015046060961527,18.0168586170624,0.118072529571483
"11013","Lamp5","TMX3",-0.020468335229417,0.0254411142904412,0.421086513523422,-0.070332002965249,0.0293953325064151,7,0,0,0.775714099875474
"11014","Lamp5","PLEKHM3",0.0714838084916995,0.0255872021614807,0.0052103494702602,0.021333813790052,0.121633803193347,7,0,0,0.122658601013468
"11015","Lamp5","DTWD2",-0.114688042001026,0.0353766775285991,0.0011873107170398,-0.184025055849768,-0.0453510281522841,7,0.000407987250978512,4.32685883250399,0.0600046589124119
"11016","Lamp5","TSPAN9",-0.0266312924845484,0.0443611099517329,0.5482865190862,-0.113577470304166,0.0603148853350694,7,0.0010775420234034,7.35728595145788,0.844764971297428
"11017","Lamp5","ZFC3H1",-0.00297883285201335,0.0484351354967421,0.950959830262366,-0.0979099540119454,0.0919522883079187,7,0.00693009134241745,51.7899559800372,0.990120895882608
"11018","Lamp5","KCMF1",-0.0369573586740586,0.027005498050296,0.171151746494556,-0.0898871622372054,0.0159724448890882,7,0,0,0.561537376221783
"11019","Lamp5","ITGB1",-0.0541005039416186,0.0544101517985445,0.320072452594098,-0.160742441860123,0.0525414339768858,7,0.0089263236849217,51.3267606352182,0.704406783322198
"11020","Lamp5","RBBP4",0.0377952837377598,0.025157962287787,0.133014754375108,-0.0115134162707196,0.0871039837462392,7,0,0,0.50275709468139
"11021","Lamp5","MYSM1",0.0169174357756467,0.0295589105015948,0.567098783705155,-0.041016964229722,0.0748518357810154,7,0.000645995486931457,10.0585979048233,0.853478978335213
"11022","Lamp5","TAF1D",0.0303485929440392,0.0436530357234902,0.486915582285475,-0.0552097848898421,0.11590697077792,7,0.00341071734822079,27.3661258535713,0.814177681246292
"11023","Lamp5","ADD3",0.119217489046864,0.0477619583809663,0.0125575611845772,0.0256057707890695,0.212829207304659,7,0.00473990167987379,31.4182196056076,0.181789091051703
"11024","Lamp5","MTMR1",-0.0192817855002071,0.031311250344585,0.538019833347851,-0.0806507084865111,0.0420871374860968,7,0,0,0.839248783091326
"11025","Lamp5","DCX",0.0417833664593797,0.0326867353202366,0.201144609211425,-0.0222814575404774,0.105848190459237,7,0,0,0.592047349633137
"11026","Lamp5","SMIM14",-0.061296588002091,0.0280976716678174,0.0291424650121543,-0.116367012520445,-0.00622616348373734,7,0,0,0.265433921614892
"11027","Lamp5","B4GALT5",0.0753800871252854,0.0295505136366278,0.0107448468387068,0.0174621446728352,0.133298029577736,7,0,0,0.168803505780448
"11028","Lamp5","ROCK1",0.0826815378969901,0.0276822790148391,0.00281910524158744,0.0284252680179166,0.136937807776064,7,0,0,0.0892122758076725
"11029","Lamp5","L2HGDH",-0.0510563350697208,0.0456648438101989,0.26353856488502,-0.140557784297357,0.038445114157916,6,0.00480779920784426,42.0788331238888,0.653860744816006
"11030","Lamp5","TENT4B",0.095038303659198,0.036939685544324,0.0100880425876927,0.022637850392088,0.167438756926308,5,0,0,0.165799943436789
"11031","Lamp5","CHORDC1",0.215594109021299,0.0770921635384199,0.00516472319221639,0.0644962449957246,0.366691973046874,7,0.0165349222261803,43.6750860725801,0.122306781496467
"11032","Lamp5","TRIM36",0.0119700227173263,0.0373775665161478,0.748781722028762,-0.0612886614840735,0.0852287069187262,7,0.00134950768824378,13.6204005080679,0.925194087086923
"11033","Lamp5","DCAF7",0.0402611189676268,0.0280164249792998,0.150702616060093,-0.0146500649673691,0.0951723029026228,7,3.1729450676564e-06,0.0505256278388006,0.53025405672169
"11034","Lamp5","CAPRIN2",-0.029135765807486,0.0327658411932528,0.37388937410532,-0.0933556344694205,0.0350841028544485,7,0.00139048051621494,18.9879954464138,0.745472328263675
"11035","Lamp5","RNF157",-0.0109553041074206,0.0260004552015398,0.673499178693226,-0.0619152598840857,0.0400046516692446,7,1.26764132009957e-06,0.0231476331420035,0.899461281868709
"11036","Lamp5","ITSN1",0.0446109100530859,0.0353427358016056,0.206863505895695,-0.0246595792331753,0.113881399339347,7,0.00264547230093926,33.558150048471,0.595994637532837
"11037","Lamp5","TPT1",0.014118424214166,0.0643063920967192,0.826222170422176,-0.111919788271115,0.140156636699447,7,0.0038064188993499,12.839613454567,0.954415053359983
"11038","Lamp5","TBC1D19",0.0655190016002603,0.0319006671256249,0.0399907690405864,0.00299484295123457,0.128043160249286,7,0.00101841636244754,14.1320039770858,0.305843499326131
"11039","Lamp5","RASGRP1",0.0571152396589303,0.0328605491397883,0.0821914836268261,-0.00729025316726344,0.121520732485124,7,3.33172836904788e-06,0.039173210894695,0.412822678543904
"11040","Lamp5","UGGT2",0.0368937198498132,0.030752324539038,0.23025390094938,-0.0233797286875885,0.0971671683872149,7,0,0,0.621816209052182
"11041","Lamp5","FBXO28",-0.00738531978259355,0.0290283367098871,0.799172954710196,-0.0642798142650742,0.0495091746998871,7,0,0,0.943887713826619
"11042","Lamp5","USP48",-0.000879561433502561,0.0233448206172531,0.96994526120412,-0.0466345690688667,0.0448754462018616,7,5.13396837417528e-05,1.1717263782292,0.995855798622175
"11043","Lamp5","NLGN1",0.0925006410769012,0.0434052576125214,0.0330814805013895,0.00742789941667628,0.177573382737126,7,0,0,0.283240512106319
"11044","Lamp5","SUCO",0.012376384982492,0.0271196599109097,0.64812961387137,-0.0407771717158657,0.0655299416808498,7,0,0,0.888623464010692
"11045","Lamp5","CISD1",0.0389167035861252,0.0413712730252151,0.34687414370844,-0.0421695015378699,0.12000290871012,6,0.0015417486984731,14.6012840095032,0.727134052964415
"11046","Lamp5","AMOTL1",0.0774315449958204,0.0287570138752604,0.007089424365586,0.0210688334973915,0.133794256494249,7,0,0,0.141334906850271
"11047","Lamp5","AKAP7",0.00325619129376897,0.0322650908935483,0.91961400777291,-0.059982224815497,0.0664946074030349,7,0,0,0.982309092211961
"11048","Lamp5","WDR37",0.0324312415197302,0.0278888695232012,0.244880623904872,-0.0222299383152808,0.0870924213547413,7,1.92000801693101e-06,0.0294508609363745,0.636602338199387
"11049","Lamp5","SLC38A1",0.0905710623680237,0.0289826130540646,0.00177796789183369,0.0337661846041966,0.147375940131851,7,2.08038564835838e-06,0.0304263261225935,0.0741267531863229
"11050","Lamp5","KCTD8",0.021456128796249,0.0391712771110789,0.583862492171495,-0.0553181635699037,0.0982304211624017,7,0,0,0.859263732685249
"11051","Lamp5","ITM2B",0.0342626461081823,0.0406763981444892,0.39960745001902,-0.0454616292758285,0.113986921492193,7,0.000187627642872904,1.38013231367971,0.762743492813461
"11052","Lamp5","NR2C1",-0.0602788572404129,0.030552911060876,0.048503156130541,-0.120161462542585,-0.00039625193824043,7,1.90544772666733e-06,0.0254471974239115,0.328781094033537
"11053","Lamp5","GRM5-AS1",-0.160918824392384,0.109500408071113,0.141677483830835,-0.375535680504205,0.0536980317194367,7,0,0,0.517666064507471
"11054","Lamp5","LINC00662",0.0668021987767547,0.0340610640068738,0.0498500824841346,4.37400481684558e-05,0.133560657505341,7,3.713787616041e-06,0.0412456831094986,0.334019145012744
"11055","Lamp5","CTDSPL",0.0573909458296859,0.0299303141580869,0.0551762710830846,-0.00127139196613373,0.116053283625506,7,0,0,0.34837800237059
"11056","Lamp5","CEP97",0.0419906112489364,0.0271825564608915,0.122403566305951,-0.0112862204221376,0.0952674429200103,7,0,0,0.483792114801566
"11057","Lamp5","PAIP2",-0.0379397691461167,0.0316744462721314,0.230993443920391,-0.100020543069743,0.0241410047775099,7,0,0,0.622173557622513
"11058","Lamp5","CREB1",0.0764152831405338,0.0404407306763497,0.0588165130902233,-0.00284709249359583,0.155677658774663,7,0.00334495343589468,32.395093205538,0.357957597987776
"11059","Lamp5","FBXO9",0.0156896909704649,0.0261493848319175,0.548504704509938,-0.0355621615179714,0.0669415434589011,7,0,0,0.844764971297428
"11060","Lamp5","CUL5",-0.00391119076701416,0.020933585223814,0.85178759296966,-0.0449402638729895,0.0371178823389611,7,0,0,0.960949077691041
"11061","Lamp5","ATP1B1",0.00197498930373314,0.0673648574786216,0.976611132016768,-0.130057705178039,0.134007683785505,7,0.0128110603136449,46.3273023289156,0.997093441046833
"11062","Lamp5","CLCN4",-0.0328776965531455,0.0317131608816467,0.2998659508079,-0.0950343497170975,0.0292789566108065,7,0,0,0.68989936623926
"11063","Lamp5","MAPK4",-0.0742980725719369,0.0371656575613376,0.0455969339742264,-0.147141422853907,-0.00145472228996639,7,0,0,0.320761019645749
"11064","Lamp5","EPS15L1",0.0135300942126643,0.0276005746517287,0.623984881977369,-0.0405660380573331,0.0676262264826618,7,0,0,0.879358378926155
"11065","Lamp5","MTPN",0.0684105382756745,0.0506583777019659,0.176878439555483,-0.0308780575354057,0.167699134086755,7,0.00246816369273205,13.512100848925,0.569386022035856
"11066","Lamp5","EPC2",0.016352801541574,0.034939829386796,0.63976491288402,-0.0521280056825204,0.0848336087656683,7,0.000792883623557057,8.85424610364043,0.885628960895936
"11067","Lamp5","PPP1R2",-0.0260124769229291,0.0361969125366884,0.472363991886874,-0.0969571218463847,0.0449321680005265,7,0.000586929582213844,6.03263641167133,0.805854730251114
"11068","Lamp5","UIMC1",-0.0175660151657397,0.0264450880066941,0.506533572428219,-0.0693974352268523,0.034265404895373,7,0,0,0.822824639047686
"11069","Lamp5","TRIP11",0.00998407006579432,0.0288467446718958,0.729262047431729,-0.0465545105623442,0.0665226506939328,7,0,0,0.919186849202787
"11070","Lamp5","ITGB1BP1",0.0692826654624218,0.0405342191403196,0.087406699892969,-0.0101629441940587,0.148728275118902,7,0.00275162308647973,25.5098474916816,0.423025788757594
"11071","Lamp5","RGL1",0.0405547353867579,0.0280662479279721,0.1484678225154,-0.0144540997332393,0.0955635705067551,7,0,0,0.527175382856789
"11072","Lamp5","DDHD1",0.0122377988584892,0.0256120055300054,0.632781927439998,-0.0379608095521621,0.0624364072691404,7,0,0,0.882993296421211
"11073","Lamp5","KMT5B",-0.0393795852938115,0.0268088540002423,0.141859311040507,-0.091923973601079,0.013164803013456,7,0,0,0.518013893353716
"11074","Lamp5","TTC13",-0.0345361592424225,0.0285656297280072,0.22665863713587,-0.0905237647050233,0.0214514462201784,7,4.78103912628675e-06,0.0735017121759181,0.617873408139472
"11075","Lamp5","MICU2",0.0103395926661558,0.0262994740072108,0.694209975395861,-0.0412064292003247,0.0618856145326363,6,0.000342785260754835,7.80595860952001,0.905942502810902
"11076","Lamp5","SLC16A10",-0.0200405604884928,0.0393983358842928,0.610986953139318,-0.0972598798725188,0.0571787588955332,7,0.000570753736984155,4.75110417633203,0.874121429918725
"11077","Lamp5","STMN2",0.0220758163195609,0.0419425271518673,0.598655530473316,-0.0601300263186923,0.104281658957814,7,0,0,0.866522587716573
"11078","Lamp5","STRN",0.000882674480101558,0.0259799523408532,0.97289691443411,-0.0500370964280379,0.051802445388241,7,8.85524627474283e-07,0.0160169533110409,0.996727391459769
"11079","Lamp5","RNF146",-0.045888545464629,0.0373093484632318,0.218716709038382,-0.119013524739218,0.0272364338099603,7,0.00144239133270931,14.6206948303398,0.608563630437471
"11080","Lamp5","PDE3A",0.0649452362823104,0.165267294149781,0.694340979051246,-0.258972708073647,0.388863180638268,7,0.141814585824318,81.1044243835729,0.905973584596204
"11081","Lamp5","RAB2A",0.0362389680481197,0.0256885785394238,0.158332054033208,-0.0141097207031794,0.0865876567994188,7,0,0,0.54223740955989
"11082","Lamp5","STRAP",-0.0351739605430965,0.0378733284976234,0.353030888518943,-0.109404320373093,0.0390563992868998,7,0,0,0.730623184965952
"11083","Lamp5","ZCCHC14",0.0468725347463725,0.0331007803272137,0.156759320055134,-0.0180038025551383,0.111748872047883,7,0.000955584588253544,12.1114907287401,0.540108068445426
"11084","Lamp5","HMGN1",-0.0416540387298703,0.0446459830050999,0.35082764057,-0.129158557474253,0.0458504800145129,7,0,0,0.72961567293043
"11085","Lamp5","AFTPH",0.0555776687015184,0.0295312826399775,0.0598369592110049,-0.00230258169011045,0.113457919093147,7,0,0,0.361591811624259
"11086","Lamp5","KCTD16",0.0737011850543504,0.0422763212167065,0.0812776149897746,-0.00915888192924091,0.156561252037942,7,0.0021431813848216,17.2200045823975,0.410905077868147
"11087","Lamp5","QSER1",0.0404769832737565,0.0274703265393803,0.140621588817675,-0.0133638673869838,0.0943178339344968,7,0,0,0.516223713485917
"11088","Lamp5","LGI1",0.0676660456459365,0.0293741873513728,0.0212457435535641,0.0100936963621138,0.125238394929759,7,1.21935325392352e-06,0.0178979698823686,0.231048186456655
"11089","Lamp5","PPP3CC",0.0275983939981566,0.032578067186518,0.396913496646646,-0.0362534443733449,0.091450232369658,7,0.00181534959672892,26.1707394231335,0.761362277976405
"11090","Lamp5","AMPH",0.0511316999866779,0.0283348991744166,0.0711453621723006,-0.00440368190075235,0.106667081874108,7,0,0,0.386804505912428
"11091","Lamp5","FRMD5",0.0204046792643244,0.0345267032836552,0.554532110826244,-0.0472664156765406,0.0880757742051894,7,6.14440832100093e-06,0.0688376735870806,0.848579592241976
"11092","Lamp5","PIP4K2A",0.00475255891786264,0.0516645720136513,0.926706985288162,-0.0965081415055699,0.106013259341295,7,0.00568330549782864,33.0894979349044,0.983711063115669
"11093","Lamp5","METAP1D",-0.178559821942404,0.0630863010618705,0.00464890228237934,-0.302206699941522,-0.0549129439432871,6,4.03296070340622e-06,0.0139223568757644,0.118038688736676
"11094","Lamp5","TTLL5",0.0696168851737191,0.0551209169934594,0.206594610724933,-0.0384181269282833,0.177651897275721,7,0.0102400032242273,57.870845218646,0.59577163001193
"11095","Lamp5","ZNF706",0.188480431274947,0.0626819305975539,0.00263897010719395,0.0656261048223023,0.311334757727592,7,0.0107338325041636,45.0089604691931,0.0865210223550347
"11096","Lamp5","ERP44",0.0359458608456239,0.028897133984866,0.213527250721082,-0.0206914810211418,0.0925832027123897,7,0.000331754606241272,5.17929670422027,0.603824164429752
"11097","Lamp5","DNAJC10",-0.0349679657664994,0.0322334058934115,0.277994206468514,-0.0981442804166471,0.0282083488836483,7,0,0,0.668106652398611
"11098","Lamp5","ELP1",-0.0687431701677663,0.0291422403782739,0.0183299749872798,-0.125860911737992,-0.0116254285975406,5,0.000118451571961052,2.46374576711622,0.216608864498893
"11099","Lamp5","ZNF131",0.008320354198206,0.0267987114520676,0.75619907961061,-0.0442041550799276,0.0608448634763395,7,0.00049374111061361,9.30488364846033,0.926555528105898
"11100","Lamp5","IQCK",-0.106130572775364,0.0735796227512699,0.149192150659354,-0.250343983363897,0.0380828378131684,7,0.0219034013590805,67.592184367792,0.528329084038001
"11101","Lamp5","SHISA9",-0.0541186100580307,0.0316968764727669,0.0877514622297614,-0.116243346367069,0.00800612625100741,7,0,0,0.423796098422135
"11102","Lamp5","VPS53",-0.0568046390110196,0.0321958444441121,0.0776735887940638,-0.119907334573333,0.00629805655129419,7,0.00147467862668199,21.0367696591452,0.403518005381498
"11103","Lamp5","ASB3",0.0306756658907654,0.0211546440938303,0.147039644077028,-0.0107866746389049,0.0721380064204357,7,7.1077905648585e-07,0.0181049670613098,0.52475294047066
"11104","Lamp5","ZNF326",0.000331073089724794,0.0313838349563207,0.991583144387049,-0.0611801131214129,0.0618422593008625,7,0.000867107435652001,12.2863244136325,0.998654866216999
"11105","Lamp5","CASK",0.0565703188204413,0.0260218623155659,0.0297086270756083,0.00556840587127219,0.10757223176961,7,0,0,0.268037669256756
"11106","Lamp5","TJP1",-0.00830968803180653,0.0249055468077174,0.738645127813375,-0.0571236627902091,0.0405042867265961,7,0,0,0.921986241896285
"11107","Lamp5","RUNX2",0.0753655080098422,0.0381742679421336,0.048353443681437,0.00054531770707833,0.150185698312606,7,0,0,0.328369581480014
"11108","Lamp5","APPL2",0.00551447331773034,0.0294324641552198,0.851378200550835,-0.0521720964027666,0.0632010430382273,7,0,0,0.960803236801683
"11109","Lamp5","CHD9",0.0253073490491176,0.0230686775727642,0.272622258150767,-0.0199064281644671,0.0705211262627022,7,0,0,0.661987733040614
"11110","Lamp5","TMCC1",-0.0143237107923946,0.0373828064511683,0.701598860024969,-0.087592665077716,0.0589452434929268,7,0.00324775222829583,37.1447594117694,0.908054195566948
"11111","Lamp5","LARP4",0.012383729551039,0.0348208812899115,0.722109509999486,-0.0558639436871322,0.0806314027892101,7,0.00192316683667415,23.9356303118558,0.915784250967848
"11112","Lamp5","EIF5B",-0.0358341739688464,0.0332859888405608,0.281679436017802,-0.101073513286148,0.0294051653484548,7,0.000910850053836089,11.1966850332341,0.671036728154759
"11113","Lamp5","TRIM2",0.0830029189323869,0.0338814015012869,0.0142932519556705,0.0165965922441233,0.14940924562065,5,0,0,0.192024501934971
"11114","Lamp5","PHIP",0.0541254526818142,0.0335993992694692,0.107200349600536,-0.0117281597885268,0.119979065152155,7,0.00231697311107996,33.0285465346619,0.46144116101557
"11115","Lamp5","LATS1",-0.0149876367166826,0.0322625186085471,0.642251887296589,-0.0782210112399882,0.048245737806623,7,0.00106002742662039,14.2885850767989,0.886703736972112
"11116","Lamp5","PEX1",-0.0202431195522883,0.0358173229683748,0.571953523207625,-0.0904437825929422,0.0499575434883656,7,0.00154162893142967,17.4107830093889,0.855459320471905
"11117","Lamp5","ZFP90",0.0157462558167838,0.0370445432028171,0.670790923542833,-0.0568597146844757,0.0883522263180434,7,0.00181861348278173,19.4453398076369,0.8984778953508
"11118","Lamp5","GLCCI1",0.120647214936565,0.0480973896558641,0.0121281269657195,0.0263780634606824,0.214916366412448,7,0.00493619128389239,32.3203091823224,0.178940236991961
"11119","Lamp5","TM2D1",-0.00485423004915971,0.0263181502099657,0.853665001315904,-0.0564368566004078,0.0467283965020884,7,0,0,0.961750329791511
"11120","Lamp5","DNAJA1",-0.00375943183730326,0.0695975202795057,0.95692181934028,-0.14016806499843,0.132649201323824,7,0.00305335549296936,8.51466898482138,0.993215417244437
"11121","Lamp5","RAD23B",0.0260032340506921,0.0259806257730753,0.316889566416992,-0.0249178567603487,0.0769243248617328,7,0,0,0.701947766322472
"11122","Lamp5","VPS35L",-0.051193653732168,0.0319343153935168,0.108914287301336,-0.113783761774404,0.011396454310068,5,0.000466061543309098,8.36794548235846,0.463734401407849
"11123","Lamp5","NMT1",-0.0473762953240343,0.048370666367234,0.327361295226197,-0.142181059312016,0.0474284686639473,7,0.00244838716988903,14.7261632303092,0.710412234133167
"11124","Lamp5","CLTA",-0.0517656142593352,0.0355890949301964,0.145797803128314,-0.121518958564897,0.0179877300462269,7,0,0,0.522269692067356
"11125","Lamp5","TFCP2",-0.0261147405998304,0.034491967498171,0.448974809081577,-0.0937177546521717,0.041488273452511,7,0.00174037093122204,21.6088479789249,0.792515091041561
"11126","Lamp5","BTAF1",0.0022347633107075,0.0259044191792453,0.931252121538383,-0.0485369653210419,0.0530064919424569,7,0,0,0.984931265511699
"11127","Lamp5","NRIP3",0.0966276928048398,0.0641312658908665,0.131883115170653,-0.0290672786242206,0.2223226642339,7,0.0130003484152469,50.874643780056,0.500732262514379
"11128","Lamp5","WASF3",0.0139480613458965,0.0279721427217465,0.618032211943199,-0.0408763309591409,0.0687724536509339,7,0,0,0.877171519419501
"11129","Lamp5","FAM174A",-0.0674737426615288,0.0353135311957307,0.0560424944864233,-0.136686991972093,0.00173950664903512,7,2.21258272479644e-06,0.0218492552447971,0.350034493553454
"11130","Lamp5","EPHA5",0.0458453941711927,0.0438255413625034,0.295520181108897,-0.0400510885022844,0.13174187684467,7,0,0,0.686104804092661
"11131","Lamp5","PCDH9-AS2",0.0159313678956343,0.0955350689566827,0.867559389131336,-0.171313926520014,0.203176662311283,7,0,0,0.967279253523521
"11132","Lamp5","ABR",-0.0182403282805013,0.0318570842748068,0.566937630235336,-0.0806790661115798,0.0441984095505773,7,3.96342883437367e-07,0.00486694666889178,0.853478978335213
"11133","Lamp5","MAN1C1",0.00736108688490953,0.0368345608027773,0.841604267542795,-0.0648333256748847,0.0795554994447038,7,0,0,0.958821007634427
"11134","Lamp5","NUP153",0.057298659359494,0.0359803310453221,0.111272514365349,-0.0132214936411658,0.127818812360154,7,0.00215092862216452,25.0670190354621,0.464976377514909
"11135","Lamp5","IFNGR2",0.0165047808213248,0.0481285399943054,0.731650174725477,-0.0778254241960094,0.110834985838659,7,0,0,0.919666801398003
"11136","Lamp5","TAF3",0.00348006744101697,0.0328835371136891,0.915717168539575,-0.0609704809860998,0.0679306158681337,7,0,0,0.980734315041589
"11137","Lamp5","MAP2K1",-0.0476059451757822,0.0327147646960289,0.145618811162063,-0.111725705742701,0.0165138153911368,7,0.00162257148781936,22.7330408486396,0.522269692067356
"11138","Lamp5","LINC02245",0.050312960460874,0.0339076158552317,0.137855412699382,-0.0161447454169995,0.116770666338747,5,0,0,0.510858633420544
"11139","Lamp5","SHTN1",0.0224688763077421,0.0319750356085152,0.482242361470068,-0.0402010418893334,0.0851387945048177,7,0,0,0.811720289507115
"11140","Lamp5","MAPKBP1",-0.0617984851238494,0.0285765862413035,0.0305752995078874,-0.117807564957907,-0.00578940528979175,7,0,0,0.271576462501495
"11141","Lamp5","SPATS2",-0.0732894564516996,0.0278138426314025,0.00841374514315665,-0.127803586280913,-0.0187753266224859,7,3.38332953678366e-06,0.0545266956724893,0.152223870146763
"11142","Lamp5","DTWD1",0.036219695146398,0.0465160766631893,0.436186524387263,-0.0549501398155572,0.127389530108353,7,0.00562175040639625,42.1442721382467,0.784894620673969
"11143","Lamp5","KPNB1",-0.00942359542329517,0.0250842353855331,0.707156294032655,-0.0585877933586652,0.0397406025120748,7,0,0,0.910909319295187
"11144","Lamp5","IFT43",-0.00646587648292361,0.0265119067906112,0.807319299678549,-0.0584282589540044,0.0454965059881572,7,0,0,0.947310913472709
"11145","Lamp5","SEC24B",0.019847663370274,0.0290206234657173,0.494028326401752,-0.0370317134314298,0.0767270401719777,7,0.000222984834623035,3.37241249929346,0.81750169578505
"11146","Lamp5","UBAP1",0.0254926836140023,0.0382477396847739,0.505082122924332,-0.0494715086582179,0.100456875886222,7,0.00267776362094551,27.9191616859342,0.822477819723869
"11147","Lamp5","SCN8A",0.0480952502432467,0.02509659869222,0.0553135495502534,-0.0010931793279595,0.0972836798144529,7,0,0,0.348723719878398
"11148","Lamp5","CASD1",-0.0401171290891642,0.0259311676942091,0.121848250082196,-0.0909412838468827,0.0107070256685542,7,0,0,0.483311184986063
"11149","Lamp5","MAN1A2",0.000873256437724257,0.0335115998236119,0.979210810974317,-0.064808272280874,0.0665547851563225,7,0.00153347526158842,20.2059414063207,0.997093441046833
"11150","Lamp5","LRRC49",-0.0339237989210909,0.0285410763380062,0.234598824058469,-0.0898632806235914,0.0220156827814097,7,0,0,0.624987154581251
"11151","Lamp5","PTBP3",0.052737873214849,0.0412459420749484,0.201031016668813,-0.0281026877604751,0.133578434190173,7,0.0033845679474871,31.2062063023495,0.59193970712623
"11152","Lamp5","DLEU2",0.037215238304823,0.0335265981026649,0.266989844293442,-0.0284956865005492,0.102926163110195,7,0,0,0.656145013827722
"11153","Lamp5","MED13",-0.0510187762470434,0.0246440409584674,0.0384310263949584,-0.0993202089591695,-0.0027173435349174,7,0,0,0.300980120928164
"11154","Lamp5","TNIK",0.079523273024438,0.0357245470451264,0.026013372754295,0.00950444745198344,0.149542098596893,7,2.89916506773631e-07,0.00288461987453576,0.252137263510121
"11155","Lamp5","NSD3",0.000676098769513412,0.0207101185683318,0.973957031497912,-0.0399149877399712,0.041267185278998,5,0,0,0.996965859769198
"11156","Lamp5","ANKRD55",-0.20619087209402,0.0885231930020402,0.0198468872672411,-0.379693142174507,-0.0326886020135331,7,0.00184213759502959,3.08637662737687,0.225381313797281
"11157","Lamp5","NSD2",-0.0692683081392213,0.029690474168719,0.0196473818427421,-0.127460568193827,-0.0110760480846153,5,1.67366632972521e-06,0.0329209535839883,0.224415510465475
"11158","Lamp5","KHDRBS1",0.0309621313592343,0.0332025806878775,0.351066909491485,-0.0341137309827906,0.0960379937012592,7,0,0,0.72969127366908
"11159","Lamp5","SLMAP",0.020678331489637,0.0267491831137964,0.439495545094484,-0.031749104029271,0.0731057670085449,7,0.000197635509599943,3.58400711079079,0.787588206165247
"11160","Lamp5","STIM1",0.017493181140969,0.0330901496371749,0.597046726408106,-0.0473623203909349,0.0823486826728729,7,0.000567680872145388,6.90859087042609,0.866094347539366
"11161","Lamp5","ECPAS",-0.00219591063835591,0.0239120607097391,0.92683091178601,-0.0490626884255798,0.044670867148868,5,0,0,0.98375529191878
"11162","Lamp5","DPYSL5",-0.0116307922397839,0.0432873060674979,0.788169563862573,-0.096472353119842,0.0732107686402742,7,0.00375609387153205,30.8235640340004,0.938643357904296
"11163","Lamp5","SREK1",-0.0286135908476262,0.0281586554884391,0.309555035703263,-0.083803541458038,0.0265763597627856,7,0.000348136253782257,5.68283914273486,0.696879927838551
"11164","Lamp5","U2SURP",-0.00470326003956394,0.0242954542795487,0.846500053871432,-0.0523214754155189,0.0429149553363911,7,0,0,0.959421815061179
"11165","Lamp5","HDDC2",-0.0869401519687467,0.0613566620390867,0.15649359268225,-0.207196999776952,0.0333166958394591,7,5.88732398372987e-07,0.0020584304465399,0.53965518417375
"11166","Lamp5","PBRM1",0.015351037295,0.0234890661937333,0.513408403588397,-0.0306866864751946,0.0613887610651947,7,0,0,0.826138184151139
"11167","Lamp5","SIMC1",-0.0110949884765252,0.0291433991991381,0.703423414092974,-0.0682150012939093,0.0460250243408589,7,4.18298956748493e-05,0.606394412709854,0.909136562102872
"11168","Lamp5","ZNF302",-0.0694390039474923,0.0449273999614335,0.122205426006455,-0.157495089790928,0.0186170818959436,7,0,0,0.483792114801566
"11169","Lamp5","CHD3",-0.0217381719908089,0.0333357913961483,0.514338552267176,-0.0870751225233999,0.043598778541782,7,0.000803963764577337,9.78040331886879,0.826632810988195
"11170","Lamp5","TLN2",0.0400527735047239,0.0378344802731863,0.289767624444732,-0.0341014452045124,0.11420699221396,7,0,0,0.679711913966886
"11171","Lamp5","TRIM44",-0.0157644602203639,0.0226707756401652,0.486826690630833,-0.0601983639766757,0.0286694435359479,7,0,0,0.814177681246292
"11172","Lamp5","GREB1L",0.0395414366260299,0.0628638153252615,0.529348048258034,-0.0836693773422598,0.16275225059432,7,0,0,0.83539935843094
"11173","Lamp5","TPPP",-0.00774757401360036,0.0370759636424724,0.834475660941929,-0.0804151274449627,0.064919979417762,7,0,0,0.957357485533819
"11174","Lamp5","SLC38A2",-0.0174509277147638,0.0435260557653173,0.688471219014239,-0.102760429403868,0.0678585739743402,7,0,0,0.903878286111679
"11175","Lamp5","PHACTR2",-0.023500915239683,0.0382675994542508,0.539135738339065,-0.0985040319448192,0.0515022014654531,7,4.55558904955311e-07,0.00409368394823316,0.839382175581193
"11176","Lamp5","SLC36A4",-0.00168682601590873,0.0281263572542068,0.952177025800453,-0.056813473250461,0.0534398212186436,7,0,0,0.990698194844929
"11177","Lamp5","PHF20",-0.0682644113790142,0.0416492812196603,0.101207062040303,-0.149895502551529,0.0133666797935005,7,0.00513698694125764,49.0660834350893,0.450734624382296
"11178","Lamp5","TM7SF3",-0.00702787793436972,0.0282390486302256,0.803460632309072,-0.062375396207287,0.0483196403385476,7,0,0,0.945598524967952
"11179","Lamp5","ELP4",0.0874013194917556,0.0356670605529462,0.0142666988571072,0.0174951653735717,0.157307473609939,7,1.01483657691297e-06,0.0101284505477329,0.192024501934971
"11180","Lamp5","DYNC1H1",-0.0738723551904862,0.0312964629704088,0.0182549499998244,-0.135212295455979,-0.0125324149249936,7,0.000620145914097785,8.39435430993318,0.216350057594207
"11181","Lamp5","SLC25A4",-0.0329826876762058,0.0743717390832214,0.657415579402497,-0.17874861774693,0.112783242394518,6,0.0086579995006596,27.2019226739537,0.892902161244819
"11182","Lamp5","COP1",0.00676312423104492,0.0286356239741876,0.813294012741718,-0.0493616674331945,0.0628879158952843,5,0,0,0.948815753829332
"11183","Lamp5","ST7L",0.0617897843096425,0.0249531179893351,0.0132776148778399,0.0128825717485671,0.110696996870718,7,0,0,0.185282376107453
"11184","Lamp5","HBS1L",0.0801669169534965,0.027485014431598,0.00353699098821768,0.0262972785530008,0.134036555353992,7,0,0,0.100711607685941
"11185","Lamp5","TRIM33",-0.0107179932768002,0.023900831431434,0.653838564398466,-0.0575627620829738,0.0361267755293734,7,0,0,0.891077090670597
"11186","Lamp5","CEP95",0.0425079480023477,0.0298530101637151,0.154473028056093,-0.0160028767486421,0.101018772753337,7,0,0,0.536144749822304
"11187","Lamp5","FNBP1",-0.00875543916393895,0.0255246782167496,0.731584473945446,-0.0587828891857422,0.0412720108578643,7,0,0,0.919666801398003
"11188","Lamp5","LINC00882",0.146535730648867,0.0472816000008162,0.00194035727179758,0.0538654975158386,0.239205963781896,5,2.76604645433236e-06,0.0198959922411419,0.076081090535827
"11189","Lamp5","SF1",-0.0468829841427281,0.0331763857423363,0.157613621323141,-0.111907505334915,0.0181415370494592,7,0,0,0.541471701125025
"11190","Lamp5","PHF21A",0.124106363639163,0.03329792666003,0.000193657299743401,0.0588436266256484,0.189369100652678,7,1.33266033269824e-06,0.0158479540841899,0.0289493455953917
"11191","Lamp5","SPOPL",0.0301796543738834,0.0404298445423148,0.455383721897331,-0.0490613848296069,0.109420693577374,7,0.00117910228881861,10.0115686562009,0.796305590023421
"11192","Lamp5","MAML3",-0.0725947129815143,0.0378635315304219,0.0552033041635812,-0.146805871108638,0.00161644514560942,7,0,0,0.34837800237059
"11193","Lamp5","ANO6",0.0431938589082108,0.045618683120094,0.343717355345635,-0.0462171170293187,0.13260483484574,7,0.00298542392881028,21.087433248616,0.72433889877292
"11194","Lamp5","UBE2V2",-0.0435671729120215,0.0328536881994782,0.184807614563931,-0.107959218542307,0.0208248727182643,7,0,0,0.577537998451536
"11195","Lamp5","IFT88",-0.0121849481464976,0.029577230729863,0.680361005698627,-0.0701552551394606,0.0457853588464653,7,0,0,0.901733822525915
"11196","Lamp5","LPIN1",0.0819924619850619,0.0278594649953831,0.00324970921550497,0.0273889139655566,0.136596010004567,7,0,0,0.0961962190797622
"11197","Lamp5","NRDC",-0.044972514426832,0.0292229998206831,0.123818350875105,-0.102248541595591,0.0123035127419274,6,0.00109048989678315,21.6070677721665,0.486420153219607
"11198","Lamp5","PPP6R3",0.0623715982163651,0.0259198785466195,0.0161140133461082,0.0115695697813384,0.113173626651392,7,0,0,0.204241898793523
"11199","Lamp5","DHX9",0.00772467815559448,0.0265590572095446,0.77116672364989,-0.0443301174384518,0.0597794737496408,7,0,0,0.93284445313334
"11200","Lamp5","MT-CO2",0.0889776110617542,0.148636561884692,0.549422760176612,-0.202344697018102,0.38029991914161,6,0.0612976993779663,53.4391400679966,0.844764971297428
"11201","Lamp5","ATP1B3",-0.13047799511426,0.0511331052573216,0.0107188848783438,-0.230697039836307,-0.0302589503922144,7,0.00655717792808681,41.1600916988961,0.168803505780448
"11202","Lamp5","DDR2",0.0466660507946455,0.0462451220893236,0.31292566081078,-0.0439727229610864,0.137304824550377,7,0,0,0.698925605264866
"11203","Lamp5","BMT2",0.164710435557972,0.0465856831637184,0.00040678100755313,0.0734041743618904,0.256016696754054,5,0,0,0.0412510354370077
"11204","Lamp5","BBX",0.175875125708733,0.0406889671304124,1.54321539769367e-05,0.0961262155649905,0.255624035852475,7,0,0,0.0102083092122784
"11205","Lamp5","JAZF1",-0.00189446802907557,0.0302399592765939,0.95004693606403,-0.0611636991051575,0.0573747630470064,7,0,0,0.989946092915373
"11206","Lamp5","KLHL28",0.0138216008630484,0.0419900038241517,0.742031673522443,-0.0684772943429881,0.0961204960690848,7,0,0,0.923528435962862
"11207","Lamp5","LINC01551",0.00776161733500961,0.0544511993145586,0.886651406670982,-0.0989607722365372,0.114484006906556,7,0.00662954779822549,34.7267546225053,0.974011298943957
"11208","Lamp5","EPB41L1",-0.00152309044249805,0.0284578021058513,0.957316787400086,-0.0572993576491347,0.0542531767641385,7,0,0,0.993217221014664
"11209","Lamp5","CAMK2N1",0.0525286159302141,0.0485499811278223,0.279275076695523,-0.042627598530417,0.147684830390845,7,0,0,0.669174642797387
"11210","Lamp5","YTHDC1",0.0608775560226535,0.0296476555483705,0.0400368714849992,0.0027692189217982,0.118985893123509,7,0.00088054697696586,14.1532016325272,0.305843499326131
"11211","Lamp5","RAB3IP",0.0838725786237581,0.0378891415785525,0.0268541725303934,0.00961122572465607,0.15813393152286,7,2.10529616414315e-07,0.00181964946991598,0.256837270550256
"11212","Lamp5","TMEM65",0.0886834084926301,0.0370090094338188,0.0165630929171146,0.0161470828988421,0.161219734086418,6,0,0,0.206238639985863
"11213","Lamp5","GOLIM4",-0.026503571990078,0.0435698940259145,0.542988438026716,-0.111898995091097,0.0588918511109413,7,5.41205286844112e-07,0.00367752295745051,0.842154282223712
"11214","Lamp5","GABRG3-AS1",-0.174912083605162,0.152057370229515,0.250019002334894,-0.472939052838883,0.123114885628559,5,0.0502459902908345,48.9166342815631,0.6406636487943
"11215","Lamp5","SPIDR",0.00138135557450478,0.0305904160402008,0.963982581091096,-0.0585747581363851,0.0613374692853947,7,0.000384699106896378,5.46179456473977,0.99419564321202
"11216","Lamp5","PDE4DIP",0.00169213672180724,0.0362049912088507,0.96272231143483,-0.0692683421081295,0.0726526155517439,7,0.00253414587926232,30.0685400165896,0.994163912108515
"11217","Lamp5","RBL2",-0.00746575801468956,0.0253793832854855,0.768630868659487,-0.0572084352040789,0.0422769191746998,7,0,0,0.931973695457651
"11218","Lamp5","NSUN6",0.0510306362885428,0.0310220303902286,0.0999738243127788,-0.00977142600361224,0.111832698580698,7,0,0,0.44791325196165
"11219","Lamp5","GNB5",-0.0612510583186236,0.0256601114018965,0.016985820726303,-0.111543952505626,-0.0109581641316209,7,0.000314029656854901,6.21276770997587,0.20812851441174
"11220","Lamp5","KCNQ3",-0.00410567675268785,0.0338233934790801,0.903385532125963,-0.0703983098066117,0.062186956301236,7,0,0,0.978497199410777
"11221","Lamp5","EPM2A",-0.100054506922809,0.0404573530214382,0.013395196378806,-0.179349461754651,-0.0207595520909678,7,0,0,0.185623584581856
"11222","Lamp5","UBXN2A",0.0673612810548031,0.033385397282707,0.0436238728091933,0.00192710477113595,0.13279545733847,7,0.000318945827952392,3.76995818905512,0.315034960703589
"11223","Lamp5","NEK1",0.0374830771713376,0.0264438487933613,0.1563487103433,-0.0143459140762734,0.0893120684189486,7,0,0,0.53965518417375
"11224","Lamp5","DNM1L",-0.0122774593389936,0.022406357327278,0.583729427387453,-0.0561931127251936,0.0316381940472065,6,0,0,0.859263732685249
"11225","Lamp5","ITSN2",0.0649240447623196,0.0258056336231592,0.011873341891525,0.0143459322626917,0.115502157261947,7,9.84659477752883e-07,0.0188963897234094,0.177048997108163
"11226","Lamp5","SFXN1",0.00532235655359625,0.0281138171365355,0.849846238927544,-0.0497797125019584,0.0604244256091509,6,0,0,0.960343113609988
"11227","Lamp5","NALCN",0.0134298246226656,0.0416857093331288,0.747325007137265,-0.0682726643402719,0.0951323135856032,7,0.00341441140224575,30.1694701365799,0.924416607401174
"11228","Lamp5","TCEAL2",-0.0514957240669476,0.0653225805834328,0.430503935852973,-0.179525629387691,0.0765341812537962,7,0.00257531757863263,8.18479798504561,0.782197070656728
"11229","Lamp5","PDSS2",-0.00291878842349649,0.0327248550841759,0.928929489493854,-0.0670583257877738,0.0612207489407808,6,0,0,0.984410081068409
"11230","Lamp5","PTGES3",0.106648525281726,0.0494784898894855,0.0311264567716797,0.00967246708890539,0.203624583474547,7,0.000232100576522764,1.27640268276254,0.274576032722359
"11231","Lamp5","POM121C",-0.0539240149889703,0.0273107977372623,0.0483297222758432,-0.107452194943062,-0.000395835034878125,7,0.000302175462170434,5.29462350024478,0.328369581480014
"11232","Lamp5","STK39",-0.0151022499311657,0.0306493006145525,0.622193692458592,-0.07517377528703,0.0449692754246986,7,0,0,0.878190154199593
"11233","Lamp5","DENND5A",-0.033922535748686,0.0252926186353882,0.179854555745328,-0.0834951573487535,0.0156500858513816,7,3.00303867954519e-07,0.0059360611765474,0.572659505344996
"11234","Lamp5","HMG20A",0.0711112217279064,0.0349061476870282,0.0416288053130034,0.00269642942229496,0.139526014033518,7,0.00192826800352133,24.071267104528,0.31056698860774
"11235","Lamp5","CATSPER2",-0.00583933346147749,0.0524754370566009,0.911396326985103,-0.108689300165414,0.0970106332424588,7,0.00703442553259806,40.6741383147382,0.980489742157131
"11236","Lamp5","PARG",0.000570347729499499,0.0337160788311809,0.986503473693857,-0.0655119524795284,0.0666526479385274,7,0,0,0.997364420890048
"11237","Lamp5","ASIC2",-0.0214060325568397,0.0552803555900448,0.698588346634211,-0.129753538565895,0.0869414734522155,7,5.98866857365946e-08,0.000259709718305888,0.906391554342484
"11238","Lamp5","COMMD1",-0.0175663095991083,0.0262782073344289,0.503830800337348,-0.0690706495528653,0.0339380303546486,7,0,0,0.822278216591144
"11239","Lamp5","ANKFY1",-0.0705030775521154,0.0433781839646786,0.104096122234601,-0.155522755837638,0.0145166007334075,7,0.00539973106265154,48.4469671062802,0.455085911390479
"11240","Lamp5","MOAP1",-0.00526037590549086,0.0634762251207851,0.93395364167455,-0.129671491016786,0.119150739205804,7,0.00124177981176073,3.86960425039561,0.985315638798959
"11241","Lamp5","ARL6IP5",0.0312746678025427,0.0469674551130963,0.505488093697743,-0.0607798526646277,0.123329188269713,7,8.45129373157355e-07,0.00482180352780335,0.822690815532296
"11242","Lamp5","COPA",0.0149299065355063,0.0316582346094177,0.637214963028827,-0.0471190931130719,0.0769789061840845,7,0.00116980000617512,16.84759218748,0.884899791820756
"11243","Lamp5","ERCC6L2",0.0106551391272771,0.0287127132881669,0.710566910152491,-0.0456207448159547,0.0669310230705089,7,0,0,0.912743419120071
"11244","Lamp5","ESYT2",0.00349229136463543,0.0291759509875642,0.904722700155467,-0.0536915217856963,0.0606761045149671,7,0.000215162172852745,3.21545285926299,0.978961685897185
"11245","Lamp5","NUTM2B-AS1",0.014219179191129,0.0647188920288457,0.826099526193038,-0.112627518304745,0.141065876687003,7,0.0133122495309343,52.9186407566026,0.954415053359983
"11246","Lamp5","PAG1",0.0467102843672073,0.0433220461425596,0.28093983401664,-0.0381993658087919,0.131619934543206,7,9.70247188945789e-08,0.000662182205624369,0.670330017986544
"11247","Lamp5","MT-ND5",0.0709128622927146,0.0904814951625874,0.433199852147592,-0.106427609493292,0.248253334078721,6,0.00389090350779113,7.30473996741949,0.783353965026019
"11248","Lamp5","CRH",-0.633868300478017,0.189190537046641,0.000806882795315118,-1.00467493930522,-0.26306166165081,7,0.0972003769346043,46.1057536728666,0.0530739895641046
"11249","Lamp5","ABCC5",-0.0232129102975286,0.0258704432827234,0.369572022050769,-0.0739180473957527,0.0274922268006955,7,0,0,0.741486873434852
"11250","Lamp5","PRMT2",0.00333475821419293,0.0294233578828178,0.909763300875799,-0.0543339635403626,0.0610034799687484,7,0,0,0.979993184257472
"11251","Lamp5","KCNB2",0.120087280938993,0.115923415345709,0.300239882732112,-0.107118438103475,0.34729299998146,7,0.0658645552924966,75.848984118954,0.689991770313005
"11252","Lamp5","RASAL2",0.0584864365578691,0.0328943407109518,0.0754023631457594,-0.00598528653078603,0.122958159646524,7,0.00133492406977235,17.7835865389714,0.397240907867902
"11253","Lamp5","KTN1",0.0531393337035172,0.0443520169656115,0.230867713585619,-0.0337890221907908,0.140067689597825,7,0.00584297795587876,49.3596651419418,0.622173557622513
"11254","Lamp5","RALGPS2",0.0634229975467652,0.035149011344387,0.0711680816670045,-0.00546779878042315,0.132313793873954,7,0.000972335348978605,10.807287632123,0.386804505912428
"11255","Lamp5","KCNC2",0.0305758533161197,0.0372339585955977,0.411542657858346,-0.0424013645331073,0.103553071165347,7,0,0,0.770723852721724
"11256","Lamp5","WSB1",-0.163973292408857,0.0522585474802085,0.00170260743199447,-0.266398163354442,-0.0615484214632721,7,0.00679465448785113,38.597863194807,0.0727215420469265
"11257","Lamp5","ZFR",0.0321243859011,0.0219975164828823,0.144190002080722,-0.0109899541546754,0.0752387259568754,7,0,0,0.520685677758663
"11258","Lamp5","LINC00513",-0.0185086363270189,0.0843758938606434,0.826370178157617,-0.183882349457254,0.146865076803216,5,1.34773875441266e-06,0.0033244633403229,0.954467931290993
"11259","Lamp5","LRP6",-0.061013677232278,0.0271022261104059,0.0243701965315625,-0.114133064309535,-0.00789429015502137,7,0,0,0.246359408555331
"11260","Lamp5","XRN1",0.0600491136736199,0.0259416873714436,0.0206253663718019,0.00920434072739285,0.110893886619847,7,0,0,0.22867109709499
"11261","Lamp5","PRPF40A",0.00638643197197271,0.0254042619565519,0.801510938110534,-0.0434050065166901,0.0561778704606355,7,0,0,0.944777220588441
"11262","Lamp5","GALNT1",-0.00648045231948404,0.0307912707797957,0.83330558916126,-0.0668302340861041,0.053869329447136,7,9.64556364327792e-05,1.26607009426058,0.956927024870186
"11263","Lamp5","PPFIA1",-0.0362262301955586,0.0252354168381934,0.151135761802907,-0.0856867383332733,0.013234277942156,7,0,0,0.530817202760928
"11264","Lamp5","UBAP2",-0.0338064507980829,0.0297699038846866,0.256127553960595,-0.0921543902352877,0.0245414886391218,7,0,0,0.647027760417143
"11265","Lamp5","GGT7",-0.0667144448412666,0.0296260066201928,0.0243293590924613,-0.12478035082259,-0.0086485388599434,7,0,0,0.246359408555331
"11266","Lamp5","DGKI",0.00311396338756421,0.02650991820142,0.906492299926354,-0.0488445215203218,0.0550724482954502,7,0,0,0.97946705952469
"11267","Lamp5","GAPVD1",-0.042557298772608,0.0237722614682091,0.0734204381649276,-0.0891500750813672,0.00403547753615119,7,0,0,0.391455648691204
"11268","Lamp5","MAP7D2",0.0147418865961073,0.0271527245020475,0.587181603359963,-0.0384764755100439,0.0679602487022586,7,0,0,0.860763029490292
"11269","Lamp5","DUBR",0.204264283582319,0.0463965013542746,1.06971395160266e-05,0.113328811919277,0.295199755245361,7,0.00261933588656426,17.51133728676,0.0085284727648108
"11270","Lamp5","CRLF3",-0.0360733911032183,0.0584696580695081,0.537261664023651,-0.150671815107826,0.0785250329013894,7,3.76122650100546e-06,0.0137761236524522,0.839104775803267
"11271","Lamp5","DNM1",-0.0390339037100934,0.0284985234598089,0.170786309393809,-0.0948899833038886,0.0168221758837019,7,0.00094178866708461,16.6479420442412,0.561262290200759
"11272","Lamp5","GOLGA8A",-0.0313000177424003,0.0799967368170978,0.695600493647943,-0.188090740784641,0.125490705299841,7,0.0230054610957231,56.4175087934646,0.906391554342484
"11273","Lamp5","CENPP",-0.0534339988207555,0.0725600457283566,0.461480755013258,-0.195649075164914,0.0887810775234028,7,0.0147838371440271,44.1154919294859,0.799485491699775
"11274","Lamp5","FBXO34",-0.00438392169483115,0.0273617064885709,0.872706937977641,-0.058011880967986,0.0492440375783237,7,0,0,0.968577940382375
"11275","Lamp5","SETD3",0.0105385481021507,0.02904863507133,0.716761922386768,-0.0463957304377032,0.0674728266420047,7,0,0,0.914462798800233
"11276","Lamp5","KIDINS220",-0.00227185824791841,0.0205254340162832,0.911866118594499,-0.0425009696868869,0.03795725319105,7,0,0,0.980489742157131
"11277","Lamp5","HP1BP3",0.0210705418537489,0.0334301756971536,0.528508065427838,-0.0444513985095184,0.0865924822170161,7,0.00188855886444085,25.9633426231633,0.83515168531336
"11278","Lamp5","LARP1",-0.00570848513889877,0.0239441629701329,0.811564496921967,-0.0526381822003169,0.0412212119225193,7,0,0,0.948625551243823
"11279","Lamp5","KLF12",-0.0248808524723249,0.0474325829931567,0.599894717892695,-0.117847006832619,0.0680853018879693,7,0,0,0.867373974312254
"11280","Lamp5","KLHDC10",-0.032989490117534,0.0372068507877568,0.375266846365554,-0.105913577639693,0.0399345974046251,7,0.00290008803741184,33.2737584777072,0.746577363152359
"11281","Lamp5","TTC1",-0.0170546385571491,0.0356231730172766,0.632115602536352,-0.0868747746860503,0.0527654975717521,7,0.00270167186508547,34.7528144218131,0.882993296421211
"11282","Lamp5","RANBP2",-0.0323051468824524,0.0264073233363824,0.221201134218632,-0.0840625495498659,0.0194522557849611,7,0.000242662347837863,4.49830652114915,0.61174351975652
"11283","Lamp5","CBL",-0.0249723967252253,0.0452252160981413,0.580825991413971,-0.113612191470623,0.0636673980201726,7,0.00554236378441772,44.2528188971889,0.858378677238391
"11284","Lamp5","USP13",0.048845211742172,0.0568232738727636,0.390010297785216,-0.0625263585321005,0.160216782016444,7,0.0105235640297299,51.9168623760925,0.756630141601695
"11285","Lamp5","ITCH",-0.0305866006656198,0.0251819617232002,0.224509749290207,-0.0799423387031584,0.0187691373719189,7,0,0,0.615202419363644
"11286","Lamp5","EPHA4",0.0283046745143196,0.0605849901962856,0.64036426702805,-0.0904397242741124,0.147049073302752,7,0.00894934138054953,39.0060794423643,0.885646843671299
"11287","Lamp5","NOL4",0.108700316698463,0.0369575679218251,0.00326922860259852,0.0362648146154935,0.181135818781434,7,0.000211678467676789,2.03893710384679,0.0962973026070829
"11288","Lamp5","RBM6",-0.0716464056221736,0.0242243512799852,0.00310024890227371,-0.119125261679791,-0.0241675495645559,7,0,0,0.0930049308894767
"11289","Lamp5","DST",0.0391072663544595,0.0247278756027717,0.113762547789414,-0.00935847924115963,0.0875730119500786,7,0,0,0.469877796733769
"11290","Lamp5","NCOA6",-0.00614988780654047,0.0245261822528341,0.802009052592859,-0.0542203217003608,0.0419205460872799,7,0,0,0.944948399995863
"11291","Lamp5","UQCRB",-0.0476894124158278,0.0583470700410014,0.413733975693369,-0.162047568299626,0.0666687434679709,6,0,0,0.771625852727355
"11292","Lamp5","LRRC8B",-0.0243449479632024,0.029700756542374,0.412401782860432,-0.0825573610998479,0.0338674651734431,7,0,0,0.771544865067357
"11293","Lamp5","ACER3",-0.064517428639346,0.0286423821374158,0.024289672638266,-0.120655466060114,-0.00837939121857769,7,0,0,0.246169656848324
"11294","Lamp5","PTPRT",-0.0143814452745389,0.0321303918548945,0.654444556796871,-0.0773558561192912,0.0485929655702134,7,0,0,0.891401190744167
"11295","Lamp5","CGGBP1",0.0842233513212931,0.0428457354119336,0.0493292576142491,0.000247253022770788,0.168199449619815,7,3.04086642173201e-09,2.13988758199838e-05,0.332354136230313
"11296","Lamp5","SGK3",0.0583210922452018,0.0393052814512925,0.137862556766298,-0.0187158438015417,0.135358028291945,7,0,0,0.510858633420544
"11297","Lamp5","AHCTF1",0.0504006972836973,0.0287096891196037,0.079168832248409,-0.00586925939806743,0.106670653965462,7,0,0,0.405910944345904
"11298","Lamp5","FRS2",0.000220212408271196,0.0277829928910202,0.993675906637389,-0.0542334530408607,0.0546738778574031,7,0,0,0.998686458313853
"11299","Lamp5","FBXO22",-0.0218825072806221,0.0303536350733411,0.470959452780154,-0.0813745388242424,0.0376095242629983,7,0,0,0.805136073271473
"11300","Lamp5","CALD1",-0.0419577996161171,0.0409886072298973,0.306002788907437,-0.122293993563174,0.0383783943309398,7,0.00127402936667725,10.4375644791905,0.695409040277255
"11301","Lamp5","HPRT1",0.114940489045389,0.0350592903268772,0.00104375070355966,0.0462255426811764,0.183655435409602,7,0,0,0.0573576821673018
"11302","Lamp5","ARID4B",0.0289995795318607,0.0241337474174866,0.229511014548823,-0.0183016962183997,0.076300855282121,7,0.000291792563415887,6.59640159131854,0.62125899117007
"11303","Lamp5","NEDD4L",0.0727115969275472,0.0279824004256537,0.00936385807968084,0.0178670998922877,0.127556093962807,7,0,0,0.159065878941624
"11304","Lamp5","OSBPL8",0.0740900953364251,0.0275092223155937,0.00707523820181987,0.0201730103551558,0.128007180317694,7,0,0,0.141334906850271
"11305","Lamp5","VLDLR-AS1",0.0969315962633343,0.0359012408423871,0.00693496593528924,0.0265664572119572,0.167296735314711,7,0,0,0.14049441173522
"11306","Lamp5","PTPN12",0.0873823738272207,0.0381385913121183,0.0219530109862306,0.0126321084343766,0.162132639220065,7,0.00189185336401766,18.9117431300064,0.234826528071853
"11307","Lamp5","CHD8",-0.0452959240023054,0.0257030769966685,0.0780226223612242,-0.0956730292076357,0.00508118120302487,7,0,0,0.404102442970065
"11308","Lamp5","NAPEPLD",0.0687527770796263,0.0305675537398073,0.0244992851505365,0.00884147265411132,0.128664081505141,7,0,0,0.247455195198705
"11309","Lamp5","KDM6A",0.0395304094747714,0.0272203757271242,0.146435996878888,-0.0138205465960403,0.0928813655455831,7,0,0,0.52306693150377
"11310","Lamp5","DNAJB6",0.00270943762339428,0.0448249427648678,0.951801326687966,-0.085145835804816,0.0905647110516045,7,0,0,0.990544020536273
"11311","Lamp5","LIPE-AS1",-0.0524527965127258,0.0451732652447586,0.245582168136518,-0.140990769456528,0.0360851764310759,7,0.00191696946245826,13.204111429992,0.636937139176886
"11312","Lamp5","HSPA8",-0.154189248166994,0.0796666136985189,0.0529374061791868,-0.310332941786357,0.00195444545236811,6,0,0,0.341371320161645
"11313","Lamp5","LRPPRC",-0.00186498268955003,0.0245267258764866,0.939388233300274,-0.0499364820661503,0.0462065166870502,6,0,0,0.986836251057447
"11314","Lamp5","ZMYND11",0.0636690180692055,0.0362782188973097,0.0792558003645518,-0.00743498439278197,0.134773020531193,7,0.00265412652600277,31.9450277897833,0.405910944345904
"11315","Lamp5","MBTPS1",-0.039055749276162,0.02614926558752,0.135288138772714,-0.0903073680498738,0.0121958694975497,7,0,0,0.5066662968611
"11316","Lamp5","COMMD10",0.0181566809914224,0.0345885331036373,0.599629395205663,-0.049635598169778,0.0859489601526229,7,0,0,0.867211021558172
"11317","Lamp5","PABPC1",0.0597844957681456,0.0335069210732973,0.0743841568960649,-0.00588786276834325,0.125456854304634,7,1.61853575131898e-06,0.0177164387463552,0.394133864563598
"11318","Lamp5","FUBP3",-0.0115585165711133,0.0286763405301622,0.686898166191818,-0.0677631112186374,0.0446460780764107,7,0.000242732463820403,3.76818635452053,0.903181005962289
"11319","Lamp5","CNNM1",0.0254275034228724,0.0295276721333923,0.389160123323272,-0.0324456705058835,0.0833006773516282,7,0,0,0.756373462509834
"11320","Lamp5","CORO1C",0.0161968990558249,0.0913981196932729,0.859341393520614,-0.162940123797671,0.195333921909321,7,0.0404125401182494,80.206755203556,0.964686699374265
"11321","Lamp5","SCARB2",0.0461999553565928,0.0266144780434305,0.0825822957779305,-0.00596346307586302,0.0983633737890486,7,0,0,0.413692241193909
"11322","Lamp5","LRRC4C",0.0208794986916632,0.036856922808354,0.571052975584468,-0.0513587425936834,0.0931177399770098,7,4.02898738974123e-06,0.0392942677253535,0.855277289337979
"11323","Lamp5","CCAR1",-0.0194646636307301,0.0295033565184498,0.509418099647071,-0.0772901798299368,0.0383608525684765,7,9.43848969461936e-07,0.0131909025703126,0.824364693203052
"11324","Lamp5","PTBP2",-0.0197922885956008,0.0242024705747262,0.413483004021294,-0.0672282592589545,0.027643682067753,7,0,0,0.771625852727355
"11325","Lamp5","GRM5",0.0110873461032809,0.0376444781246095,0.768354607829877,-0.0626944752377597,0.0848691674443214,7,0,0,0.931827680259355
"11326","Lamp5","FEZ1",-0.053334865686996,0.0299150387750243,0.0746061585849401,-0.111967264282163,0.00529753290817075,7,0,0,0.394262063860936
"11327","Lamp5","BRWD3",0.0367626258957309,0.0310500487534245,0.236421117955303,-0.0240943513791938,0.0976196031706557,7,0,0,0.626447177645301
"11328","Lamp5","ATF7IP2",0.013392258466964,0.0341470306598575,0.694914921959115,-0.0535346918053416,0.0803192087392697,7,0,0,0.906185526437201
"11329","Lamp5","HCN1",0.0373468467641201,0.0339054364681343,0.270678995515432,-0.0291065875935339,0.103800281121774,7,0,0,0.660151516639454
"11330","Lamp5","PAN3",0.0401548784018234,0.0349247385683514,0.250244964022857,-0.0282963513616224,0.108606108165269,7,0.00182078796895842,22.2728070649349,0.640830733351037
"11331","Lamp5","BASP1",0.114902349548667,0.0331606894204699,0.000530198142777365,0.0499085925820273,0.179896106515306,7,0,0,0.0452902827819608
"11332","Lamp5","RARS2",0.081433047653283,0.0326319939631748,0.0125780768721885,0.0174755147417319,0.145390580564834,6,0.000585390326173862,8.63264979025048,0.181789091051703
"11333","Lamp5","PHACTR1",0.0253379128908022,0.0334893676848516,0.449292094942079,-0.0403000416365265,0.090975867418131,7,0.000566640036913879,6.87657925078795,0.792929481481107
"11334","Lamp5","FAM135A",0.035020411359394,0.0280545600200708,0.211922465760356,-0.0199655158820621,0.09000633860085,7,0,0,0.60179542163244
"11335","Lamp5","MNAT1",0.0369454570820119,0.030632516435636,0.227784233382986,-0.0230931718876659,0.0969840860516897,7,0.00167064866720782,27.1689728341956,0.619247930672228
"11336","Lamp5","MGLL",-0.0291095341789255,0.0349741108833827,0.405230245074997,-0.0976575319016659,0.0394384635438148,7,0.0024457709270517,31.8541899632758,0.767038382534328
"11337","Lamp5","TAF15",-0.0182932092693542,0.0316703400722104,0.56352523345545,-0.0803659351890223,0.0437795166503138,7,0.00166297157893604,25.0069132550171,0.852935819308762
"11338","Lamp5","FKTN",-0.0146250487499392,0.0272356708360655,0.591280459691196,-0.0680059826834155,0.0387558851835371,7,0,0,0.863156760231449
"11339","Lamp5","RYK",0.0742758076312865,0.0279353767526337,0.00784092696184646,0.0195234753015668,0.129028139961006,7,0,0,0.148228820961166
"11340","Lamp5","INTS6",0.00959510033585603,0.0328566390767301,0.77026424442106,-0.0548027289075663,0.0739929295792783,7,3.79647173513817e-07,0.00449443877065039,0.93234717601533
"11341","Lamp5","MCC",0.0367720461380914,0.0394807387641693,0.351650802717104,-0.0406087799227149,0.114152872198898,7,0,0,0.729691855166932
"11342","Lamp5","SLC16A1-AS1",0.0509304348775553,0.0331099623866542,0.123994621799485,-0.0139638989297628,0.115824768684873,7,0,0,0.486420153219607
"11343","Lamp5","LARP4B",-0.0146926592292208,0.0323344068353665,0.649543071917024,-0.0780669320880049,0.0486816136295633,7,0.0019150172291555,28.3826186953572,0.889181043619013
"11344","Lamp5","SEMA6D",0.0162189689136748,0.0438222150768107,0.71130174042377,-0.0696709943596424,0.102108932186992,7,5.0449551328979e-06,0.0345342018949272,0.913199947796872
"11345","Lamp5","APC",0.044702790804966,0.033110262570436,0.176977851384738,-0.0201921313517531,0.109597712961685,7,0.00274240605322065,40.9152628684152,0.569386022035856
"11346","Lamp5","SERTM1",0.0454988899925441,0.0597151421909716,0.446100467373233,-0.0715406380334485,0.162538418018537,7,0.00629368200261037,27.603571456622,0.790240777561324
"11347","Lamp5","ANKRD44",0.0286713215592592,0.0304642381523433,0.346629613196244,-0.0310374880357846,0.088380131154303,7,0,0,0.727134052964415
"11348","Lamp5","TSPAN3",-0.0597062287743913,0.0297900502208522,0.0450450099104075,-0.118093654304901,-0.00131880324388139,7,0,0,0.319585352125648
"11349","Lamp5","BEND6",0.0166796468724734,0.0335511494854141,0.619089731697679,-0.0490793977588578,0.0824386915038046,7,0.00141516648946563,18.2609287530516,0.877471007323414
"11350","Lamp5","LRRTM3",0.0898962647367869,0.0436820287513233,0.039593101145869,0.00428106161255014,0.175511467861024,7,0,0,0.305062331986465
"11351","Lamp5","MGA",0.0291241874746823,0.0289174515333344,0.313863092613974,-0.0275529760553357,0.0858013510047003,7,0.000822756138146423,13.8817843823001,0.698925605264866
"11352","Lamp5","SSBP3",-0.00247355706972414,0.0379052979112049,0.947969986571813,-0.076766575798947,0.0718194616594987,7,0.00125351375971288,12.1512300591375,0.989347057123652
"11353","Lamp5","SNAPC3",0.0200657759655376,0.0238200223653449,0.399569046712776,-0.026620609981477,0.0667521619125522,7,0,0,0.762743492813461
"11354","Lamp5","MEGF9",0.0656114147819556,0.0345901605858836,0.0578512927280725,-0.00218405418583313,0.133406883749744,7,0.00123796448103876,14.6675531988327,0.355155857153501
"11355","Lamp5","AIG1",0.0354283300509132,0.0309743316342257,0.252708069312837,-0.0252802443973689,0.0961369044991953,7,0.000913308939702868,13.4022098784855,0.642844435211672
"11356","Lamp5","LY6H",0.00760509493886832,0.0519679787462379,0.88365145720051,-0.0942502717531009,0.109460461630838,7,3.24934509423797e-07,0.00148553404097984,0.973189568893511
"11357","Lamp5","ARID1A",-0.0601666448888876,0.0284371119916713,0.0343636064083707,-0.115902360216895,-0.00443092956087966,7,0,0,0.287703178241735
"11358","Lamp5","RNF24",-0.0129736972893909,0.0344740399798542,0.706669814714973,-0.0805415740514991,0.0545941794727173,7,0.00175810723295989,21.7794002785107,0.910874233816963
"11359","Lamp5","GLG1",-0.0195892474502938,0.0208748268808443,0.348031259464644,-0.0605031563202572,0.0213246614196696,7,0,0,0.727386548748283
"11360","Lamp5","DLG2",0.110029068631985,0.0320600089705568,0.000599208350250883,0.0471926057056627,0.172865531558308,7,0,0,0.0466825592266343
"11361","Lamp5","WDR59",0.0254475210686161,0.0346009506908319,0.462061048381308,-0.0423690961162606,0.0932641382534928,7,0.00180507745168136,22.4832455202891,0.799911418296477
"11362","Lamp5","SDK1",0.0320087339436503,0.0527817157782679,0.54422525197529,-0.0714415280239843,0.135458995911285,7,0,0,0.843164890319017
"11363","Lamp5","ZNF827",0.0311820085987607,0.0406207877852914,0.442703036189045,-0.0484332724840549,0.110797289681576,7,0.00305930555731489,28.3864610828231,0.789496392228061
"11364","Lamp5","RIC3",-0.0595566261627819,0.0324598909929859,0.0665388988232353,-0.12317684345113,0.00406359112556664,7,0.000957350388359388,12.573098056504,0.375453179447085
"11365","Lamp5","FAM117B",0.0980560969625434,0.0337932885201124,0.00371209983118417,0.0318224685439522,0.164289725381135,7,0,0,0.102367773426522
"11366","Lamp5","NR1D2",0.0032667290670413,0.0347198481334136,0.925039069767165,-0.0647829228231496,0.0713163809572322,7,0,0,0.982766324860785
"11367","Lamp5","NECTIN3",0.149391583409516,0.0694237758141564,0.0314068650502084,0.0133234831429868,0.285459683676045,7,0.0137891459810949,45.2638821727707,0.275624699658484
"11368","Lamp5","CADM1",0.0917120448699915,0.0448378049202532,0.0408136842948434,0.0038315620804624,0.179592527659521,7,0,0,0.308722865580033
"11369","Lamp5","SYT14",0.00299097983462226,0.0258869648826594,0.908017120031233,-0.0477465390044434,0.0537284986736879,7,0,0,0.979767074450202
"11370","Lamp5","MIR181A1HG",0.040453410433189,0.174117866340857,0.816279007744807,-0.300811336659849,0.381718157526227,5,0.0858284853082076,59.9220069797458,0.9501067601689
"11371","Lamp5","POU2F1",0.0508819153989104,0.0361786318845823,0.15960302176967,-0.0200269001048034,0.121790730902624,7,0.00240278964675251,27.8314237946095,0.543942016911792
"11372","Lamp5","STXBP5L",0.0988432688750584,0.0338233470100723,0.00347413749569507,0.0325507268987161,0.165135810851401,7,0.000676599600467831,8.00105279380757,0.0993952399785105
"11373","Lamp5","UBE3D",0.0767032061017226,0.0486259704717347,0.114700676757055,-0.0186019447361856,0.172008356939631,7,0.00490154952308186,32.0892901104788,0.470729373142631
"11374","Lamp5","RAB10",0.0156187989017846,0.0358905619196269,0.663432907617469,-0.0547254098455889,0.0859630076491582,7,0.00242697435874722,29.4579463952169,0.895282570773788
"11375","Lamp5","TRPC4AP",0.011558631148178,0.045535516270512,0.799620939409724,-0.0776893407594631,0.100806603055819,7,0.00593560445439449,46.2215723839602,0.943987715596255
"11376","Lamp5","RABGAP1L",0.0140659657039812,0.0303748972043981,0.643308009011969,-0.0454677388507455,0.0735996702587079,7,0.00120177425483866,18.9451558119239,0.886735878258891
"11377","Lamp5","SYT11",-0.0270014240050436,0.036390505523145,0.458092848111813,-0.0983255042096136,0.0443226561995265,7,0,0,0.798390285902103
"11378","Lamp5","SSBP2",0.0437771060082103,0.0330334902728254,0.185093536058396,-0.0209673452101816,0.108521557226602,7,0,0,0.577834775128605
"11379","Lamp5","ZFYVE28",-0.038257075670191,0.0298240538540538,0.199576496836728,-0.0967111470971194,0.0201969957567374,7,0,0,0.591361577222604
"11380","Lamp5","NFIA",0.0994290153945828,0.0591863639449527,0.0929707157286154,-0.0165741263134045,0.21543215710257,7,0,0,0.435502071836471
"11381","Lamp5","PDS5A",0.025925575206934,0.0259830770496389,0.318382679447965,-0.0250003200178875,0.0768514704317556,7,0,0,0.702886923300391
"11382","Lamp5","ATXN10",0.00162334208551699,0.0455727264372209,0.971584633405998,-0.0876975604087322,0.0909442445797662,7,0.00789491634109039,64.277767690455,0.996403919745943
"11383","Lamp5","STIM2",0.0771830889652543,0.0273266667907703,0.00473602961959769,0.0236238062378178,0.130742371692691,7,0,0,0.118072529571483
"11384","Lamp5","LMO3",0.107928752256118,0.0685588466672219,0.115429704935009,-0.026444118033241,0.242301622545477,7,0.0137708044418223,46.5977727999105,0.472101176921264
"11385","Lamp5","FLRT2",0.0431885109018752,0.0450582258615939,0.337808438514836,-0.0451239889941201,0.13150101079787,7,0,0,0.718706834406498
"11386","Lamp5","SLC35F4",0.100792912371722,0.0641152296365597,0.115936910140195,-0.0248706285764496,0.226456453319895,7,0.011796582250628,44.8397415394531,0.472924102010777
"11387","Lamp5","ZSWIM5",0.0500895462332606,0.0324986192441849,0.123248097655686,-0.0136065770326221,0.113785669499143,7,0.000788665794229108,10.3013524636605,0.48484342100801
"11388","Lamp5","GABRG2",0.0791655503753446,0.0311043952390042,0.0109228805311473,0.0182020559459972,0.140129044804692,7,0.000985331545281727,14.4224490263336,0.170017108872897
"11389","Lamp5","ITGA9-AS1",-0.0232982246860408,0.0299315638643302,0.436343174790354,-0.0819630118610884,0.0353665624890069,5,0,0,0.785050101898276
"11390","Lamp5","CYTH1",-0.0156353640905307,0.0419168673329973,0.70914182860533,-0.0977909144079488,0.0665201862268874,7,0.00430908171346038,40.4232543285776,0.912274097920567
"11391","Lamp5","BRWD1",0.018447863354481,0.0406626557723076,0.650058638487523,-0.0612494774749917,0.0981452041839537,7,0.00510709469494897,51.9661416791292,0.889683137751464
"11392","Lamp5","CTTNBP2",0.0413183452596399,0.0279482498121363,0.139304069224401,-0.0134592178030755,0.0960959083223554,7,0,0,0.513314608610651
"11393","Lamp5","SLC8A1-AS1",-0.169143842199157,0.122671246682411,0.167944542245585,-0.409575067635312,0.071287383236998,5,3.77033389698674e-06,0.00327412508303012,0.555746521175771
"11394","Lamp5","SORL1",0.0644148229651525,0.0302529264917821,0.0332369190370429,0.00512017661432199,0.123709469315983,7,3.14394132750007e-06,0.0433205322407598,0.283240512106319
"11395","Lamp5","UBQLN1",0.0898620802601775,0.0266354143330448,0.000741430716601431,0.0376576274541077,0.142066533066247,7,0,0,0.051253005432581
"11396","Lamp5","INSR",-0.00755655881617649,0.0328113961454362,0.817856427883824,-0.0718657135437077,0.0567525959113547,7,0.0016345843605386,22.7516785695341,0.950417319968123
"11397","Lamp5","MYCBP2",0.0136470110263842,0.0230252567904949,0.553383647114078,-0.0314816630177721,0.0587756850705406,7,0,0,0.847472792398163
"11398","Lamp5","HNRNPA2B1",-0.0524882314300198,0.0264679649345677,0.047357905484807,-0.104364489445842,-0.000611973414198011,7,0,0,0.325622589540519
"11399","Lamp5","LINC00200",0.0325465820632157,0.208190222200433,0.875772135757884,-0.375498755383024,0.440591919509456,5,0.147632494729004,76.4275006004446,0.970204629136501
"11400","Lamp5","PCMTD1",-0.000355871469251628,0.0237590355259526,0.988049441915442,-0.0469227254075265,0.0462109824690232,7,0,0,0.997642964865483
"11401","Lamp5","OSBPL9",0.0204617166890427,0.0283260958786864,0.470071478712772,-0.0350564110558112,0.0759798444338966,7,0,0,0.804834027168301
"11402","Lamp5","IL1RAPL2",-0.0769533903119905,0.0655128812182345,0.240142808343852,-0.205356278023181,0.0514494973991996,7,1.77445468332342e-07,0.0005374798077789,0.631215470616493
"11403","Lamp5","NBAS",0.0451389825236462,0.0274429205621841,0.100004546716611,-0.00864815340882835,0.0989261184561207,7,0,0,0.44791325196165
"11404","Lamp5","TCAIM",-0.00763305562225698,0.0314573389837179,0.808278210987862,-0.0692883070798119,0.0540221958352979,6,0,0,0.947362141179829
"11405","Lamp5","REEP1",0.0132540925861436,0.0263170239302598,0.614520076293803,-0.0383263264974443,0.0648345116697315,7,0,0,0.87512951866861
"11406","Lamp5","THSD7B",0.0931268305592717,0.0493598737398081,0.0592018961391194,-0.00361674425219662,0.18987040537074,7,0,0,0.359143231846617
"11407","Lamp5","TMTC2",0.0507770150073135,0.0368491736894086,0.168212893120901,-0.0214460382839883,0.123000068298615,7,0,0,0.556321346469264
"11408","Lamp5","LINC01630",-0.0864431954653971,0.0722172230001905,0.231310983000014,-0.227986351609268,0.0550999606784738,7,0.00707426577870913,19.6246474805768,0.622328019279452
"11409","Lamp5","PKP4",0.0903944696663722,0.0340003780950152,0.00784587705229685,0.0237549531393978,0.157033986193347,7,0.00123286404742456,15.1599423284747,0.148228820961166
"11410","Lamp5","CD99L2",-0.0945656507112445,0.0509630509865451,0.0635144750726988,-0.194451395187151,0.0053200937646624,7,0.00249999606967224,13.0694421546043,0.36951681628257
"11411","Lamp5","ANO10",-0.00291505681632486,0.0341531521816168,0.931981157255415,-0.0698540050508094,0.0640238914181597,7,0.00118530969018346,14.3652984924404,0.984934594908954
"11412","Lamp5","LHFPL3",0.0858520076090259,0.0787089223174083,0.275381501641601,-0.0684146453950553,0.240118660613107,7,0.0170179972699074,42.3151820663343,0.664907607133436
"11413","Lamp5","ZNF385B",0.032182214832525,0.0399641117559383,0.420659348633342,-0.0461460048832479,0.110510434548298,7,1.34667506723588e-06,0.0109175461236015,0.775619048767521
"11414","Lamp5","CPEB2",-0.010654552177813,0.0397821742372377,0.788836128380187,-0.0886261809094961,0.0673170765538701,7,0,0,0.939142982508578
"11415","Lamp5","CDH2",0.0515607972783998,0.0378777979356516,0.173437660227284,-0.0226783224891628,0.125799917045962,7,0.000961986377339238,9.20859931867427,0.563931750586755
"11416","Lamp5","CDH20",-0.0640022977419162,0.0419422901928071,0.127019585439167,-0.146207675948946,0.0182030804651131,7,5.47849541479629e-06,0.040174809514663,0.490333078882727
"11417","Lamp5","GTF2I",-0.0155548233765895,0.0316759716321935,0.623383548278753,-0.0776385869510012,0.0465289401978222,7,0.00257528954290726,42.5053543567835,0.878925236249187
"11418","Lamp5","VTI1A",0.03704152300996,0.0311625227972277,0.234575019803341,-0.0240358993400146,0.0981189453599346,7,0,0,0.624987154581251
"11419","Lamp5","HMBOX1",0.0572324357841447,0.043564695620584,0.188935627161534,-0.0281527986296497,0.142617670197939,7,0.00556828075047033,49.2277731220182,0.582190457414271
"11420","Lamp5","ARHGAP35",0.00105808460938379,0.0261894226329883,0.967773258115208,-0.0502722405271715,0.0523884097459391,7,0,0,0.995377876631969
"11421","Lamp5","SPIN1",0.0568830922073493,0.0272042339146386,0.0365312304307722,0.00356377350765461,0.110202410907044,7,0,0,0.29202777480579
"11422","Lamp5","MTMR3",0.0170090357952599,0.0294577414306344,0.563666158598494,-0.0407270764746768,0.0747451480651966,7,0.000619128053154777,9.76570484185837,0.852935819308762
"11423","Lamp5","KIAA0319L",-0.0285494944282995,0.0337620897930476,0.397771441312699,-0.0947219744654802,0.0376229856088811,7,0.0023343570809219,32.3157042755654,0.762061134173792
"11424","Lamp5","MT-ND4L",0.0907036708364087,0.127688443480677,0.477486222671038,-0.159561079627696,0.340968421300513,6,0.0289194472936651,32.5937556463618,0.809614045747174
"11425","Lamp5","RNF115",-0.00791430470273818,0.0272961585331265,0.771860556264125,-0.0614137923439617,0.0455851829384854,7,0,0,0.933051692344351
"11426","Lamp5","SCAF11",0.00675297300596569,0.0250609974329698,0.787574594673499,-0.0423656793793058,0.0558716253912372,7,2.46441413095553e-06,0.0496655837611251,0.938643357904296
"11427","Lamp5","TMEFF2",0.151876888648118,0.0593971813788677,0.0105587925796963,0.0354605523623439,0.268293224933891,7,0.00877906467325692,38.144299413109,0.168803505780448
"11428","Lamp5","ZNF654",0.0971320069655085,0.0292183273370167,0.000886242365674581,0.0398651376964536,0.154398876234563,7,0.000209121376613496,3.17314450891134,0.054585113815654
"11429","Lamp5","PKD2",-0.0154807657278503,0.0484101707922641,0.749132583673992,-0.110362956966121,0.0794014255104202,7,0.0071516767892167,50.8820722446074,0.925408177683842
"11430","Lamp5","NETO1",-0.0432991944632372,0.0380194865550322,0.254758018449376,-0.117816018821805,0.0312176298953306,7,0,0,0.645881734041118
"11431","Lamp5","FAM81A",-0.0985326691221806,0.0665639489941934,0.138800996220404,-0.228995611819561,0.0319302735751996,7,0.0130756397019389,46.6466916706956,0.5124964415619
"11432","Lamp5","DCAF10",0.0252793268182705,0.024972425195054,0.311399596288824,-0.0236657271706559,0.0742243808071969,7,0,0,0.698312131064191
"11433","Lamp5","SLF1",-0.0345374380620928,0.0404955447317579,0.393731361163722,-0.113907247270669,0.0448323711464835,7,0,0,0.759050773360235
"11434","Lamp5","TOM1L2",-0.0115040955108892,0.0257506358265309,0.655055605460633,-0.0619744143098966,0.0389662232881183,7,0,0,0.891827184164812
"11435","Lamp5","SEC14L1",0.0144475726216853,0.0367439123651055,0.694174457409359,-0.0575691722650174,0.0864643175083879,7,0.000711258704724798,7.06226070245522,0.905942502810902
"11436","Lamp5","COA1",-0.0020562402997397,0.0267282092088176,0.93867806601117,-0.054442567720274,0.0503300871207946,6,0,0,0.986648852449703
"11437","Lamp5","TMTC1",0.0682618290663092,0.0412745140057303,0.0981581215413048,-0.0126347318643161,0.149158389996935,7,0,0,0.444220848429946
"11438","Lamp5","PHC2",0.00598871803485346,0.0394729068102035,0.879410007810494,-0.0713767576782513,0.0833541937479582,7,0.00321222305844143,31.9170668961814,0.971323130524652
"11439","Lamp5","BCL11A",-0.0946455517552792,0.0371204650299397,0.0107819798601928,-0.16740032630334,-0.0218907772072189,7,0,0,0.168803505780448
"11440","Lamp5","MAP1LC3B",0.0589546585578505,0.0537111773173182,0.27236886085103,-0.0463173145513378,0.164226631667039,7,0.00111677271651133,5.08872389181115,0.661775539804444
"11441","Lamp5","SNRK",-0.107118585243488,0.0463255488612407,0.0207611345699189,-0.19791499257557,-0.0163221779114059,7,0.0053871449139773,41.2198275209956,0.22867109709499
"11442","Lamp5","SMC5",0.0216120659296224,0.0251261715805737,0.389710981103428,-0.0276343254376758,0.0708584572969207,7,0,0,0.756630141601695
"11443","Lamp5","FOXG1",0.0419654209869839,0.0608946743156616,0.49073036397026,-0.077385947522009,0.161316789495977,5,0,0,0.815933061061596
"11444","Lamp5","SLC6A17",-0.0692737422330226,0.059401611435132,0.243536430356391,-0.185698761269524,0.0471512768034787,7,0.0099843409100854,48.629198219012,0.636184397254713
"11445","Lamp5","SLC7A8",-0.0679623865250199,0.0322810360141222,0.0352621802235792,-0.13123205449634,-0.00469271855370001,7,0.000165030325617816,2.06237026565379,0.289480904102825
"11446","Lamp5","SLC35F1",0.00818460095471696,0.0317632964800238,0.796657898934305,-0.0540703161763975,0.0704395180858314,7,0,0,0.943187190133141
"11447","Lamp5","ASPH",0.0815535334612336,0.0272756360162592,0.00278998148992372,0.028094269213942,0.135012797708525,7,0,0,0.0889743697013272
"11448","Lamp5","NCOR1",0.0249037059172779,0.0195700094309715,0.203179758948422,-0.0134528077445354,0.0632602195790912,7,0,0,0.593161131697475
"11449","Lamp5","REV1",0.0174548760340596,0.0299387787444869,0.559880528019558,-0.041224052046248,0.0761338041143673,7,0.00113120909802614,18.3099854006117,0.850884640308285
"11450","Lamp5","SIPA1L3",-0.050575134614413,0.034073270981074,0.137727961173409,-0.117357518572792,0.0162072493439658,7,0.000484012120540783,5.35990884873012,0.510858633420544
"11451","Lamp5","SLC24A2",0.0480652472798851,0.0545283954220018,0.378062466949125,-0.0588084438819972,0.154938938441767,7,0.00344579377649002,16.6265105013583,0.748551165934534
"11452","Lamp5","PDCD4",0.0476283816811152,0.0462877656300073,0.303497229466949,-0.04309397187853,0.13835073524076,7,0.00602677103206193,48.5741334588731,0.693053917738256
"11453","Lamp5","ATL1",-0.00837364347773883,0.0255725757524822,0.743330406704115,-0.0584949709445263,0.0417476839890486,7,0,0,0.923731562184063
"11454","Lamp5","UBE2K",-0.0169590381355761,0.0243860569263475,0.486779633509286,-0.0647548314361607,0.0308367551650085,7,0,0,0.814177681246292
"11455","Lamp5","ATP6V0B",-0.0553556599916505,0.0504503880812689,0.27254102937497,-0.154236603637006,0.0435252836537053,7,9.22865386088643e-07,0.00411319121898881,0.661924892423896
"11456","Lamp5","PTPRM",-0.0026363923490717,0.027995158394374,0.924971610372576,-0.0575058945435388,0.0522331098453954,7,0,0,0.982766324860785
"11457","Lamp5","CTNNA2",0.0252083630024609,0.0404226655049183,0.532877492268683,-0.0540186055462885,0.10443533155121,7,0.00275616934003386,25.0948867499908,0.837186823533913
"11458","Lamp5","GGA2",0.0263555004796859,0.0266393991075429,0.322495399224945,-0.0258567623408866,0.0785677633002585,7,0,0,0.706734763099365
"11459","Lamp5","MT-CO1",-0.0225761022938091,0.114019505123245,0.843043414944329,-0.24605022587045,0.200898021282832,6,0.0233073565945183,31.7174825936006,0.95917381987505
"11460","Lamp5","WDR7",0.00681348687543173,0.0266670825626039,0.798335574390292,-0.045453034520028,0.0590800082708915,7,0,0,0.94359509133559
"11461","Lamp5","SYNPR",0.0963601805702399,0.062044831598647,0.120405588520586,-0.0252454547899609,0.217965815930441,7,0.00657071178299629,25.6806638426883,0.480136856658117
"11462","Lamp5","DSE",0.158248688368364,0.0449340334207026,0.000428627041571901,0.0701796011836679,0.24631777555306,7,0,0,0.0416178218562913
"11463","Lamp5","EPC1",-0.00108220677353324,0.0266103255732475,0.967560031923584,-0.0532374865139835,0.051073072966917,7,0.000440600952017533,8.45295773876446,0.995377876631969
"11464","Lamp5","IL1RAPL1",0.021430073473448,0.0381396695196342,0.574194994750653,-0.053322305167295,0.0961824521141911,7,0,0,0.856247790013208
"11465","Lamp5","PROX1-AS1",0.0504183473791229,0.0630431170278445,0.423859200660624,-0.0731438914685962,0.173980586226842,5,0.00810152872192343,44.1786584374976,0.778050998360332
"11466","Lamp5","PSME4",-0.0771198332428079,0.0470108426505653,0.100907674747817,-0.169259391720795,0.0150197252351795,7,0.00485603809397534,35.0085412263728,0.450449750768626
"11467","Lamp5","RAB7A",-0.0149472702799964,0.0261479067274475,0.567563794651764,-0.0661962257369061,0.0363016851769134,7,0,0,0.853498876246994
"11468","Lamp5","CLIP1",-0.010155066274397,0.0294572139754665,0.730290192746612,-0.0678901447512012,0.0475800122024072,7,0.000667885796756517,10.5603084255397,0.91930803926833
"11469","Lamp5","TPD52L1",-0.143811208695235,0.0749865945419018,0.0551331319047167,-0.29078223332067,0.00315981593020026,7,0.0125452743660169,34.4744331125007,0.34837800237059
"11470","Lamp5","RDX",-0.0144184633865325,0.0260735016490123,0.580268216870737,-0.0655215875694423,0.0366846607963774,7,3.26656822476338e-06,0.0609140632782214,0.858378677238391
"11471","Lamp5","NFE2L1",-0.00353939502137537,0.0443556298938144,0.936399628038542,-0.0904748321248397,0.083396042082089,7,0.00202477828612593,14.5601924632298,0.986142275678281
"11472","Lamp5","ATG2B",-0.00876669042577644,0.026828491099694,0.743843419312902,-0.06134956674073,0.0438161858891771,7,0,0,0.923731562184063
"11473","Lamp5","EIF4G3",-0.0390623147246266,0.0243781655870439,0.109078587519629,-0.0868426412843864,0.00871801183513327,7,0,0,0.463734401407849
"11474","Lamp5","ABCA10",-0.0362185684196636,0.0467448537005598,0.438449558418234,-0.127836798135355,0.0553996612960276,7,0.00264777340281436,17.4797498374833,0.786945560426783
"11475","Lamp5","ENSA",0.0176234081541372,0.0380204060485876,0.642988109960879,-0.0568952183786834,0.0921420346869578,7,0.0019019412244189,19.283716701952,0.886703736972112
"11476","Lamp5","TUBB2A",-0.0391308255637854,0.0676805407140994,0.563149676633257,-0.171782247817617,0.0935205966900462,7,0,0,0.852935819308762
"11477","Lamp5","PHKB",0.0143717267018904,0.0300734961080573,0.632730779724472,-0.0445712425591074,0.0733146959628882,7,0,0,0.882993296421211
"11478","Lamp5","TENM3",0.117087953986732,0.0440581541334119,0.00787045193810855,0.03073555865993,0.203440349313534,7,0.000217113587493271,1.47697099280103,0.148458572125931
"11479","Lamp5","ADGRB3",0.117172769893534,0.036628568704087,0.00137931569267221,0.0453820944282729,0.188963445358796,7,0,0,0.0659809454746677
"11480","Lamp5","ARMCX4",0.0186379305711907,0.0264524032157801,0.481069381937258,-0.0332078270362699,0.0704836881786512,7,0,0,0.811342049869339
"11481","Lamp5","HAPLN1",-0.0752111187237393,0.0470553901033543,0.109964462948688,-0.167437988604796,0.0170157511573176,7,0,0,0.463734401407849
"11482","Lamp5","TULP4",-0.0205929722785023,0.0266317261289142,0.43937466148087,-0.0727901963373085,0.0316042517803039,7,0,0,0.787588206165247
"11483","Lamp5","NME7",0.0647793713598745,0.0298813203353362,0.0301671694174729,0.00621305969211129,0.123345683027638,7,0,0,0.269431799151276
"11484","Lamp5","KAZN-AS1",-0.0187600499480786,0.0843536547003087,0.824004383736477,-0.184090175125011,0.146570075228854,5,0,0,0.952809502647661
"11485","Lamp5","AFAP1",-0.0424576154377603,0.0323539595451674,0.189423995135921,-0.105870210903554,0.0209549800280337,7,0,0,0.583094352079918
"11486","Lamp5","KATNBL1",0.0222059345607249,0.0258626287967726,0.390555231538135,-0.0284838864264778,0.0728957555479276,7,0,0,0.756870849775491
"11487","Lamp5","KANSL1",0.0475065684918693,0.0565451129717308,0.400822386792074,-0.0633198164344717,0.15833295341821,7,0.00542262019992611,25.7906115049574,0.763285815867263
"11488","Lamp5","ORC2",-0.0059934189769392,0.0338389657396602,0.859417350542137,-0.0723165731007579,0.0603297351468795,7,0.00141435539175726,17.8863088265023,0.964686699374265
"11489","Lamp5","CEP85L",0.0854107021812314,0.0275828952172534,0.00195813465270696,0.0313492209660726,0.13947218339639,7,0.000236977697936598,4.0892416685716,0.0762779554127768
"11490","Lamp5","GRIA3",0.00326410742477619,0.036419743246342,0.928585480457085,-0.0681172776642499,0.0746454925138023,7,0.00175216029480642,19.282156411264,0.98423037329851
"11491","Lamp5","PTPRB",-0.0407091963807148,0.0475333674015965,0.391757713706497,-0.133872884551754,0.0524544917903245,7,0,0,0.758201083617192
"11492","Lamp5","SETX",0.00822527952434946,0.0248557361779115,0.740704327700128,-0.0404910681935863,0.0569416272422852,7,0,0,0.922900617372718
"11493","Lamp5","RAP1A",0.0195463688357058,0.0272605673330639,0.473361827501825,-0.0338833613352286,0.0729760990066401,7,9.34979104795502e-07,0.0159983201494036,0.806286012689692
"11494","Lamp5","DENND1A",0.00876752760739288,0.0274461550404859,0.749389351162126,-0.0450259477860619,0.0625610030008477,7,0,0,0.92551168941846
"11495","Lamp5","ZFAND3",0.0180639379836335,0.0307696714169077,0.55715697897518,-0.0422435098096371,0.0783713857769041,7,0.000518775798995207,7.46498718555551,0.850110570377623
"11496","Lamp5","ADGRL1",-0.0444942710706203,0.0297157566664049,0.134307612562613,-0.10273608391013,0.0137475417688892,7,0,0,0.504296621235883
"11497","Lamp5","TAPT1-AS1",0.0895968712168742,0.041253718506326,0.0298670105649601,0.00874106871612172,0.170452673717627,7,0.00142438272791187,11.6246053151064,0.268960526616233
"11498","Lamp5","DTNB",0.0396399395918948,0.0335250243679541,0.237047605490793,-0.026067900750123,0.105347779933913,7,0.0016798158159873,22.0792093439452,0.62690232509164
"11499","Lamp5","PRKDC",-0.0169014303740887,0.0207595499857478,0.415557845441198,-0.0575894006814134,0.023786539933236,7,0,0,0.772296636968801
"11500","Lamp5","KPNA1",-0.0590111458588951,0.0246187392257522,0.0165298725243252,-0.107262988086153,-0.0107593036316372,7,0,0,0.206238639985863
"11501","Lamp5","INPP4A",0.0682426841003627,0.0331177140652568,0.0393402869888973,0.00333315728216385,0.133152210918562,7,0.00131840993817587,17.3954162544922,0.304618618058592
"11502","Lamp5","ADCYAP1R1",-0.0524154730613156,0.0281019700007717,0.0621549780098975,-0.107494322157453,0.00266337603482205,7,2.93818507079976e-06,0.0461023839082421,0.367678264177257
"11503","Lamp5","RTF1",-0.0662395441483746,0.0324380668791206,0.0411484380499194,-0.129816986959553,-0.00266210133719676,7,0,0,0.308910339384172
"11504","Lamp5","PDE1C",-0.0256864967958384,0.0460594657649839,0.577062117490457,-0.115961390842362,0.0645883972506857,7,4.25371701459593e-06,0.0245714822247967,0.857671876115575
"11505","Lamp5","WWC2",0.0742194203795989,0.0514944732927694,0.149497556214154,-0.0267078926770888,0.175146733436287,7,0.00927607416357781,59.2769011746709,0.528593128448816
"11506","Lamp5","PTPRG",0.0148397235388433,0.0472032450027182,0.753232969250923,-0.0776769366199047,0.107356383697591,7,0,0,0.926555528105898
"11507","Lamp5","CNTNAP2",0.0238077411053843,0.040220210079316,0.553894264450496,-0.0550224221007099,0.102637904311479,7,0,0,0.847937526198127
"11508","Lamp5","PCMT1",-0.0634575007545012,0.0290441758935148,0.0288990055404733,-0.120383039466437,-0.00653196204256581,7,8.80269321690139e-07,0.012526238109204,0.265227822244642
"11509","Lamp5","PAM",0.0751724718955277,0.0356950594829847,0.0352075729192425,0.00521144088286273,0.145133502908193,7,0,0,0.289480904102825
"11510","Lamp5","AQR",0.015689016747169,0.0297272999338825,0.597662725628492,-0.0425754204808606,0.0739534539751986,7,0.00101371647540678,16.4972482525387,0.866357398277713
"11511","Lamp5","RLF",0.0013497212053917,0.0394437960162515,0.972702637923721,-0.0759586984000058,0.0786581408107892,7,0.00390598054431152,40.232352651419,0.996727391459769
"11512","Lamp5","TRIM9",0.0997515166393478,0.0539576989001597,0.0645013614382151,-0.00600362989362174,0.205506663172317,7,0.00575715819252752,30.7271379720248,0.371880205906429
"11513","Lamp5","DIXDC1",0.0401294135120602,0.029055598393369,0.167240528083766,-0.016818512888203,0.0970773399123234,7,0,0,0.554879347209593
"11514","Lamp5","HLCS",-0.0627030863250123,0.0347558010913703,0.0712149752387586,-0.130823204717936,0.00541703206791136,7,0.000594854047754731,6.43012973783359,0.386804505912428
"11515","Lamp5","LRRC37A3",0.0391195144870554,0.0401481768263344,0.329868712673357,-0.0395694661375056,0.117808495111616,7,0,0,0.711947290175181
"11516","Lamp5","PKP2",-0.07279808064036,0.0526630560200755,0.166868309860696,-0.176015773755523,0.0304196124748032,7,0.00313698723065758,16.1491093554097,0.554173317862834
"11517","Lamp5","CAPN7",0.0257934649921911,0.0258290588554224,0.317977865298526,-0.0248305601190021,0.0764174901033843,7,0.00027542404399589,5.39331361595284,0.702511969537239
"11518","Lamp5","UBR4",-0.0386653782561058,0.0276304089972847,0.161699749771086,-0.0928199847688953,0.0154892282566837,7,0.000115335989194006,1.93950655760746,0.54659387487773
"11519","Lamp5","PHF20L1",-0.010102886963072,0.0255682177383346,0.692743570230854,-0.0602156728790859,0.040009898952942,7,0,0,0.905313119483202
"11520","Lamp5","DCAF5",0.0782584172830482,0.0285492184947205,0.00612198049709953,0.0223029772466312,0.134213857319465,7,0,0,0.132306863477282
"11521","Lamp5","UBE2B",0.0809087098202064,0.0272215686228487,0.00295646995271411,0.0275554157167375,0.134262003923675,7,0,0,0.0904594452672365
"11522","Lamp5","GRID1",-0.0307933496266787,0.0276878872310275,0.266069534224351,-0.0850606114074991,0.0234739121541417,7,0,0,0.654717193372226
"11523","Lamp5","HOMER1",0.015522237143247,0.0361808798105558,0.667910357766298,-0.0553909842144147,0.0864354585009087,7,0.000819348122954449,8.49465053919315,0.897383922366512
"11524","Lamp5","MIB1",0.0842092965909881,0.031892284503552,0.00828012649340424,0.0217015675793212,0.146717025602655,7,1.46284825855744e-06,0.0184022474108775,0.151071428092432
"11525","Lamp5","ZBTB8OS",-0.00142138654513713,0.0316546112467441,0.964184637279765,-0.0634632845333722,0.0606205114430979,7,0,0,0.99419564321202
"11526","Lamp5","ZHX3",-0.0333429378224175,0.0296221049660735,0.260330629859612,-0.0914011967021867,0.0247153210573517,7,0.000673311507895983,10.5375135276407,0.651489759092311
"11527","Lamp5","TNRC6C",0.0212078942740807,0.0272950634703257,0.437166768886713,-0.0322894470834925,0.0747052356316538,7,0,0,0.785813063384488
"11528","Lamp5","MACF1",-0.0226936139696461,0.0252179513254556,0.368173901268879,-0.0721198903314231,0.0267326623921309,7,0,0,0.740371899323109
"11529","Lamp5","ZKSCAN1",-0.0703144698670484,0.0293153555106657,0.0164599391299388,-0.127771510861941,-0.0128574288721557,7,0,0,0.206238639985863
"11530","Lamp5","ELMO1",-0.0167719917085082,0.0430505397169741,0.696840917074095,-0.101149499068788,0.0676055156517721,7,0,0,0.906391554342484
"11531","Lamp5","VEZT",-0.0107076832448423,0.0229117899374257,0.640253915763647,-0.0556139663435439,0.0341985998538592,7,0,0,0.885646843671299
"11532","Lamp5","HTT",-0.0290159973692855,0.0230498008730196,0.208088348035843,-0.0741927769312237,0.0161607821926528,7,6.91639693274249e-06,0.158550044065085,0.597342427787001
"11533","Lamp5","MPHOSPH9",0.0250882275775964,0.0258256648045664,0.331326447003962,-0.0255291453161575,0.0757056004713503,7,0,0,0.713676689430905
"11534","Lamp5","FGF13",0.0222275622003368,0.0372959587959004,0.551190080201094,-0.0508711738085178,0.0953262982091913,7,0,0,0.845629527790236
"11535","Lamp5","GARNL3",0.0207088117291384,0.0319277040416128,0.51658677215047,-0.0418683383014766,0.0832859617597533,7,0.00110749726421198,15.4433876544168,0.828072263422928
"11536","Lamp5","GOLGA4",-0.0189469824077276,0.0242282623711555,0.434202900670613,-0.0664335040631794,0.0285395392477242,7,0,0,0.783666794640294
"11537","Lamp5","CNKSR2",0.0700225377191887,0.0396559102371665,0.0774373168654593,-0.00770161811981085,0.147746693558188,7,0,0,0.402980872275119
"11538","Lamp5","MOSMO",-0.00443130474267948,0.0268640320320345,0.868980915196926,-0.0570838400049975,0.0482212305196385,5,0,0,0.967701160707704
"11539","Lamp5","CDH8",-0.0281075617955519,0.0490988885665124,0.567004693406902,-0.124339615066862,0.0681244914757579,7,9.20739717491075e-08,0.000498838432958448,0.853478978335213
"11540","Lamp5","ENAH",0.0619768740340691,0.0260754283122973,0.0174621089049381,0.0108699736605103,0.113083774407628,7,2.56172721357903e-06,0.047457751953638,0.212224959750157
"11541","Lamp5","KIAA0825",0.0894227399416329,0.0508766653373734,0.07880919147951,-0.0102936917731163,0.189139171656382,7,0.00755014045534587,46.3432726537742,0.405843321379927
"11542","Lamp5","RCOR3",-0.0392773449859709,0.0295918085821304,0.184407927922317,-0.0972762240443498,0.0187215340724079,7,0,0,0.576859641648702
"11543","Lamp5","CBFA2T2",0.0315030989230891,0.0260729383852028,0.226944166390286,-0.0195989212830402,0.0826051191292184,7,0,0,0.618207929445248
"11544","Lamp5","ARMCX5-GPRASP2",-0.0459001067160202,0.0949772256438298,0.628900578309073,-0.232052048329461,0.14025183489742,5,0,0,0.88191549991279
"11545","Lamp5","CAPZB",-0.00908188385453588,0.0291486128814022,0.755366018722397,-0.0662121153013844,0.0480483475923126,7,5.27429193386955e-07,0.00762137952847946,0.926555528105898
"11546","Lamp5","SLC25A12",-0.00879837004105861,0.0229947846614095,0.701998135474937,-0.0538673198096753,0.0362705797275581,6,0,0,0.908472643885378
"11547","Lamp5","WDR70",-0.00667390269398268,0.0255854704742995,0.794210212321302,-0.0568205033511226,0.0434726979631573,7,0,0,0.942164460782705
"11548","Lamp5","ANKIB1",0.0774287660159533,0.0248930922577758,0.00186801319042146,0.0286392017268798,0.126218330305027,7,0,0,0.0752136331710811
"11549","Lamp5","ZDBF2",0.042733905323516,0.0333970024260861,0.200695321806136,-0.0227230166232096,0.108190827270242,7,0.00165264872624508,22.1787036366148,0.591452773159088
"11550","Lamp5","UBE3C",-0.010203611091615,0.0281646606707673,0.717139676381876,-0.0654053316431106,0.0449981094598805,7,0.000957912715350773,17.4100411032106,0.914462798800233
"11551","Lamp5","TBC1D32",-0.0272118752776284,0.0311177889639087,0.381857061482635,-0.0882016209254074,0.0337778703701506,7,6.46606768920999e-06,0.0837475570655861,0.752035942741812
"11552","Lamp5","TMEM117",0.0186115707924921,0.0309948540361108,0.548191096950748,-0.0421372268243611,0.0793603684093452,7,0,0,0.844764971297428
"11553","Lamp5","FBXL20",0.0386427178541429,0.0280022420506521,0.167590781080976,-0.0162406680515082,0.0935261037597939,7,0,0,0.555492835628436
"11554","Lamp5","SLC6A1-AS1",-0.202270720428476,0.118103330790156,0.0867753107805572,-0.433748995231402,0.0292075543744495,7,0.0252527143320956,28.0841455791176,0.421204051916033
"11555","Lamp5","NSD1",-0.0451780395885491,0.025256897260371,0.073656588198079,-0.0946806485801046,0.00432456940300634,7,0.000455088788479434,9.78371688578363,0.391988223423222
"11556","Lamp5","KCNIP4",0.122860943294634,0.059831719449558,0.0400297656537687,0.00559292804039613,0.240128958548873,7,0.0102123925256372,42.9057039725385,0.305843499326131
"11557","Lamp5","DSTN",0.0497232782047134,0.0383435848674014,0.19470613811754,-0.0254287671735483,0.124875323582975,7,0,0,0.587583280058094
"11558","Lamp5","LPIN2",-0.00108150651577539,0.0273199481161525,0.968422633159226,-0.0546276208829372,0.0524646078513864,7,0,0,0.995639101352657
"11559","Lamp5","ARFGEF2",-0.0522112872677253,0.0340706571354775,0.125413535171461,-0.118988548182874,0.0145659736474232,7,0.00144866599311942,18.1219476487865,0.487700427066708
"11560","Lamp5","USP15",0.0258045569542879,0.0243918138895369,0.290092491902201,-0.0220025197868083,0.0736116336953841,7,0,0,0.679711913966886
"11561","Lamp5","ZBTB16",-0.05622673521034,0.0380909517401493,0.139912247765927,-0.130883628757886,0.018430158337206,7,0.00270816990429847,28.8527214110559,0.514992481081171
"11562","Lamp5","FBXL5",-0.031803329781577,0.0226433740021575,0.160160668228816,-0.0761835273142763,0.0125768677511222,7,0,0,0.544291398507647
"11563","Lamp5","ACSL3",0.0518287733267033,0.031988317839831,0.10518058950364,-0.0108671775653856,0.114524724218792,7,0,0,0.457734596024031
"11564","Lamp5","DPH6",0.0119736250211902,0.0407019980506385,0.768622028898115,-0.0678008252568807,0.0917480752992612,7,0,0,0.931973695457651
"11565","Lamp5","UBE3A",0.0140221636989041,0.0375880801112786,0.709112608804103,-0.0596491195672082,0.0876934469650164,7,0,0,0.912274097920567
"11566","Lamp5","AUH",0.0736531095926945,0.0278870566551424,0.0082632038876552,0.0189954829137873,0.128310736271602,6,0,0,0.151071428092432
"11567","Lamp5","PPP2R5C",0.0447369739662664,0.0279308728091336,0.109221212784515,-0.0100065307964046,0.0994804787289373,7,0.00027080152511173,4.54138922109855,0.463734401407849
"11568","Lamp5","CUL1",0.083269817183925,0.033494417060519,0.0129158744849042,0.0176219660621438,0.148917668305706,7,0.00193996779585162,26.2989955708696,0.183663428020178
"11569","Lamp5","SYBU",0.082726517307336,0.0402959172809991,0.0400749864908476,0.00374797071257262,0.161705063902099,7,0.00206058958974606,18.3320614686196,0.305843499326131
"11570","Lamp5","ZRANB3",-0.0288225208347745,0.0316927227835488,0.363119729915744,-0.0909391160625421,0.0332940743929931,7,0.000582674284926647,7.76516648318839,0.737650560567757
"11571","Lamp5","PIK3C3",0.0611218887599646,0.0418551116398922,0.144201937012852,-0.0209126226231273,0.143156400143057,7,0.00447985715582942,42.7595867492218,0.520685677758663
"11572","Lamp5","UBE4B",0.0130411822216595,0.0262816653962862,0.619747409651069,-0.0384699354087941,0.0645522998521132,7,0,0,0.877471007323414
"11573","Lamp5","JPH4",0.00369911527377057,0.0284140095464021,0.896419019350091,-0.0519913200935549,0.059389550641096,7,0,0,0.976532292201911
"11574","Lamp5","CREBBP",-0.024837946717913,0.0283265738479743,0.3805721358992,-0.0803570112653569,0.0306811178295309,7,0,0,0.750909449466842
"11575","Lamp5","RUNX1T1",0.0749065941211557,0.0736959366232792,0.309425742644585,-0.0695347874674179,0.219347975709729,7,0.0120639132272035,34.8079239872772,0.696879927838551
"11576","Lamp5","VPS50",0.0306098063132384,0.0260524179246746,0.240022124442677,-0.0204519945293096,0.0816716071557863,7,0,0,0.631215470616493
"11577","Lamp5","LCORL",0.00435212135957018,0.0324900860018034,0.893440302916753,-0.0593272770585735,0.0680315197777138,7,0.000108077134620183,1.31510696887796,0.975921257738596
"11578","Lamp5","AGO3",-0.020548476634254,0.0243826545711834,0.399368403325763,-0.0683376014412543,0.0272406481727463,7,0,0,0.762743492813461
"11579","Lamp5","FBXL2",0.0257464312554393,0.0295454039142829,0.383525324319602,-0.032161496325244,0.0836543588361225,7,0,0,0.752885645689121
"11580","Lamp5","PRRC2C",-0.0141111604479794,0.0251927308750071,0.575391957444394,-0.0634880056352034,0.0352656847392447,7,0,0,0.856819709690026
"11581","Lamp5","PARD3",0.060981494545267,0.0331415834589285,0.0657638917978008,-0.00397481542486129,0.125937804515395,7,0.000593806392649185,7.32685239554632,0.373672580884055
"11582","Lamp5","CCDC92",0.0911065405545051,0.0356331559114192,0.0105642598656182,0.021266838312623,0.160946242796387,7,0.00116643622657885,12.8501961351881,0.168803505780448
"11583","Lamp5","CDK17",0.0991944574949575,0.0316437713845516,0.0017201646436345,0.0371738052462172,0.161215109743698,7,0.000684521083753282,9.39060452653986,0.0727215420469265
"11584","Lamp5","ARIH1",-0.012911219461073,0.0333015461287771,0.698233388006791,-0.0781810505029754,0.0523586115808294,7,0.00228080947092116,32.139103419161,0.906391554342484
"11585","Lamp5","GNAS",0.0452785529948109,0.0524215842600591,0.387731428581871,-0.0574658641674367,0.148022970157059,7,0.0033269902892931,17.3997383916208,0.755827226879962
"11586","Lamp5","RUNDC3B",0.100163772044822,0.0318633867204197,0.00166918650884864,0.0377126816473276,0.162614862442317,7,9.33555661113689e-07,0.0113091956968859,0.0718050412205787
"11587","Lamp5","PUM3",0.054282134685455,0.0266490966904901,0.0416578464727618,0.00205086495156878,0.106513404419341,7,0,0,0.310589891501096
"11588","Lamp5","KIF21A",0.0264044096149464,0.0223779998323891,0.238029189623269,-0.0174556641025796,0.0702644833324723,7,0,0,0.628456816504514
"11589","Lamp5","CEP126",0.131887214667856,0.0351963091723913,0.000178827505459734,0.0629037163012325,0.20087071303448,7,0.000216318946375257,2.28005060220279,0.0274179248434995
"11590","Lamp5","ARHGAP21",0.0341867440595058,0.0252501916233404,0.175761843689052,-0.0153027221249763,0.0836762102439879,7,0,0,0.567171043895676
"11591","Lamp5","LDB2",-0.106373642809183,0.062804294430479,0.0903162220381143,-0.229467797967371,0.0167205123490052,7,0.00557175068696868,20.4455726213106,0.43014404593939
"11592","Lamp5","CAND1",0.00364588456928287,0.0265252420347162,0.890675408196562,-0.0483426344999688,0.0556344036385346,7,0,0,0.975420073866546
"11593","Lamp5","TP53BP1",-0.0362576421036306,0.0231645087000304,0.117530424944991,-0.0816592448752549,0.00914396066799367,7,0,0,0.474626223227585
"11594","Lamp5","MTUS2",0.0413708835510894,0.0331279491886699,0.211730496992334,-0.0235587037403765,0.106300470842555,7,0,0,0.60179542163244
"11595","Lamp5","CNNM2",-0.0372524133351973,0.0275765005467007,0.176735382999234,-0.0913013612263797,0.0167965345559852,7,0,0,0.569295006156464
"11596","Lamp5","AP2B1",0.0215396148024456,0.0267288893154448,0.420326337703305,-0.0308480456025837,0.0739272752074749,7,0,0,0.775483287965725
"11597","Lamp5","ATP9A",0.0269970121349593,0.0239265097507569,0.259180342059806,-0.0198980852522706,0.0738921095221892,7,0,0,0.650411149598018
"11598","Lamp5","BTRC",0.0561606886574438,0.0261167209291407,0.031525730986151,0.00497285624204465,0.107348521072843,7,0,0,0.276000158757965
"11599","Lamp5","ACTR2",-0.0471130938723064,0.0278516754554256,0.0907277492498013,-0.101701374674039,0.007475186929426,7,0,0,0.431245291446094
"11600","Lamp5","MT-CYB",0.0892814587840169,0.105944846011039,0.399387075195401,-0.118366623745261,0.296929541313295,6,0.011147327547817,16.336016122384,0.762743492813461
"11601","Lamp5","LARP1B",-0.036549450020022,0.0250658435478241,0.144802607544127,-0.085677600615873,0.0125787005758289,7,0,0,0.521123798862538
"11602","Lamp5","DPY19L1",-0.0180089620808958,0.0493951889127421,0.715417931700339,-0.114821753359423,0.0788038291976309,7,0.00451691919308953,28.8243468288977,0.914456932811391
"11603","Lamp5","GFOD1",0.00911581897441087,0.0355241338285075,0.797480484980847,-0.0605102039114447,0.0787418418602665,7,0.00221250093017916,26.8739901061886,0.943226894493407
"11604","Lamp5","NEBL",0.00643402354021291,0.0375954962673145,0.864115141901004,-0.0672517951246335,0.0801198422050593,7,0.00224623037409061,23.5257625158601,0.966512624578573
"11605","Lamp5","PTPRR",-0.0272597235724869,0.0431994493851907,0.52802734117488,-0.111929088519422,0.0574096413744478,7,0.00215436589941632,16.5748401539634,0.834833285709993
"11606","Lamp5","ETV1",-0.0441780359567522,0.0675763878910899,0.513273147788012,-0.176625322428597,0.0882692505150926,7,4.0785299283064e-06,0.0112633477493807,0.826138184151139
"11607","Lamp5","NSMCE2",0.04047373309948,0.041778461600944,0.332659804340838,-0.0414105469678598,0.12235801316682,7,0.00439638130342003,40.7483336397871,0.714489691112083
"11608","Lamp5","UBB",0.0109154545882737,0.0902248887137564,0.90370645906659,-0.165922077799823,0.187752986976371,6,0.00710587014633866,14.1522469996376,0.978585884200498
"11609","Lamp5","ASCC3",0.0543097079464837,0.0286525909083179,0.0580320961072777,-0.00184833829757924,0.110467754190547,7,0,0,0.35608303609386
"11610","Lamp5","ATAD2B",-0.0300124913592002,0.0243169636313142,0.217120806462208,-0.0776728642899464,0.0176478815715461,7,0,0,0.607397120257931
"11611","Lamp5","ARHGEF7",0.0404188943506253,0.0285213607297302,0.156440634553694,-0.015481945469721,0.0963197341709716,7,0.000448972447696968,7.39791892401257,0.53965518417375
"11612","Lamp5","LYST",0.0692068115010416,0.0352681660278828,0.0497272725877514,8.24762856121986e-05,0.138331146716471,7,0.00230779952845996,28.86232135838,0.333532503015658
"11613","Lamp5","DMXL1",0.00325554087282603,0.0215670778806444,0.880015506735782,-0.0390151550250074,0.0455262367706595,7,0,0,0.971352273324376
"11614","Lamp5","ATP2C1",0.128587236553854,0.0337866196530053,0.000141310744592201,0.0623666788746101,0.194807794233097,7,0,0,0.0251144329005997
"11615","Lamp5","SOS2",-0.00575067898111647,0.0253692960011273,0.820673592677617,-0.0554735854564619,0.043972227494229,7,0,0,0.952018241840247
"11616","Lamp5","ATE1",0.0774463174982739,0.0275281967041001,0.00490290005422511,0.0234920433989034,0.131400591597644,7,0.000856959704443959,16.2526151411453,0.118940373775356
"11617","Lamp5","HIBCH",0.188339028941519,0.0642848557507444,0.00339226779909127,0.0623430269187075,0.314335030964331,6,0.0125448496964994,54.2073643116159,0.0987059138913201
"11618","Lamp5","CALM1",0.0277341392273961,0.0546795837750903,0.612006099393456,-0.0794358756614215,0.134904154116214,7,0,0,0.874121429918725
"11619","Lamp5","NR3C2",0.123559440710012,0.0482140492994845,0.0103853705440674,0.0290616405341839,0.21805724088584,7,0.00619271174633563,41.5636044433138,0.1674714391366
"11620","Lamp5","ARHGAP26",0.091115492097334,0.0407842664187542,0.0254775223081791,0.0111797987806895,0.171051185413979,7,0.00114478966752909,9.54982693896415,0.250751745090418
"11621","Lamp5","DIP2B",0.0116919244322874,0.0273726170954217,0.669277765270578,-0.0419574192373444,0.0653412681019193,7,0,0,0.897891293405697
"11622","Lamp5","GALNT13",0.155401100324328,0.042668885750671,0.000270502985498359,0.071771620992559,0.239030579656098,7,2.62697832194513e-07,0.0018983894667564,0.0320924146154616
"11623","Lamp5","GPBP1",0.0442142410081591,0.026516812488269,0.0954340855641343,-0.00775775645365005,0.0961862384699682,7,0,0,0.439925913162624
"11624","Lamp5","SPECC1",0.0921379038499331,0.0505793699957978,0.0685081256297782,-0.00699583970255632,0.191271647402423,7,0.00677345994440574,42.1389001539529,0.380574627344018
"11625","Lamp5","PEAK1",0.0816815744791315,0.0360921348105885,0.0236270254547869,0.0109422901252136,0.152420858833049,7,0,0,0.241914038881675
"11626","Lamp5","EXOC2",0.0638306335746583,0.0314357570553374,0.0423046788442342,0.00221768191944609,0.12544358522987,7,0,0,0.31114492884268
"11627","Lamp5","GOLGA8B",-0.0997568088319759,0.0822296806982868,0.225073072956987,-0.260924021460847,0.0614104037968947,5,1.58218053055257e-06,0.00376572696783605,0.615783571460661
"11628","Lamp5","PDE7A",-0.0418012111086941,0.0590200222623537,0.478787071902904,-0.15747832910966,0.0738759068922714,7,0.0101015260516747,48.5505627530144,0.809989332704318
"11629","Lamp5","TCF12",0.0302929400997791,0.0393479137483142,0.441374572593721,-0.0468275537137052,0.107413433913263,7,0.00328640251275922,32.665662495736,0.789116237651116
"11630","Lamp5","RETREG1",0.000476967829691472,0.026335827602856,0.985550313081469,-0.0511403057749621,0.0520942414343451,5,0,0,0.997296915565468
"11631","Lamp5","TRPS1",0.0556598642291797,0.0484945640207962,0.251069839033319,-0.0393877346975528,0.150707463155912,7,0.00176187624191845,10.3537432054493,0.64193208701728
"11632","Lamp5","GPATCH8",-0.0109923303031319,0.0272512302382931,0.68667601078069,-0.0644037601045953,0.0424190994983315,7,0,0,0.903181005962289
"11633","Lamp5","NSMAF",0.0326951025280661,0.0321304114888325,0.308879987079677,-0.0302793467984976,0.0956695518546298,7,0.00158738228763116,23.0149030258633,0.696879927838551
"11634","Lamp5","HSPH1",0.216997550444345,0.103564065301048,0.0361445345639743,0.0140157123617363,0.419979388526953,7,0.0235648353796286,33.780731203571,0.291728958956667
"11635","Lamp5","LIFR",0.0435212601662618,0.0408319504660922,0.286485632807078,-0.0365078921658025,0.123550412498326,7,0,0,0.676289317556228
"11636","Lamp5","BPTF",-0.0532212297338338,0.0243892324391648,0.0290976588999892,-0.101023246925173,-0.00541921254249483,7,0,0,0.265227822244642
"11637","Lamp5","SHC3",-0.0697191420027729,0.0602311337778809,0.247057261059354,-0.187769994955433,0.0483317109498876,7,0.00857024289898958,36.8158352015648,0.63819872917675
"11638","Lamp5","HECW1",0.123289413821225,0.0401965943501962,0.00216102655477445,0.0445055365936743,0.202073291048776,7,0,0,0.0816161615188604
"11639","Lamp5","EHBP1",0.0859758300888472,0.0386207909528212,0.0260038647711659,0.0102804707668673,0.161671189410827,7,0.00255161884102724,25.6223309377292,0.252137263510121
"11640","Lamp5","INVS",-0.0231371025676784,0.0320492407665818,0.470341464210687,-0.0859524602020316,0.0396782550666749,7,0.000350241550797971,4.50682774731878,0.804834027168301
"11641","Lamp5","NRXN2",-0.0198430587470614,0.0265731035350388,0.455223713723833,-0.0719253846331913,0.0322392671390686,7,0,0,0.796305590023421
"11642","Lamp5","FRYL",0.0588102867332097,0.0296067745336568,0.0469912133671055,0.000782074948844698,0.116838498517575,7,0.00107091919374086,17.7017351435456,0.325218524035821
"11643","Lamp5","MDN1",0.00141641638876828,0.0256841743084519,0.956021004227421,-0.0489236402284463,0.0517564730059829,7,0,0,0.992625038162505
"11644","Lamp5","ATRN",-0.0292987357837359,0.0236732416985966,0.215852945962312,-0.0756974369102969,0.0170999653428252,7,0,0,0.606956355693227
"11645","Lamp5","MEF2A",-0.000871777748204811,0.027467766227467,0.974680822603151,-0.0547076102898058,0.0529640547933962,7,0.000715180773054614,13.2960395088364,0.997093441046833
"11646","Lamp5","DOK6",0.0619306532628313,0.0367093918079518,0.0915933515025663,-0.0100184325751238,0.133879739100786,7,0,0,0.432608566595257
"11647","Lamp5","GPM6B",0.00823042138794259,0.0267902075997273,0.75867780384493,-0.0442774206458742,0.0607382634217593,7,1.87037086187449e-06,0.032391728354101,0.926555528105898
"11648","Lamp5","FAM171B",0.0505182303898521,0.0272504509314979,0.063760717767077,-0.00289167199835987,0.103928132778064,7,0,0,0.369929187650575
"11649","Lamp5","APP",0.0301390314855773,0.0285128556870163,0.290496493335483,-0.0257451387573627,0.0860232017285173,7,0.000469514505032685,7.87504534272905,0.680252117446455
"11650","Lamp5","FBXW7",0.0313451095779807,0.0449991891010222,0.486071596025869,-0.0568516803935302,0.119541899549492,7,0.00351943693505441,26.1929565919414,0.813793954483181
"11651","Lamp5","NEXMIF",0.00181663562261696,0.0374480038607756,0.961309093642373,-0.0715801032374201,0.075213374482654,5,0.00254235179382871,39.6728763765211,0.99405926942232
"11652","Lamp5","SCFD1",0.0362003806904397,0.0251514004418225,0.150065880263522,-0.0130954583362771,0.0854962197171566,7,0,0,0.52961192323787
"11653","Lamp5","PPA2",0.00458819304821083,0.0310716162098392,0.882607082564443,-0.0563110556645249,0.0654874417609466,6,0,0,0.972956491417898
"11654","Lamp5","PPM1L",0.0822835756145378,0.0473762968536856,0.0824209016676899,-0.0105722599395643,0.17513941116864,7,0.00626471546659399,46.3182813418366,0.413390309358299
"11655","Lamp5","KIAA1328",0.0613026650106736,0.0367635965862252,0.095418441527681,-0.0107526602404875,0.133357990261835,7,0.00166728151096726,17.8700130787444,0.439925913162624
"11656","Lamp5","WDPCP",0.0354894557559559,0.033258239495283,0.285932269929967,-0.0296954958440063,0.100674407355918,7,0.000577308469996661,6.9581507275818,0.675582079502415
"11657","Lamp5","PSMD1",-0.0177792636355748,0.0243120163907336,0.464598792742708,-0.0654299401529601,0.0298714128818105,7,0,0,0.800596104093666
"11658","Lamp5","NRG3",0.0768871280036979,0.0373648621454181,0.0396152100534492,0.00365334391137451,0.150120912096021,7,0,0,0.305062331986465
"11659","Lamp5","KMT2E",0.0690473763764927,0.0242395950565392,0.00439207859062643,0.0215386430658408,0.116556109687145,7,0,0,0.112602218202757
"11660","Lamp5","IGF1R",0.0820839320984213,0.0493516085213416,0.0962629329829808,-0.0146434431825282,0.178811307379371,7,0.00682652356048615,45.6304739605019,0.441076021281022
"11661","Lamp5","NLGN4X",0.0116193548466021,0.0391112841097729,0.766402025719725,-0.0650373533976666,0.0882760630908707,7,3.63962675397968e-06,0.0308893190555565,0.93055735379163
"11662","Lamp5","ATP9B",0.0172210530544459,0.0266855745752025,0.518712112059937,-0.0350817120197087,0.0695238181286005,7,0,0,0.829106552615597
"11663","Lamp5","RNF130",-0.00210569103404154,0.0286846746252358,0.941481273066196,-0.0583266202077538,0.0541152381396707,7,0,0,0.987324146208743
"11664","Lamp5","SREBF2",-0.0243555572814515,0.0404472492424455,0.547070244042437,-0.10363070907036,0.0549195945074566,7,0.00121805247133134,10.2226468325434,0.844291269648148
"11665","Lamp5","GTDC1",0.187702044805403,0.0544937751476865,0.000572185133903411,0.0808962081343134,0.294507881476492,5,0,0,0.0462348784888574
"11666","Lamp5","DYNC1I2",-0.00941112755282421,0.0298201808269887,0.752309231078372,-0.0678576079861939,0.0490353528805455,7,0,0,0.926365948771237
"11667","Lamp5","CEP350",-0.0142991783923298,0.0228602350353301,0.531640038751139,-0.0591044157396975,0.0305060589550379,7,0,0,0.836673670670466
"11668","Lamp5","SCN1A-AS1",0.0901190230423644,0.19663671377116,0.646735400335243,-0.295281853987421,0.475519900072149,5,0.115685100178216,67.611612092087,0.887776475276535
"11669","Lamp5","CKB",-0.00291450109007111,0.0551253924636687,0.957835175420477,-0.110958284952497,0.105129282772355,7,0,0,0.993217221014664
"11670","Lamp5","GMDS-DT",0.0398071643302249,0.0434304641210353,0.35936675752271,-0.0453149811788633,0.124929309839313,5,0,0,0.73483363923243
"11671","Lamp5","CTXND1",-0.0108981845559136,0.0458861894336875,0.812265292021736,-0.100833463233723,0.0790370941218963,5,0,0,0.948815753829332
"11672","Lamp5","FARP1",0.0374096663031037,0.040974956500535,0.361248561210478,-0.0428997727060402,0.117719105312248,7,0.00417008722559934,38.5173719560508,0.735849351646417
"11673","Lamp5","EFR3B",-0.051859428804529,0.0270391637685084,0.0551189241494871,-0.104855215962886,0.00113635835382777,7,3.67394156584078e-06,0.06168983306624,0.34837800237059
"11674","Lamp5","ATP6V1H",0.00101306620296184,0.0233577600072019,0.965405221467025,-0.0447673021706838,0.0467934345766075,7,0,0,0.99444464399303
"11675","Lamp5","KHDRBS3",0.0477994007186949,0.0397910876872099,0.22965076373639,-0.0301896980539116,0.125788499491301,7,0,0,0.62149660183831
"11676","Lamp5","FAT1",-0.116038832399444,0.0689923438646143,0.0925865200383858,-0.251261341583091,0.0191836767842033,7,0.0120944995310975,38.6136393138895,0.434724064836693
"11677","Lamp5","PCGF5",0.0567610977035471,0.0303000852211729,0.0610272064711611,-0.00262597805844623,0.11614817346554,7,0.000905386465140655,13.9143396939007,0.36436563264534
"11678","Lamp5","AGAP1",0.0114642290169952,0.0318689955751569,0.7190491668377,-0.0509978545337786,0.073926312567769,7,0.000778643587557342,10.4991698955008,0.915104576999517
"11679","Lamp5","AFF4",-0.00294167746655434,0.0215263387413048,0.891303660423242,-0.045132526118521,0.0392491711854123,7,0,0,0.975663358386813
"11680","Lamp5","SNAP91",0.0749522980440891,0.029672466266484,0.011537337416874,0.0167953328293007,0.133109263258878,7,0.000503320664437051,7.62669401472913,0.173959037014616
"11681","Lamp5","RBMS3-AS3",-0.0414811032589366,0.083111083316607,0.617705872860567,-0.204375833275594,0.121413626757721,7,2.34395933778184e-06,0.00438957880881596,0.877117743092904
"11682","Lamp5","IL1RAP",0.145011314794117,0.0692363541839391,0.0362208988996813,0.00931055417273749,0.280712075415497,7,0.0119846341553982,38.9125455202846,0.291728958956667
"11683","Lamp5","DOCK4",0.0693926492878054,0.043494424540591,0.110614367336449,-0.015854856340048,0.154640154915659,7,0.00323858595765313,25.6919323262743,0.464366405717271
"11684","Lamp5","RIMS1",0.0185291110139279,0.0361515419501804,0.608273138789145,-0.0523266091940146,0.0893848312218704,7,0.00131397782835608,14.216120892186,0.871849474403043
"11685","Lamp5","RALGAPA2",0.0116558800878471,0.0299460542026323,0.697106570973004,-0.0470373076283965,0.0703490678040907,7,0,0,0.906391554342484
"11686","Lamp5","ZSWIM6",0.00624531890711921,0.0294682643981821,0.832158743024992,-0.0515114180002216,0.06400205581446,7,3.71043765234513e-05,0.544111594563429,0.956163950912518
"11687","Lamp5","KANSL1L",0.0815560575536041,0.0326843794220232,0.0125864509901171,0.0174958510293966,0.145616264077812,7,0,0,0.181789091051703
"11688","Lamp5","RIN2",0.0163148894059848,0.0414551984362035,0.693909809869329,-0.0649358065009352,0.0975655853129047,7,0,0,0.905942502810902
"11689","Lamp5","HDAC2-AS2",-0.00568246762229021,0.0568813810025528,0.920423469863672,-0.117167925778195,0.105802990533614,5,0,0,0.982375103729229
"11690","Lamp5","ACBD6",0.0420546385678085,0.0248281822815521,0.0902982150116786,-0.00660770450562907,0.0907169816412461,7,0.00026577361689209,5.63186068872702,0.43014404593939
"11691","Lamp5","SCFD2",-0.0264212346293323,0.0418605524014547,0.52792766089011,-0.108466409709135,0.0556239404504707,7,0.00315246317294671,27.2001815483344,0.834786050057493
"11692","Lamp5","ELMOD1",0.0528352677996302,0.0353456427239038,0.134962207051644,-0.0164409189496414,0.122111454548902,7,0.0019285763068374,22.7597708165135,0.505801640279102
"11693","Lamp5","SCD5",-0.0171175132654293,0.0292942415193022,0.55899810275971,-0.0745331715976796,0.0402981450668209,7,0,0,0.850674250152825
"11694","Lamp5","APBA1",0.0750037637053476,0.0277952501448469,0.00696656795375745,0.0205260744801659,0.129481452930529,7,0,0,0.14049441173522
"11695","Lamp5","RPS6KA3",0.00628378711603447,0.0355901313635681,0.859854158728381,-0.0634715885616084,0.0760391627936774,7,0,0,0.96479616864265
"11696","Lamp5","FAM13C",0.0895025224461605,0.0383966955407973,0.0197535998166856,0.0142463820608481,0.164758662831473,7,0.00113595784651306,10.6269785657354,0.224914151202738
"11697","Lamp5","PPP1R12A",0.0564064905495929,0.0290033572816417,0.0517958937682659,-0.000439045153172293,0.113252026252358,7,0.00118718317605661,20.832936965759,0.34030396594599
"11698","Lamp5","MACROD2",0.0301597984707942,0.0325557383828548,0.354235552164361,-0.0336482762497094,0.0939678731912978,7,0.000407059656910741,5.17050667415954,0.731238895037161
"11699","Lamp5","PLCB1",0.048980525588684,0.035312926587344,0.165428841609585,-0.0202315387112172,0.118192589888585,7,0.000103635343546988,1.09905768541048,0.551998749109662
"11700","Lamp5","CACNG8",-0.0852512229779815,0.0302138679290038,0.00477858552659904,-0.144469315952479,-0.0260331300034843,7,0,0,0.118072529571483
"11701","Lamp5","CDK8",0.0526945860910581,0.031305226976111,0.0923263171444672,-0.00866253130997128,0.114051703492087,7,0,0,0.434184202410808
"11702","Lamp5","MARK1",0.0282369608208778,0.0358867813978387,0.431378703672752,-0.0420998382399479,0.0985737598817036,7,0.00158378551348659,17.7549961051099,0.78271247416514
"11703","Lamp5","TRIO",0.0294625619178913,0.0235086678468624,0.21010972547259,-0.0166135803864738,0.0755387042222563,7,0,0,0.60040674000638
"11704","Lamp5","ASAP1",0.0811389157219814,0.0335229737165757,0.0155035570915244,0.0154350945828101,0.146842736861153,7,0.000287010161002064,3.35699776752708,0.200223584511382
"11705","Lamp5","SDCCAG8",0.0426977993251101,0.0293505951509576,0.145738286470936,-0.0148283100955827,0.100223908745803,7,0.000833022494316628,13.6501734753938,0.522269692067356
"11706","Lamp5","MAPRE2",0.125712983352637,0.0309132985524635,4.7697643634315e-05,0.0651240315464738,0.186301935158799,7,0,0,0.014365296134931
"11707","Lamp5","VPS45",-0.0217424795661305,0.0378267105819511,0.565432175683736,-0.0958814699603748,0.0523965108281138,7,0.00263341687807347,28.3744886559403,0.852935819308762
"11708","Lamp5","TENM2",0.090939534513977,0.0586629615029498,0.121092654391054,-0.0240377572582642,0.205916826286218,7,0.00560923265658607,24.3549342094797,0.48107975136205
"11709","Lamp5","FMN1",0.0510226548833744,0.0440290578549776,0.246521210629969,-0.0352727127856121,0.137318022552361,7,0.00220961090507298,16.237718081327,0.637913366424694
"11710","Lamp5","CPLANE1",-0.0448424581351416,0.0284667679791136,0.115197275992624,-0.100636298130462,0.0109513818601791,5,0,0,0.471834321241164
"11711","Lamp5","EVL",0.00129090310786619,0.0262039934177313,0.960709225514773,-0.0500679802420118,0.0526497864577442,7,0,0,0.99402737661308
"11712","Lamp5","AMMECR1",0.0364657431673085,0.0284781074568999,0.200375187779444,-0.0193503217960768,0.0922818081306939,7,0,0,0.591415610548944
"11713","Lamp5","GMDS",0.0103229950010864,0.0308039536928582,0.737535202202496,-0.0500516448183553,0.0706976348205281,7,0,0,0.921463278270996
"11714","Lamp5","FUT8",0.0969026040814593,0.0468939342338851,0.0387887575981823,0.00499218188965456,0.188813026273264,7,0.00472380445688036,32.9921192163245,0.302395535930028
"11715","Lamp5","KDM4C",0.056351044920254,0.0337851338201138,0.095330759574577,-0.00986660058003522,0.122568690420543,7,0.00169751238938381,21.8914901081877,0.439838176601993
"11716","Lamp5","CMSS1",0.03946812719396,0.0481576582261461,0.412466548417784,-0.0549191485090754,0.133855402896995,7,0.00725653265734667,51.1814765034672,0.771544865067357
"11717","Lamp5","MPHOSPH8",0.0477402241978851,0.0282448675220764,0.0909846261885059,-0.00761869889348983,0.10309914728926,7,3.79424977894523e-07,0.00555886338757279,0.431628763322972
"11718","Lamp5","ARGLU1",-0.0770073913889768,0.0337230224234469,0.022399415541568,-0.143103300788769,-0.0109114819891842,7,0.000553212818291683,6.3974626880093,0.236220996879728
"11719","Lamp5","PAK1",-0.0320693354395374,0.0236838348180104,0.175717208469775,-0.0784887986986335,0.0143501278195587,7,0,0,0.567171043895676
"11720","Lamp5","TPST1",0.0711417149507393,0.0358262794712685,0.0470620808857787,0.000923497486986433,0.141359932414492,7,0.00187236437416642,21.6762716853551,0.325269770004088
"11721","Lamp5","PCM1",-0.0038485189108088,0.0236670900739945,0.870825067319986,-0.0502351630747035,0.0425381252530859,7,0,0,0.968577940382375
"11722","Lamp5","NKAIN3",0.0903491173792735,0.0611325091051227,0.139428493871697,-0.0294683987513339,0.210166633509881,7,1.80586349744158e-06,0.00627768116357893,0.513527982202531
"11723","Lamp5","LINC00298",-0.0566164493175616,0.0402175219722084,0.159203396239331,-0.135441343930538,0.0222084452954152,6,0,0,0.543481812227939
"11724","Lamp5","BRAF",0.00418855347123668,0.0315427318065886,0.894359610728591,-0.0576340648436829,0.0660111717861563,7,0.00155713334705843,23.2424592130957,0.975921257738596
"11725","Lamp5","TBC1D4",0.0212094769276065,0.0303140999194208,0.484141439090725,-0.0382050671382068,0.0806240209934198,7,0,0,0.812496136694637
"11726","Lamp5","VPS13C",-0.0362533823056164,0.0265598709914493,0.172263009435266,-0.0883097728828871,0.0158030082716542,7,0.000217581684369737,4.00370004151191,0.56276410520658
"11727","Lamp5","FAM168A",0.0166983789548862,0.029706967251732,0.574045763264959,-0.0415262069484193,0.0749229648581917,7,0.000916991585395088,14.6560311404593,0.856247790013208
"11728","Lamp5","ANKRD17",0.0197240994437056,0.0241360447734178,0.413811215216847,-0.0275816790414396,0.0670298779288507,7,0,0,0.771625852727355
"11729","Lamp5","RAB6A",-0.0180084405580724,0.023223608878466,0.438081607012059,-0.0635258775509105,0.0275089964347657,7,4.483752622668e-07,0.0104129960700925,0.78663933006865
"11730","Lamp5","FOXO3",0.0402814622830974,0.0378792137634867,0.287592139775847,-0.0339604324560305,0.114523357022225,7,0.00304244366288754,33.784954260014,0.677503269477071
"11731","Lamp5","MAPK8",0.0188063581755424,0.0284272698432976,0.508252944570456,-0.0369100668961224,0.0745227832472073,7,3.63062549265681e-06,0.05682344127988,0.823791812671457
"11732","Lamp5","ZEB1",0.0815997839179505,0.0357299185581921,0.0223836235260808,0.0115704303733448,0.151629137462556,7,2.84453419616451e-06,0.0290846756692028,0.236220996879728
"11733","Lamp5","ABAT",-0.0337358564864597,0.0255168252833172,0.186134047692817,-0.0837479150415625,0.0162762020686431,6,0,0,0.579530610871752
"11734","Lamp5","SND1",0.0337846564753677,0.0258710394669196,0.191590957090552,-0.016921649122409,0.0844909620731445,6,0,0,0.585993927326319
"11735","Lamp5","UBE2D3",0.0798440873926057,0.0275191594023626,0.00371499403521284,0.0259075260791582,0.133780648706053,7,0,0,0.102367773426522
"11736","Lamp5","EXOC4",0.0269770457413441,0.0313905250427554,0.390119368646906,-0.0345472527982591,0.0885013442809474,7,0.000386812764497576,5.22815852876557,0.756630141601695
"11737","Lamp5","ACYP2",-0.0542557228510991,0.0335794768479558,0.10615041687872,-0.120070288092789,0.011558842390591,7,1.6931668627332e-06,0.0193800762404346,0.459697846575712
"11738","Lamp5","MYO5A",0.00323366293323683,0.0216982704229788,0.881531062887515,-0.0392941656226123,0.045761491489086,7,0,0,0.972351040497306
"11739","Lamp5","KHDRBS2",0.12879256700396,0.0504361285069784,0.0106622522761262,0.0299395716106488,0.227645562397272,7,0.0025607281765437,14.2899846258066,0.168803505780448
"11740","Lamp5","THSD7A",-0.0125703096551668,0.0500529693974726,0.801705764238774,-0.110672326993499,0.0855317076831649,7,0,0,0.944777220588441
"11741","Lamp5","GNAL",0.136295883412553,0.0374636874206269,0.000274678354996325,0.0628684053400578,0.209723361485048,7,0,0,0.0320924146154616
"11742","Lamp5","UCHL1",0.0365463832576522,0.0431615614595271,0.397143123041947,-0.0480487227195329,0.121141489234837,7,0,0,0.76161555619927
"11743","Lamp5","PRDM2",0.0311097124240386,0.0277308306439796,0.261928062069192,-0.0232417168995411,0.0854611417476182,7,0.00117842820545971,23.1513131605136,0.652838959376138
"11744","Lamp5","MPPED1",-0.0637465798161301,0.0304689475666541,0.0364222493237431,-0.123464619693611,-0.00402853993864883,7,0,0,0.29202777480579
"11745","Lamp5","MPDZ",0.0367484350239111,0.0290555254290118,0.205955292543708,-0.0201993483688396,0.0936962184166619,7,0,0,0.594932208582174
"11746","Lamp5","MED12L",0.00642798377577882,0.0285420713594646,0.821815259416831,-0.049513448132944,0.0623694156845017,7,0,0,0.952295573317031
"11747","Lamp5","ZNF385D",-0.0393037149485364,0.054296685551333,0.469145852626617,-0.145723263109045,0.0671158332119726,7,0.00574344953228022,29.1275159291944,0.804490285569502
"11748","Lamp5","SIK3",-0.0157047584391245,0.0343904959310371,0.647915559361741,-0.0831088918744285,0.0516993749961795,7,0.00144265015007029,17.5520808510247,0.888548314719521
"11749","Lamp5","ADAMTS19",-0.0425730583786154,0.0406627082583658,0.295108620081885,-0.122270502078872,0.0371243853216409,7,2.23330599843625e-07,0.00175304810747339,0.685669064004994
"11750","Lamp5","NFIB",0.0069515491656703,0.0344093676662683,0.839897255771591,-0.0604895721910127,0.0743926705223533,7,0,0,0.958356578693386
"11751","Lamp5","RNF150",0.0432953531391036,0.035107156512546,0.217488324092419,-0.0255134092250973,0.112104115503305,7,0,0,0.607397120257931
"11752","Lamp5","DCAF6",0.000733191863774378,0.029442789485944,0.980132928235858,-0.0569736151330705,0.0584399988606193,7,0,0,0.997093441046833
"11753","Lamp5","RALGPS1",-0.0491313503381355,0.0274162955147266,0.0731250858551293,-0.102866302136507,0.00460360146023568,7,0,0,0.390403081134595
"11754","Lamp5","PPP2R2B",-3.80464879411421e-05,0.0268673141067749,0.998870125422488,-0.0526970144985448,0.0526209215226625,7,0,0,0.999773769742565
"11755","Lamp5","DOCK3",0.025023274454211,0.0258057074055138,0.332206097987865,-0.0255549826561746,0.0756015315645967,7,0,0,0.714284920143272
"11756","Lamp5","TNRC6A",-0.0283833121105806,0.0257845741992655,0.270989573049875,-0.0789201488978417,0.0221535246766804,7,0,0,0.660436988812605
"11757","Lamp5","C1orf21",0.0867149187337981,0.0355840120423786,0.0148134993374048,0.0169715367052966,0.1564583007623,7,0.00201812490662143,23.8971228307118,0.193890854540042
"11758","Lamp5","CDHR3",0.0254691064801214,0.0349435655339055,0.466084866141588,-0.0430190234577484,0.0939572364179912,7,0,0,0.801770557276648
"11759","Lamp5","PPM1E",0.00309143758738576,0.0356792604283566,0.93095351581255,-0.0668386278472184,0.0730215030219899,7,0.00161502949778436,18.3120554155732,0.984877831080086
"11760","Lamp5","ANKS1B",0.0823259756287543,0.0383281004976406,0.0317195266703727,0.00720427905754713,0.157447672199962,7,0.00319993594485669,33.505517053251,0.276858605411434
"11761","Lamp5","KCNH7",0.14224301910041,0.0468465936635493,0.00239455043366884,0.0504253827214714,0.234060655479349,7,0,0,0.0833125240184361
"11762","Lamp5","DMD",0.0298131912415287,0.0347747414372654,0.39126631199705,-0.0383440495472041,0.0979704320302614,7,0,0,0.757880438155608
"11763","Lamp5","FRRS1L",-0.0163789333344337,0.0255267397627525,0.521108073576177,-0.066410423912155,0.0336525572432877,7,0,0,0.831034998252768
"11764","Lamp5","ANKRD12",0.0586557904130968,0.0292588113271968,0.0449927472591947,0.00130957398133848,0.116002006844855,7,0,0,0.319517971777143
"11765","Lamp5","SGCZ",-0.0239938988018157,0.0377694268725669,0.525250350725877,-0.0980206151887661,0.0500328175851347,7,0,0,0.833638877814301
"11766","Lamp5","FNDC3A",0.0905791448953946,0.026187905349502,0.000542555500756192,0.0392517935798268,0.141906496210962,7,0,0,0.0456931072784739
"11767","Lamp5","AP1S2",-0.078433561096519,0.0339388266244867,0.020831336865466,-0.144952438958062,-0.011914683234976,7,0,0,0.228873738680736
"11768","Lamp5","SNAP25",0.0638348828713968,0.0357948335866217,0.0745285907367664,-0.00632170179098643,0.13399146753378,7,0,0,0.394262063860936
"11769","Lamp5","SLIT2",0.143456659868702,0.0674216089555753,0.0333574091625016,0.011312734536031,0.275600585201372,7,9.34945695672892e-06,0.0272801084830503,0.283324755805651
"11770","Lamp5","RB1CC1",0.0516224569374773,0.0232350863070062,0.02630048502783,0.00608252459806538,0.0971623892768892,7,0,0,0.253209266397768
"11771","Lamp5","CACNA1D",0.0664172416602449,0.0287977054150797,0.0210917546618927,0.00997477620929458,0.122859707111195,7,0,0,0.229932811304991
"11772","Lamp5","CLASP1",0.127571897779374,0.0306596868812821,3.16995576031727e-05,0.0674800157147863,0.187663779843962,7,0,0,0.0118918032882607
"11773","Lamp5","MGAT5",0.0394073789368554,0.0396015740849134,0.319689441182848,-0.0382102800006696,0.11702503787438,7,0.00424359467793817,45.0596298075936,0.704062213401684
"11774","Lamp5","ZNF704",0.0750287805727187,0.0327045150058397,0.0217823802295343,0.0109291090294232,0.139128452116014,7,0.000429395178728169,5.31205043901892,0.234469383586859
"11775","Lamp5","SPIRE1",0.0291739220125826,0.0229355722262664,0.203375069007536,-0.0157789735157166,0.0741268175408818,6,6.36483885587014e-05,1.72933959340107,0.593161131697475
"11776","Lamp5","NCALD",-0.0591327225571836,0.0461464530202694,0.200048201006014,-0.149578108491181,0.031312663376814,7,0,0,0.591415610548944
"11777","Lamp5","MAP2",0.139808059426338,0.0351722296331268,7.03923175331462e-05,0.0708717560894372,0.208744362763239,7,0,0,0.0175379526120603
"11778","Lamp5","MTMR7",-0.0173127154710616,0.0251243309192651,0.490771885250803,-0.0665554992084873,0.0319300682663641,7,0,0,0.815933061061596
"11779","Lamp5","RUFY3",0.0354545867646653,0.0273409546298207,0.194714653304643,-0.0181326996127268,0.0890418731420574,7,0.00097144839844194,19.042987438705,0.587583280058094
"11780","Lamp5","RERE",0.0246048083718022,0.0271388379718396,0.364603978982954,-0.0285863366352714,0.0777959533788758,7,0.000784054906611081,15.1065481845606,0.737658430833555
"11781","Lamp5","TRMT11",-0.0245703845311616,0.0347584536659832,0.479635174653254,-0.0926957018747929,0.0435549328124698,7,0.00119895751767438,13.9553309621189,0.810567307823387
"11782","Lamp5","STOX2",0.0262780811781859,0.0395236573032047,0.506133853387368,-0.0511868636733988,0.103743026029771,7,0.00360195616767562,36.4529657382316,0.822824639047686
"11783","Lamp5","UNC13C",0.0203561814889125,0.0451183472061865,0.651864844944149,-0.0680741540771864,0.108786517055011,7,0,0,0.889914575420899
"11784","Lamp5","TTC17",0.0313602747754958,0.0243734777520895,0.198214310250994,-0.016410863796588,0.0791314133475795,7,0,0,0.590236550297945
"11785","Lamp5","ARFGEF3",0.0487078035029724,0.0298488938099931,0.102718952603282,-0.00979495334297461,0.107210560348919,7,0,0,0.453750232103418
"11786","Lamp5","ATXN2",-0.0252573471061056,0.0232176605964468,0.276661046479518,-0.070763125680416,0.0202484314682048,7,0,0,0.666919865923918
"11787","Lamp5","SCG2",0.00153702327049422,0.0567579389191995,0.978395669654448,-0.109706492847861,0.112780539388849,7,0,0,0.997093441046833
"11788","Lamp5","PAFAH1B1",-0.045425032614517,0.0208025542673391,0.0289896203486072,-0.0861972897649416,-0.00465277546409244,7,3.82221228489222e-06,0.106132718858878,0.265227822244642
"11789","Lamp5","CACNA1B",-0.0373649187834279,0.0279825332467326,0.18178002429364,-0.0922096761432185,0.0174798385763626,7,0,0,0.574499817792715
"11790","Lamp5","CDK13",-0.0106092821704202,0.0250303926118069,0.671670832406146,-0.0596679502084591,0.0384493858676188,7,0,0,0.898591731149468
"11791","Lamp5","CPEB4",0.0671201697414712,0.0293223449617876,0.0220767327340142,0.00964942967410799,0.124590909808834,7,0,0,0.235308063071368
"11792","Lamp5","AAK1",0.0471746252942324,0.0219875101233891,0.0319113573867207,0.00407989734268002,0.0902693532457848,7,0,0,0.277345874264384
"11793","Lamp5","TAFA2",-0.0651446806273366,0.0996724092350231,0.513377341958886,-0.260499012980319,0.130209651725646,5,0.0273599967887784,59.7305360571099,0.826138184151139
"11794","Lamp5","CAP2",0.0423497710842178,0.0333755673734802,0.204481930372977,-0.0230651389313935,0.107764681099829,7,0,0,0.593908097926263
"11795","Lamp5","RORA",0.0627594572690732,0.0411273997928393,0.127015646388213,-0.0178487651026719,0.143367679640818,7,0,0,0.490333078882727
"11796","Lamp5","SCAI",-0.0971273656231903,0.0463710849751162,0.0362094604741771,-0.188013022098465,-0.006241709147916,7,0.00437679119544881,30.8359427177621,0.291728958956667
"11797","Lamp5","SENP6",0.0220338925220918,0.0352597911131221,0.532035779171577,-0.047074028162033,0.0911418132062166,7,0.00332841720509287,44.363775383003,0.836835209457292
"11798","Lamp5","NXPH2",-0.0652265869315234,0.0762759484962778,0.392473848459249,-0.21472469887086,0.0842715250078132,7,0.0164415269801824,44.4850895129938,0.758376919328513
"11799","Lamp5","SMARCA2",0.0885248360130766,0.0284124926561242,0.00183508145103722,0.0328373736960644,0.144212298330089,7,0,0,0.0751566406608016
"11800","Lamp5","CADPS",0.0362362179160847,0.0280155839590348,0.195862118811582,-0.0186733176494815,0.0911457534816509,7,1.85822087422844e-07,0.00304904649110316,0.588272573234939
"11801","Lamp5","SV2C",-0.0389677118953423,0.049914435158499,0.434984707861126,-0.13679820711466,0.0588627833239755,7,0.00606894398376308,38.0715106337451,0.783919327619536
"11802","Lamp5","MON2",-0.00751274916032747,0.0247264045768709,0.761253537925281,-0.0559756115981607,0.0409501132775058,7,0,0,0.927177276484799
"11803","Lamp5","ANKRD26",0.0315885032670318,0.0282388119948734,0.263302236152861,-0.0237585512091177,0.0869355577431813,7,0,0,0.653860744816006
"11804","Lamp5","ARHGAP44",-0.0221925737778055,0.0257901848419046,0.389510925712374,-0.0727404072225694,0.0283552596669584,7,6.93659156782905e-07,0.0129483588558565,0.756440591197513
"11805","Lamp5","SYN2",0.0718221604699548,0.0320555948769188,0.0250552438904598,0.00899434900818723,0.134649971931722,7,0,0,0.250179263646175
"11806","Lamp5","BMPR2",-0.00244405216197242,0.0237773895862025,0.918130500377494,-0.049046879397307,0.0441587750733622,7,0,0,0.982043931246892
"11807","Lamp5","DENND5B",0.0625294885304169,0.0252457756377839,0.0132555109432993,0.0130486775185818,0.112010299542252,7,0,0,0.185282376107453
"11808","Lamp5","RALYL",0.164031761812719,0.0481200936453177,0.00065249364067958,0.0697181113352014,0.258345412290236,7,0,0,0.0479117529949025
"11809","Lamp5","ARNT2",-0.0161754614606099,0.0258836585060454,0.53201733761703,-0.0669064999205927,0.034555576999373,7,0.00037828293806849,7.49923823054099,0.836835209457292
"11810","Lamp5","SPAG16",-0.0327988514033778,0.0357112755263072,0.358385809634711,-0.102791665276926,0.0371939624701709,7,0,0,0.734341772748556
"11811","Lamp5","RCAN2",0.00567080465038781,0.0294879151494471,0.847499819014623,-0.0521244470217016,0.0634660563224772,7,0,0,0.959686614486874
"11812","Lamp5","HSP90AB1",0.0175054260344334,0.0563901391203657,0.756230812825764,-0.0930172157246866,0.128028067793553,7,0,0,0.926555528105898
"11813","Lamp5","MYO16",-0.0295854690622662,0.0317476949569429,0.351391591693305,-0.0918098077700381,0.0326388696455057,7,0,0,0.72969127366908
"11814","Lamp5","ZBTB20",0.133616599743222,0.0538698998440044,0.0131250785212531,0.0280335361981931,0.23919966328825,7,0,0,0.185282376107453
"11815","Lamp5","RBMS3",0.139082102907212,0.0518086703957513,0.00726311391562325,0.0375389748446327,0.240625230969791,7,0.0054140175835878,30.4162245284706,0.143332639136862
"11816","Lamp5","MICU1",0.0368382933461323,0.0279608368939246,0.187672390051053,-0.0179639399435586,0.0916405266358233,6,0,0,0.580541674242252
"11817","Lamp5","ADAMTSL3",0.0958407690299091,0.0571007316724255,0.0932591266407575,-0.0160746085389304,0.207756146598749,7,0.00532764276099026,24.3227692757129,0.435876457306665
"11818","Lamp5","HECTD4",-0.00601131045901897,0.0206943652206358,0.771448633363496,-0.0465715209743833,0.0345489000563454,7,0,0,0.93284445313334
"11819","Lamp5","LIMCH1",0.0912503576005237,0.0326139175760079,0.00514366322160103,0.0273282537567904,0.155172461444257,7,0,0,0.122049739022077
"11820","Lamp5","XKR6",-0.00365810757716812,0.0305072100876275,0.904554753977177,-0.063451140617715,0.0561349254633788,7,0,0,0.978961685897185
"11821","Lamp5","RTN1",0.0305035583902119,0.0326423845591963,0.350057882212824,-0.0334743397153192,0.094481456495743,7,0.00145163858936365,20.0775553054668,0.729073879028765
"11822","Lamp5","GRK3",0.0403593339170091,0.0429445117787068,0.347319182239463,-0.0438103625029123,0.124529030336931,7,0.00569555910528356,51.3474300827358,0.727134052964415
"11823","Lamp5","TBC1D5",0.0822895189067914,0.0311298095121019,0.00820703712426511,0.0212762134174793,0.143302824396104,7,0,0,0.150328399543524
"11824","Lamp5","PCSK2",0.0452982272603761,0.0526830897631941,0.389885624933724,-0.0579587312697751,0.148555185790527,7,0.00803585685414451,47.041929878845,0.756630141601695
"11825","Lamp5","PCNX2",0.00500850923047294,0.0239962165644655,0.834666211059196,-0.042023211001103,0.0520402294620489,7,7.44214237228212e-06,0.159284951003091,0.957418626091684
"11826","Lamp5","RALGAPA1",-0.0191432604434688,0.0221300149160341,0.387019008633179,-0.0625172926562299,0.0242307717692922,7,0,0,0.755827226879962
"11827","Lamp5","UNC5C",0.022281160001448,0.0446807867522342,0.618008853506054,-0.0652915728338454,0.109853892836741,7,0,0,0.877171519419501
"11828","Lamp5","NTRK3",0.0432311625875298,0.0645044843966198,0.50272776295246,-0.0831953036711709,0.16965762884623,7,0.0178241997793598,71.0779165598859,0.822278216591144
"11829","Lamp5","PAK3",0.0589502908838866,0.0353921029964244,0.0957863303517423,-0.0104169563262374,0.128317538094011,7,0.00237032187614142,28.9984457829768,0.440757225740906
"11830","Lamp5","BCAS3",0.025906999724976,0.0304132105782418,0.394306362099475,-0.0337017976626105,0.0855157971125625,7,0,0,0.75908083400383
"11831","Lamp5","FHIT",0.113823353222976,0.0467361314926273,0.0148734191587188,0.0222222187206985,0.205424487725254,6,1.91940830143252e-06,0.0137257790286991,0.194231828614248
"11832","Lamp5","TRAF3IP2-AS1",0.0108175444751382,0.0318079293090978,0.733789088545317,-0.0515248513934895,0.0731599403437659,7,0,0,0.920044423350121
"11833","Lamp5","MT-ND2",0.0878425347172549,0.114910270811567,0.444602345736047,-0.13737745752716,0.31306252696167,6,0.0241336851321682,33.157901894129,0.789927121179229
"11834","Lamp5","PRR16",0.0106071375353308,0.0470514898655771,0.821639482373896,-0.0816120880201516,0.102826363090813,7,0.00212263904138643,13.5161284612985,0.952295573317031
"11835","Lamp5","FTO",0.0469001344990458,0.0381576822363848,0.219029135052235,-0.0278875484177923,0.121687817415884,7,0.00385402721931622,42.987272216803,0.608563630437471
"11836","Lamp5","WDFY3",-0.0272094482717716,0.0253772282170801,0.283630490407555,-0.0769479016047023,0.0225290050611591,7,0.000365962587837591,7.64854235374213,0.67313605349053
"11837","Lamp5","CACNA1E",0.0365722588864494,0.0383150556606472,0.339823501719624,-0.0385238702740668,0.111668388046965,7,0.000978663834088843,9.0624064870123,0.720558378912232
"11838","Lamp5","TANC2",0.0298822528988552,0.0283446775031779,0.291770465816463,-0.0256722941607763,0.0854367999584867,7,2.85350292189037e-06,0.0460366993902296,0.681644123010079
"11839","Lamp5","ASTN1",0.00709107655815048,0.0262989502403645,0.787442267451408,-0.044453918744175,0.058636071860476,7,0,0,0.938643357904296
"11840","Lamp5","MT-ND3",0.275111217322961,0.152110899076545,0.0705096472577413,-0.0230206665230741,0.573243101168996,6,0.0464295564600964,37.2696717776238,0.385313666944408
"11841","Lamp5","NCOA2",0.123811509264252,0.0304785147666268,4.86008745965669e-05,0.0640747180193916,0.183548300509113,7,0,0,0.014365296134931
"11842","Lamp5","GNAQ",0.0981871516921393,0.0343677383534329,0.0042772373823519,0.030827622289315,0.165546681094964,7,0.00144732901480231,17.6647870390155,0.110733744220427
"11843","Lamp5","CTNNA3",0.00436321288994242,0.0606956745161382,0.942692059517792,-0.114598123179054,0.123324548958939,7,0,0,0.987704077428883
"11844","Lamp5","THRB",0.113526738020232,0.0340833978441533,0.000865807662154368,0.0467245057749416,0.180328970265523,7,0,0,0.054585113815654
"11845","Lamp5","JMJD1C",-0.00897154791028035,0.0237078446768278,0.70511781958036,-0.0554380696279325,0.0374949738073718,7,0.000308319043443231,7.33066093079778,0.910144531473291
"11846","Lamp5","ZEB2",-0.04388925553981,0.041004058671452,0.284455636520245,-0.124255733755823,0.0364772226762032,7,0,0,0.674025154972382
"11847","Lamp5","PRICKLE2",0.0703927556733322,0.0335066794818309,0.0356534855723927,0.00472087064741639,0.136064640699248,7,0,0,0.290275837467776
"11848","Lamp5","SPOCK1",0.0205758754981041,0.0270347835169413,0.446603929070345,-0.0324113265249378,0.0735630775211461,7,0,0,0.790781224126778
"11849","Lamp5","PTPRD",0.0633627722397248,0.0463905884283075,0.171984783337162,-0.0275611103013784,0.154286654780828,7,0.00479267733937177,34.5802607169398,0.56276410520658
"11850","Lamp5","FRY",0.0650487137492599,0.0368430778564513,0.0774694715048728,-0.00716239192898982,0.13725981942751,7,0.00204066816791897,22.1929029039471,0.402980872275119
"11851","Lamp5","NYAP2",-0.0210599277370798,0.0380328616829396,0.579763798487575,-0.0956029668646348,0.0534831113904752,7,0,0,0.858378677238391
"11852","Lamp5","UBE2E2",0.0540368924790812,0.0329324132111875,0.100830181235321,-0.0105094513388375,0.118583236297,7,0,0,0.450271895964603
"11853","Lamp5","XKR4",-0.0283171223752704,0.0321953030717342,0.379107452079977,-0.0914187568672212,0.0347845121166805,7,0,0,0.749131860446869
"11854","Lamp5","EXT1",-0.0480036545030276,0.0312879180212127,0.124966854302917,-0.109326846975846,0.0133195379697909,7,0,0,0.487277016827056
"11855","Lamp5","CCDC88A",-0.0251722656727564,0.027355568610258,0.357474529721146,-0.0787881949254764,0.0284436635799637,7,0,0,0.733660185504581
"11856","Lamp5","SSH2",7.99235060790269e-05,0.0407814285439567,0.998436305617504,-0.0798502076781698,0.0800100546903279,7,0.00370286562683229,34.0301281387001,0.999773769742565
"11857","Lamp5","TTC3",-0.0215782061246276,0.0273848317153767,0.430718947295995,-0.0752514900094562,0.032095077760201,7,0.00120617974991009,24.2746104390184,0.782421831476114
"11858","Lamp5","TMEM108",0.0602339361100948,0.0357557514466804,0.0920668662724697,-0.00984604896556465,0.130313921185754,7,0,0,0.433746227847181
"11859","Lamp5","CPEB3",0.0593866945943219,0.0312622793860813,0.0574819830778177,-0.00188624707702651,0.12065963626567,7,0.000748038243756619,10.5196649721398,0.353796724460948
"11860","Lamp5","ALK",0.00871993708017726,0.0342012346315981,0.798754212898706,-0.058313251024559,0.0757531251849136,7,0,0,0.943887713826619
"11861","Lamp5","DYNC1I1",0.0447373508000689,0.0424631920568691,0.292086242526291,-0.0384889763000018,0.12796367790014,7,0.0051472046895005,47.472660850275,0.682104935436812
"11862","Lamp5","NRXN1",0.0714928922085277,0.0350763939621571,0.0415294053232675,0.00274442333516159,0.140241361081894,7,0,0,0.31056698860774
"11863","Lamp5","UNC79",0.0282295454470825,0.0283060447435335,0.318620164756535,-0.0272492827950224,0.0837083736891874,7,0,0,0.703281386180029
"11864","Lamp5","GPR158",0.0550883676075029,0.0343653574426374,0.108930159450867,-0.0122664952959118,0.122443230510918,7,0.00168192318743279,20.841051196777,0.463734401407849
"11865","Lamp5","ANK2",0.0922006296457499,0.0294115127140371,0.00171943022040418,0.0345551239953954,0.149846135296104,7,0,0,0.0727215420469265
"11866","Lamp5","ZMAT4",-0.0020871550886496,0.0333926669654056,0.950161957569601,-0.067535579688585,0.0633612695112857,7,0,0,0.989979687277824
"11867","Lamp5","GRIP1",-0.0119313815044069,0.0349404590086765,0.732744120772918,-0.0804134227647109,0.0565506597558971,7,0,0,0.919666801398003
"11868","Lamp5","MT-ND1",0.0483415467685766,0.123859333265751,0.69631920637036,-0.194418285581439,0.291101379118592,6,0.030015121228812,36.1683293949233,0.906391554342484
"11869","Lamp5","SRPK2",0.0174724841713555,0.0228750484083527,0.444972830943261,-0.0273617868536261,0.0623067551963372,7,0.000244380920937874,6.03306866334525,0.789998528095377
"11870","Lamp5","ATRNL1",0.0237635250012191,0.0499656707512786,0.634361486140004,-0.0741673901346733,0.121694440137111,7,0.00618166207067482,36.8982213090055,0.883274563016695
"11871","Lamp5","MYRIP",0.070624443858718,0.0331767658318847,0.0332764377882246,0.00559917770470492,0.135649710012731,7,0,0,0.283240512106319
"11872","Lamp5","USP34",0.000557204403195764,0.0223776390512721,0.980134684789161,-0.0433021621963346,0.0444165710027262,7,0,0,0.997093441046833
"11873","Lamp5","HERC1",0.00710723505804414,0.0211576108321817,0.73693224878684,-0.0343609201719465,0.0485753902880347,7,0,0,0.921463278270996
"11874","Lamp5","DNM3",0.110522068125658,0.0321171628704637,0.000579107814403779,0.0475735856139423,0.173470550637374,7,0,0,0.0464802037077502
"11875","Lamp5","WWP1",0.148626761431927,0.0739099874593959,0.044334351352555,0.00376584791370374,0.29348767495015,7,0.0222224962852247,65.2868286404877,0.317637901128817
"11876","Lamp5","SLC6A1",-0.0243648170704204,0.0329280643806443,0.459335939071427,-0.0889026373370994,0.0401730031962587,7,0,0,0.799114769561592
"11877","Lamp5","ADAM22",0.0123629717106878,0.0240603412707376,0.60736949849397,-0.0347944306357005,0.0595203740570762,7,0,0,0.871554095571081
"11878","Lamp5","FRMD4A",0.0114916217605621,0.0361795923478794,0.750767757093457,-0.0594190762166223,0.0824023197377466,7,0,0,0.925975950944022
"11879","Lamp5","FRMPD4",0.0675441944991295,0.0346476305827869,0.0512404305649646,-0.000363913592781401,0.13545230259104,7,0,0,0.338554866920669
"11880","Lamp5","CAMTA1",0.00490432320945744,0.0245820785912917,0.841865326425827,-0.0432756654946073,0.0530843119135222,7,0,0,0.958821007634427
"11881","Lamp5","PDZRN3",0.0993966855863451,0.0503440948138287,0.0483423609775686,0.000724072916971213,0.198069298255719,7,0.00469750536687901,27.7366261299793,0.328369581480014
"11882","Lamp5","RAPGEF4",0.000584694289190507,0.0250880706101936,0.981406449108751,-0.0485870205483868,0.0497564091267678,7,0.000118758945135922,2.44880001917268,0.997296915565468
"11883","Lamp5","HIVEP3",-0.0296539443670364,0.0299616146298833,0.32230552784645,-0.088377629960276,0.0290697412262031,7,0,0,0.706734763099365
"11884","Lamp5","REV3L",0.0560734372958063,0.0276364249510699,0.0424614928653393,0.00190703973026516,0.110239834861347,7,0.000888326828200268,16.7254872122758,0.311414764914034
"11885","Lamp5","SBF2",0.0539390886975222,0.0257416969236227,0.0361356670380536,0.00348628982627633,0.104391887568768,7,0,0,0.291728958956667
"11886","Lamp5","PIP5K1B",-0.040967963044812,0.037697441257064,0.27714415868125,-0.114853590217972,0.0329176641283478,7,0,0,0.667240100134662
"11887","Lamp5","PEX5L",0.0404137893807331,0.0374843281081827,0.280966094710684,-0.0330541436959875,0.113881722457454,7,6.02989841210175e-08,0.000546515512620622,0.670330017986544
"11888","Lamp5","MAP7",0.104650848036022,0.0251030779938784,3.06146721925508e-05,0.0554497192669203,0.153851976805124,7,0,0,0.0118918032882607
"11889","Lamp5","AHI1",-0.126188693264015,0.0332393850540497,0.000146835842306801,-0.191336690838211,-0.0610406956898183,7,0,0,0.0251144329005997
"11890","Lamp5","PPFIA2",0.0737619589482355,0.0354833502581545,0.0376378866940637,0.00421587039143274,0.143308047505038,7,0.00065245168884038,7.00592890312716,0.297496025759622
"11891","Lamp5","SCN1A",-0.00964281716958956,0.0263970713012907,0.714888410834467,-0.0613801262174552,0.0420944918782761,7,0,0,0.914305209849174
"11892","Lamp5","SOX5",0.102537416641676,0.0432113166298251,0.0176476224004031,0.0178447923226623,0.18723004096069,7,0,0,0.213179713420626
"11893","Lamp5","AFF3",0.12439529674125,0.0379134146141496,0.00103426363350004,0.050086369566582,0.198704223915917,7,0.00120623374338257,11.7227347043331,0.0573576821673018
"11894","Lamp5","MALAT1",-0.0589258793173774,0.0443725799919305,0.184184859016511,-0.145894538002684,0.0280427793679291,7,0.00226766771061217,16.4657459398401,0.576523989350531
"11895","Lamp5","MBD5",0.0799836590088919,0.0284262994960411,0.00489718014192823,0.0242691357829022,0.135698182234882,7,0,0,0.118940373775356
"11896","Lamp5","ARID1B",0.0761291493459692,0.0414135461911559,0.0660230925167664,-0.00503990966078229,0.157298208352721,7,0.00341575844991786,30.1447286034969,0.373672580884055
"11897","Lamp5","CDK14",0.0384170174613685,0.0392349382661136,0.327504262125167,-0.0384820484758665,0.115316083398604,7,0.00256345109890909,24.6406021994903,0.710412234133167
"11898","Lamp5","HECW2",-0.0275934502815131,0.0325098279363946,0.396007854900452,-0.0913115421804406,0.0361246416174144,7,0,0,0.760604933378185
"11899","Lamp5","SYNE1",0.0813455439764846,0.0375083854082256,0.0301032222196031,0.00783045945811481,0.154860628494854,7,0.00261353776335394,28.4625439193356,0.269410856803269
"11900","Lamp5","NRCAM",0.00623548824925589,0.0226762522867637,0.78333253916161,-0.0382091495371449,0.0506801260356567,7,0,0,0.937537413514181
"11901","Lamp5","MT-ND4",0.12768253975084,0.107398630439751,0.234492549453138,-0.0828149079,0.33817998740168,6,0.0108928597205849,15.3902413068617,0.624982482484974
"11902","Lamp5","AKAP6",0.0227884699491693,0.0396413387561401,0.565381719499118,-0.054907126311817,0.100484066210156,7,0.00349215088633056,34.8310782711496,0.852935819308762
"11903","Lamp5","SAMD12",0.0248496246981917,0.0320389180250499,0.437980778319319,-0.0379455007345372,0.0876447501309206,7,0,0,0.786576382027442
"11904","Lamp5","MDGA2",0.0737923868616469,0.0385679468968397,0.0557085495252204,-0.00179940001381235,0.149384173737106,7,0,0,0.349772367716056
"11905","Lamp5","LRRC7",0.097613174931981,0.0378067995859812,0.00982595645378751,0.023513209372734,0.171713140491228,7,0.000854317340167547,8.22102334786829,0.16411016766817
"11906","Lamp5","ERC2",-0.0011111034512232,0.0344666571085528,0.974283007520599,-0.0686645100514782,0.0664423031490318,7,0.00106750756460322,12.5983107474529,0.997093441046833
"11907","Lamp5","GAD2",-0.0860812952698395,0.0390337503772589,0.0274327524119221,-0.162586040190794,-0.00957655034888534,7,0,0,0.258681646846994
"11908","Lamp5","DGKB",0.0284322178969238,0.0361605440283354,0.431705000153366,-0.0424411460599884,0.099305581853836,7,0,0,0.78284776371624
"11909","Lamp5","DOCK10",0.00379682157504097,0.0308283631413811,0.901980390219091,-0.056625659884388,0.06421930303447,7,0,0,0.977956078464346
"11910","Lamp5","MT-ATP6",0.127558611417509,0.0978042162048249,0.192157200575173,-0.0641341298801167,0.319251352715134,6,0,0,0.586077011394669
"11911","Lamp5","WWOX",-0.00295835723894226,0.037323810415263,0.936824286659149,-0.0761116814186586,0.0701949669407741,7,0.000219048041671405,2.04262468600332,0.986142275678281
"11912","Lamp5","RIMS2",0.0530768516265956,0.0310365531237859,0.0872399836134377,-0.00775367470028899,0.11390737795348,7,0,0,0.422560941285177
"11913","Lamp5","FTX",-0.0242116051575665,0.025823723942181,0.348464313720398,-0.074825174030946,0.0264019637158131,7,5.69082753341297e-06,0.10648352026577,0.728037164182781
"11914","Lamp5","MT-CO3",0.0138597697131919,0.118604624697607,0.906973446576948,-0.218601023094008,0.246320562520392,6,0.0270656027621257,35.1319174698342,0.9796328980865
"11915","Lamp5","SLC8A1",0.0837020554277889,0.043127153288842,0.052280075463899,-0.00082561177407961,0.168229722629657,7,0.00216324825491204,16.6869713674074,0.340717941402054
"11916","Lamp5","RBFOX1",0.0471828461849846,0.0321329510611267,0.142005563881626,-0.0157965806118119,0.110162272981781,7,3.95237946981464e-06,0.050487665279521,0.518231473439234
"11917","Lamp5","DAB1",-0.0259903138156059,0.0287495157480169,0.365981539479643,-0.0823383292546862,0.0303577016234744,7,0,0,0.738111055599518
"11918","Lamp5","SYT1",0.0597510467877504,0.0376559766312254,0.112566714733721,-0.0140533112121333,0.133555404787634,7,0.00168133378934302,16.9534581931354,0.467912875043646
"11919","Lamp5","GRIA4",0.106555179649451,0.0352336964115218,0.00249258017739926,0.0374984036406497,0.175611955658252,7,0,0,0.0842055546370559
"11920","Lamp5","NRXN3",0.162400068534677,0.0478709476984631,0.000692691364628734,0.0685747351398887,0.256225401929465,7,0.00547125419919388,36.4502848027025,0.0490959965091081
"11921","Lamp5","PER1",-0.0177371126720116,0.168038842716339,0.915936503614057,-0.347087192399827,0.311612967055804,6,0.105422657299732,75.4846467343785,0.980776880683932
"11922","Lamp5","NOL3",0.0555566754157081,0.114751631553304,0.62828144090024,-0.169352389595979,0.280465740427395,6,0.0352907357809726,52.4061825876714,0.88191549991279
"11923","Lamp5","CNOT2",0.0795049760936293,0.0353537421455685,0.0245225575562348,0.0102129147695992,0.148797037417659,6,0.00131639141547225,17.4555199638973,0.247481236974694
"11924","Lamp5","RPL6",-0.0466210164391514,0.0905291944717466,0.606564742938908,-0.224054977153197,0.130812944274894,6,0.0169354612190347,36.2710666900458,0.870998335861623
"11925","Lamp5","N4BP1",0.0275222441774047,0.0280024994662504,0.325681487624731,-0.0273616462535483,0.0824061346083576,6,8.77300257248507e-05,1.68911642761066,0.708794342220958
"11926","Lamp5","PGLS",-0.120608601880353,0.0664611818218403,0.0695665658706736,-0.250870124621128,0.00965292086042221,6,0,0,0.382863937404919
"11927","Lamp5","FADS6",-0.141826640858491,0.0637090950778477,0.0260034643349971,-0.266694172698711,-0.0169591090182718,6,0,0,0.252137263510121
"11928","Lamp5","RAB5B",0.0748590005764361,0.0488590736366697,0.125487590405192,-0.0209030240694268,0.170621025222299,6,0.00423332842863862,32.195323050996,0.487700427066708
"11929","Lamp5","TDRD12",0.0529259786304411,0.107096231343441,0.621171394376875,-0.156978777682674,0.262830734943556,5,0,0,0.877876235565238
"11930","Lamp5","ELFN2",0.0757668414271334,0.0928734635350488,0.414610407314452,-0.106261802221056,0.257795485075323,5,3.34899049002353e-06,0.00679226310053093,0.772206678128822
"11931","Lamp5","POU3F3",-0.099801863951247,0.0445206768026589,0.0249809672506728,-0.187060787051806,-0.0125429408506878,6,2.86554258586551e-06,0.0215103848973988,0.250179263646175
"11932","Lamp5","OAS1",-0.0372006546857135,0.111821961808327,0.739377708526909,-0.256367672510648,0.181966363139221,5,3.34516801184253e-06,0.00469262603819764,0.922461680774363
"11933","Lamp5","CDR2",-0.00046626869881586,0.0313939122638573,0.988150093693423,-0.0619972060697865,0.0610646686721548,6,0.000204316047403148,3.03086249118513,0.997660360530152
"11934","Lamp5","SIRT6",0.0139118669656035,0.0639615111756146,0.827815804008819,-0.111450391335357,0.139274125266564,6,0,0,0.954801237292379
"11935","Lamp5","APBA3",0.158324044628011,0.081617149024562,0.0523993846156179,-0.00164262798096909,0.318290717236991,5,0.00328545216859845,9.2255563404678,0.341076677540984
"11936","Lamp5","MCAM",-0.111574651485826,0.115957478510798,0.33594756541572,-0.338847133105067,0.115697830133415,5,0,0,0.717302587286027
"11937","Lamp5","SP7",-0.168269879409921,0.102838840951598,0.101787630016152,-0.369830303886897,0.0332905450670539,5,0,0,0.452519801993738
"11938","Lamp5","TINF2",-0.0143313771120285,0.132478254916464,0.913853631065034,-0.273983985483015,0.245321231258957,5,0.0356694904081357,44.4901019358641,0.980734315041589
"11939","Lamp5","SPNS2",-0.0335447037736236,0.0382200486832304,0.380121215330804,-0.108454622680123,0.0413652151328755,6,0,0,0.750399655264528
"11940","Lamp5","ZNF761",0.124101919107054,0.0683156141098053,0.0692788892144538,-0.00979422412990086,0.257998062344009,6,0,0,0.382681864256653
"11941","Lamp5","ZNF304",-0.0841728179744802,0.0779955040320008,0.280498179545036,-0.23704119683325,0.0686955608842899,6,0.00715411938930065,19.7455382067034,0.670241513052811
"11942","Lamp5","NUDT7",0.11635280956426,0.0686330748160094,0.0900208514178193,-0.0181655452233612,0.250871164351882,6,5.60388701678764e-06,0.0173991003331895,0.429242368179912
"11943","Lamp5","SPATA7",-0.0231957930407644,0.0454328683789624,0.609665545932221,-0.112242578777879,0.0658509926963506,6,0.00198914396790716,15.8152030399448,0.873067927649794
"11944","Lamp5","TMEM59L",-0.0651993382904392,0.046668267915856,0.162389292742538,-0.156667462626383,0.0262687860455047,6,0,0,0.547972221193005
"11945","Lamp5","RNF126",-0.0102455079467674,0.058063569871294,0.859937841821246,-0.124048013708329,0.103556997814794,6,0.00147022298162585,6.53392884338141,0.96479616864265
"11946","Lamp5","OSBPL7",-0.0382836958436338,0.0620171079270937,0.537031176570861,-0.159834993806071,0.0832676021188034,6,0,0,0.839104775803267
"11947","Lamp5","POU6F1",-0.116005068720613,0.0551588935370984,0.0354563956431816,-0.224114513480405,-0.00789562396082125,6,0.00850048038034648,53.6127571704791,0.290275837467776
"11948","Lamp5","ZC3H4",0.0117510093763708,0.0615676328883555,0.848632594769458,-0.10891933369819,0.132421352450931,6,0.00681548823918699,31.9647448764839,0.960210404787944
"11949","Lamp5","FBXO27",-0.0442515456573811,0.0518138197269934,0.393077789503937,-0.145804766223739,0.0573016749089768,6,0,0,0.758726026112857
"11950","Lamp5","RNF213",-0.0823686499827491,0.0589768971042679,0.162526158894287,-0.197961244227039,0.0332239442615406,6,0,0,0.548279360850995
"11951","Lamp5","PTPN21",-0.00929716760398238,0.0472707769224018,0.844078770010519,-0.101946187893117,0.0833518526851523,6,0,0,0.959421815061179
"11952","Lamp5","THOP1",-0.03919222790614,0.043650995770806,0.369263308841251,-0.12474660750623,0.04636215169395,6,1.66237850698601e-06,0.0125967506365532,0.741486873434852
"11953","Lamp5","SUGP1",-0.0998482095494267,0.0537275421483207,0.0631097358698633,-0.205152257137993,0.00545583803913957,6,0.00426281554195808,25.7137269736923,0.368880416064367
"11954","Lamp5","ZNF737",-0.0534668200288248,0.0404977273834425,0.18675407320637,-0.132840907156094,0.025907267098444,6,0,0,0.579579406254291
"11955","Lamp5","SS18",-0.00845585330411964,0.0336951402804782,0.801851439143396,-0.0744971147078817,0.0575854080996424,6,0,0,0.944855784876921
"11956","Lamp5","USP36",-0.0525525520343031,0.0357337420520482,0.141380310355329,-0.122589399489162,0.0174842954205559,6,0.000279512038096179,3.28204345419607,0.517370603286225
"11957","Lamp5","ZNF273",0.0119856353395771,0.035637767818473,0.736630812291616,-0.0578631060740306,0.0818343767531848,6,0,0,0.921463278270996
"11958","Lamp5","EML5",-0.00316848359614277,0.0300655772492604,0.916069717973034,-0.0620959321791,0.0557589649868144,6,6.61140931848259e-08,0.0010812370597779,0.980776880683932
"11959","Lamp5","GAS7",-0.0399399243950191,0.0378851865583258,0.291774919783309,-0.114193525596919,0.0343136768068804,6,0.00285727977639415,35.7022891287634,0.681644123010079
